E6.5 E7.5 0.03902908 0.2296473 0.07901586 0.1699523 0.4939399 0.3885726 0.6799585 0.6218262 -0.8480405 0 0.5299315
E6.5 E6.75 0.07116175 0.8076963 0.2574406 0.0881046 0.2764201 -0.6992713 0.04197464 -0.713623 0.7142525 0 -0.6998882
E6.5 E7.75 0.04662411 0.2743364 0.09229423 0.1699523 0.5051682 0.3885726 0.6799585 0.6218262 -0.8480405 0 0.5299315
E6.5 E7.0 0.04730015 0.3185631 0.1110954 0.1484797 0.4257615 0.5879577 0.4657104 0.661377 -0.7473717 0 0.6644062
E6.5 E8.0 0.03567608 0.2034153 0.0859718 0.1753854 0.4149742 0.1616692 0.6826405 0.7126465 -0.9752203 0 0.221236
E6.5 E8.5 0.03546521 0.3932054 0.09012304 0.09019512 0.3935199 -0.7757705 0.1610866 -0.6101075 0.6181808 0 -0.7860359
E6.5 mixed_gastrulation 0.02954361 0.2404845 0.07657962 0.1228504 0.3857895 -0.5096062 0.3214729 -0.7980956 0.8428343 0 -0.5381731
E6.5 E7.25 0.02985826 0.2034229 0.07662287 0.1467792 0.3896782 0.3112836 0.3075646 0.8991699 -0.9449755 0 0.327141
E6.5 E8.25 0.03989581 0.2347471 0.09535272 0.1699523 0.4184025 0.3885726 0.6799585 0.6218262 -0.8480405 0 0.5299315
E7.5 E6.75 0.1025776 0.2288501 0.2882375 0.4482305 0.3558787 0.1469421 0.2871984 0.9465332 -0.9881634 0 0.1534049
E7.5 E7.75 0.3991165 0.9948617 0.8678331 0.4011779 0.4599001 -0.5862943 0.3557959 -0.7277831 0.7787411 0 -0.6273454
E7.5 E7.0 0.3017561 0.695285 0.8250048 0.4340035 0.3657629 0.5024322 0.0140817 0.864502 -0.8645877 0 0.502482
E7.5 E8.0 0.3687315 0.8024666 0.8738737 0.4594976 0.4219506 -0.5826156 0.7354451 0.3459473 -0.5105597 0 -0.8598422
E7.5 E8.5 0.2465005 0.5100026 0.773792 0.4833318 0.3185617 -0.3696506 0.8703147 0.3254394 -0.660796 0 -0.7505656
E7.5 mixed_gastrulation 0.3836744 0.9484298 0.9971848 0.4045364 0.3847575 -0.5981973 0.2967343 -0.7443848 0.7794931 0 -0.6264108
E7.5 E7.25 0.1565073 0.3540801 0.4331073 0.442011 0.3613592 0.5269197 0.05848553 0.8479004 -0.8493543 0 0.5278232
E7.5 E8.25 0.3479241 0.7566435 0.8322803 0.4598256 0.4180371 -0.6449888 0.6895802 0.3293458 -0.4547659 0 -0.890611
E6.75 E7.75 0.03289828 0.09090102 0.06486639 0.3619132 0.5071699 -0.5321614 0.03431349 0.8459473 -0.8464457 0 -0.532475
E6.75 E7.0 0.03651288 0.1058716 0.08377323 0.3448791 0.4358538 -0.05869447 0.9598884 -0.2741699 0.9778435 0 -0.2093373
E6.75 E8.0 0.1020622 0.2987368 0.2106951 0.341646 0.4844071 0.05644158 0.06422738 0.9963379 -0.9983993 0 0.05655836
E6.75 E8.5 0.1827465 0.5474663 0.5410083 0.3338041 0.3377888 -0.4054347 0.9100524 -0.08618169 0.2079207 0 -0.9781457
E6.75 mixed_gastrulation 0.2501149 0.9362386 0.6461761 0.2671487 0.3870693 -0.6278604 0.3383663 -0.7009277 0.7448639 0 -0.6672165
E6.75 E7.25 0.2558371 0.9854072 0.7696768 0.2596257 0.3323954 -0.7141909 0.164195 -0.6804199 0.6897817 0 -0.7240174
E6.75 E8.25 0.2310953 0.8000858 0.5070922 0.2888381 0.4557263 -0.9505232 0.07280494 -0.3020019 0.3028055 0 -0.9530524
E7.75 E7.0 0.08729412 0.1703005 0.2322672 0.5125887 0.3758349 -0.4165192 0.07526719 0.9060059 -0.9085831 0 -0.417704
E7.75 E8.0 0.3913882 0.865084 0.9727558 0.452428 0.4023499 -0.302533 0.7210979 0.623291 -0.8996263 0 -0.4366606
E7.75 E8.5 0.2759906 0.5686863 0.9302018 0.4853125 0.2966997 -0.1548562 0.881759 0.4455566 -0.9445757 0 -0.3282937
E7.75 mixed_gastrulation 0.3838147 0.8413165 0.97371 0.4562073 0.3941776 -0.7712917 0.2299131 -0.5935058 0.6098428 0 -0.7925224
E7.75 E7.25 0.114629 0.2428522 0.3129441 0.4720114 0.3662921 0.3177997 0.1334422 0.9387207 -0.9471918 0 0.3206675
E7.75 E8.25 0.3706787 0.8093905 0.9390945 0.4579726 0.3947193 -0.272651 0.7549345 0.5964355 -0.9094775 0 -0.4157532
E7.0 E8.0 0.09400633 0.2534844 0.1909235 0.3708565 0.4923769 -0.1010978 0.1390777 0.9851074 -0.9947752 0 -0.10209
E7.0 E8.5 0.2246109 0.5372096 0.703896 0.4181067 0.3190968 -0.316601 0.9206824 0.2282715 -0.5848425 0 -0.8111469
E7.0 mixed_gastrulation 0.2692758 0.7540807 0.645299 0.3570915 0.4172885 0.2073021 0.003277564 0.9782715 -0.9782767 0 0.2073032
E7.0 E7.25 0.3278289 0.9252676 0.9985266 0.3543071 0.3283127 -0.7129178 0.2260386 -0.6638184 0.6814556 0 -0.7318596
E7.0 E8.25 0.2948659 0.857426 0.5863084 0.3438966 0.5029195 0.9493241 0.09356618 -0.3000488 0.3013709 0 0.953507
E8.0 E8.5 0.2830502 0.7094606 0.9545322 0.3989654 0.2965329 -0.06470911 0.8149356 0.5759277 -0.9937472 0 -0.1116538
E8.0 mixed_gastrulation 0.359301 0.851524 0.7912969 0.4219506 0.454066 -0.5826156 0.7354451 0.3459473 -0.5105597 0 -0.8598422
E8.0 E7.25 0.08391141 0.1777648 0.2150147 0.472036 0.3902589 -0.1828817 0.3147298 0.9313965 -0.981263 0 -0.1926731
E8.0 E8.25 0.3711118 0.9376973 0.9618846 0.3957693 0.3858174 -0.1398858 0.7641905 0.6296387 -0.9761982 0 -0.2168804
E8.5 mixed_gastrulation 0.2394803 0.7517549 0.5038965 0.3185617 0.4752569 -0.3696506 0.8703147 0.3254394 -0.660796 0 -0.7505656
E8.5 E7.25 0.2501035 0.7216644 0.7240438 0.3465648 0.3454259 -0.4342819 0.4295744 -0.7917481 0.8767669 0 -0.4809155
E8.5 E8.25 0.2932919 0.9903775 0.7688538 0.2961415 0.3814664 0.02749461 0.7712104 0.6359863 -0.9990668 0 0.04319112
mixed_gastrulation E7.25 0.1688191 0.3825278 0.4517184 0.4413251 0.3737264 0.343151 0.1787279 0.9221191 -0.9372096 0 0.3487667
mixed_gastrulation E8.25 0.3402283 0.7498565 0.8138712 0.4537246 0.4180371 -0.6449888 0.6895802 0.3293458 -0.4547659 0 -0.890611
E7.25 E8.25 0.3025972 0.8629536 0.6758547 0.3506529 0.4477252 -0.8905784 0.104649 -0.4426269 0.4450707 0 -0.8954954
