E6.5 E7.5 0.1157336 0.4162944 0.2559425 0.278009 0.4521859 0.3860915 0.1394099 0.9118652 -0.9208577 0 0.389899
E6.5 E6.75 0.1796597 0.9925694 0.688704 0.1810047 0.2608664 -0.7129178 0.2260386 -0.6638184 0.6814556 0 -0.7318596
E6.5 E7.75 0.03243568 0.0965035 0.06395426 0.3361088 0.5071699 -0.5321614 0.03431349 0.8459473 -0.8464457 0 -0.532475
E6.5 E7.0 0.07436004 0.267722 0.1767166 0.2777509 0.4207869 -0.7547564 0.6039485 -0.2561035 0.321325 0 -0.946969
E6.5 E8.0 0.08437855 0.2676985 0.1658917 0.3151999 0.5086364 -0.163272 0.004171492 0.9865723 -0.9865808 0 -0.1632735
E6.5 E8.5 0.1175717 0.6206976 0.3057153 0.1894186 0.3845789 -0.7444654 0.3630869 -0.5603027 0.6013411 0 -0.7989924
E6.5 mixed_gastrulation 0.05433234 0.2713582 0.1368235 0.2002237 0.3970979 -0.497538 0.3764611 -0.7814941 0.8435522 0 -0.5370472
E6.5 E7.25 0.08977184 0.3386279 0.1937691 0.2651047 0.4632928 -0.2636377 0.9229329 -0.2805175 0.7286909 0 -0.6848428
E6.5 E8.25 0.1485453 0.747958 0.3215736 0.1986011 0.4619324 0.9097187 0.06916691 0.4094238 -0.4104066 0 0.9119026
E7.5 E6.75 0.1033237 0.2305147 0.2897266 0.4482305 0.3566249 0.1469421 0.2871984 0.9465332 -0.9881634 0 0.1534049
E7.5 E7.75 0.3991165 0.9948617 0.8678331 0.4011779 0.4599001 -0.5862943 0.3557959 -0.7277831 0.7787411 0 -0.6273454
E7.5 E7.0 0.3385644 0.7472242 0.8318289 0.4530961 0.4070121 0.2448073 0.2269885 0.942627 -0.9678914 0 0.2513687
E7.5 E8.0 0.3687315 0.8024666 0.8738737 0.4594976 0.4219506 -0.5826156 0.7354451 0.3459473 -0.5105597 0 -0.8598422
E7.5 E8.5 0.2465005 0.5100026 0.773792 0.4833318 0.3185617 -0.3696506 0.8703147 0.3254394 -0.660796 0 -0.7505656
E7.5 mixed_gastrulation 0.3896648 0.9721158 0.9958244 0.400842 0.3912987 -0.5427951 0.368638 -0.7546386 0.8118121 0 -0.5839188
E7.5 E7.25 0.1483817 0.3296016 0.3887367 0.4501851 0.3817024 0.5880368 0.08416376 0.8044434 -0.8073078 0 0.5901307
E7.5 E8.25 0.3548592 0.7722765 0.8323439 0.4594976 0.4263373 -0.5826156 0.7354451 0.3459473 -0.5105597 0 -0.8598422
E6.75 E7.75 0.03401322 0.09369307 0.06706473 0.3630281 0.5071699 -0.5321614 0.03431349 0.8459473 -0.8464457 0 -0.532475
E6.75 E7.0 0.03651288 0.1058716 0.08377323 0.3448791 0.4358538 -0.05869447 0.9598884 -0.2741699 0.9778435 0 -0.2093373
E6.75 E8.0 0.1026227 0.2998853 0.2118521 0.3422064 0.4844071 0.05644158 0.06422738 0.9963379 -0.9983993 0 0.05655836
E6.75 E8.5 0.1827465 0.5474663 0.5410083 0.3338041 0.3377888 -0.4054347 0.9100524 -0.08618169 0.2079207 0 -0.9781457
E6.75 mixed_gastrulation 0.1048039 0.2988656 0.2401143 0.3506722 0.4364749 0.1419002 0.2285514 0.9631348 -0.9893203 0 0.1457581
E6.75 E7.25 0.2170463 0.5610221 0.484639 0.3868765 0.4478515 0.2351575 0.7522547 0.6154785 -0.9341391 0 0.356909
E6.75 E8.25 0.1555688 0.4498903 0.3187818 0.3457928 0.4880103 -0.04784778 0.9858916 -0.1604004 0.9582729 0 -0.2858549
E7.75 E7.0 0.08156577 0.1617862 0.2188533 0.5041577 0.3726961 -0.03431653 0.01693172 0.9992676 -0.9994109 0 -0.03432145
E7.75 E8.0 0.3913882 0.865084 0.9727558 0.452428 0.4023499 -0.302533 0.7210979 0.623291 -0.8996263 0 -0.4366606
E7.75 E8.5 0.2759906 0.5686863 0.9302018 0.4853125 0.2966997 -0.1548562 0.881759 0.4455566 -0.9445757 0 -0.3282937
E7.75 mixed_gastrulation 0.3908308 0.8478211 0.998804 0.4609826 0.3912987 -0.5427951 0.368638 -0.7546386 0.8118121 0 -0.5839188
E7.75 E7.25 0.1303725 0.2762062 0.3412574 0.4720114 0.3820356 0.3177997 0.1334422 0.9387207 -0.9471918 0 0.3206675
E7.75 E8.25 0.378634 0.8267612 0.9402977 0.4579726 0.4026746 -0.272651 0.7549345 0.5964355 -0.9094775 0 -0.4157532
E7.0 E8.0 0.3111906 0.8655661 0.6273839 0.3595226 0.496013 0.9493241 0.09356618 -0.3000488 0.3013709 0 0.953507
E7.0 E8.5 0.2319217 0.5486808 0.7180448 0.4226896 0.3229905 -0.3039544 0.9395002 0.1579589 -0.461129 0 -0.8873331
E7.0 mixed_gastrulation 0.358239 0.9964296 0.7918355 0.3595226 0.4524159 0.9493241 0.09356618 -0.3000488 0.3013709 0 0.953507
E7.0 E7.25 0.3342626 0.9183557 0.9986215 0.3639795 0.334724 -0.7129178 0.2260386 -0.6638184 0.6814556 0 -0.7318596
E7.0 E8.25 0.3029678 0.8285796 0.6082929 0.3656471 0.4980623 -0.9523458 0.08232213 0.2937012 -0.2947015 0 -0.9555894
E8.0 E8.5 0.2830502 0.7094606 0.9545322 0.3989654 0.2965329 -0.06470911 0.8149356 0.5759277 -0.9937472 0 -0.1116538
E8.0 mixed_gastrulation 0.3625576 0.8592418 0.7927827 0.4219506 0.4573228 -0.5826156 0.7354451 0.3459473 -0.5105597 0 -0.8598422
E8.0 E7.25 0.1259184 0.2687386 0.335959 0.4685534 0.3748027 0.2810331 0.09154117 0.9553223 -0.9593503 0 0.282218
E8.0 E8.25 0.344772 0.7719792 0.784937 0.4466079 0.4392353 -0.881541 0.4480838 -0.1486816 0.1663121 0 -0.9860732
E8.5 mixed_gastrulation 0.2425423 0.7613669 0.5062336 0.3185617 0.4791114 -0.3696506 0.8703147 0.3254394 -0.660796 0 -0.7505656
E8.5 E7.25 0.2542469 0.7336202 0.7266389 0.3465648 0.3498945 -0.4342819 0.4295744 -0.7917481 0.8767669 0 -0.4809155
E8.5 E8.25 0.2925987 0.9520007 0.7317033 0.3073514 0.3998871 0.03156806 0.6609611 0.7497559 -0.9991148 0 0.04206718
mixed_gastrulation E7.25 0.1739659 0.4224737 0.494458 0.4117791 0.3518314 -0.4117157 0.4792058 -0.7751464 0.8831539 0 -0.4690834
mixed_gastrulation E8.25 0.3491728 0.7664223 0.8197316 0.455588 0.4259599 -0.6449888 0.6895802 0.3293458 -0.4547659 0 -0.890611
E7.25 E8.25 0.2633665 0.710638 0.5057166 0.3706057 0.5207788 0.4764947 0.5609111 -0.6770019 0.8177575 0 0.5755628
