Endothelial.cells Definitive.erythroid.lineage 0 0 0 0.002253989 0.004745785 -0.03431653 0.01693172 0.9992676 -0.9994109 0 -0.03432145
Endothelial.cells Neural.progenitor.cells 0 0 0 0.002253989 0.01198373 -0.03431653 0.01693172 0.9992676 -0.9994109 0 -0.03432145
Endothelial.cells Connective.tissue.progenitors 0 0 0 0.002253989 0.02236142 -0.03431653 0.01693172 0.9992676 -0.9994109 0 -0.03432145
Endothelial.cells Sensory.neurons 0 0 0 0.002253989 0.005385009 -0.03431653 0.01693172 0.9992676 -0.9994109 0 -0.03432145
Endothelial.cells Ependymal.cell 0 0 0 0.002253989 0.06795943 -0.03431653 0.01693172 0.9992676 -0.9994109 0 -0.03432145
Endothelial.cells Limb.mesenchyme 0 0 0 0.002253989 0.009341039 -0.03431653 0.01693172 0.9992676 -0.9994109 0 -0.03432145
Endothelial.cells Epithelial.cells 0 0 0 0.002218048 0.008814523 -0.1153257 0.02846082 0.9929199 -0.9933223 0 -0.1153724
Endothelial.cells Chondrocytes.&.osteoblasts 0 0 0 0.002253989 0.03040153 -0.03431653 0.01693172 0.9992676 -0.9994109 0 -0.03432145
Endothelial.cells Early.mesenchyme 0 0 0 0.002253989 0.04112178 -0.03431653 0.01693172 0.9992676 -0.9994109 0 -0.03432145
Endothelial.cells Melanocytes 0 0 0 0.002299439 0.1519949 -0.153338 0.1360763 0.9787598 -0.9879493 0 -0.1547777
Endothelial.cells Radial.glia 0 0 0 0.002253989 0.02025882 -0.03431653 0.01693172 0.9992676 -0.9994109 0 -0.03432145
Endothelial.cells Neural.Tube 0 0 0 0.002253989 0.02253703 -0.03431653 0.01693172 0.9992676 -0.9994109 0 -0.03432145
Endothelial.cells Schwann.cell.precursor 0 0 0 0.002253989 0.003154111 -0.03431653 0.01693172 0.9992676 -0.9994109 0 -0.03432145
Endothelial.cells Myocytes 0 0 0 0.002291514 0.03071884 0.04742682 0.01380628 0.9987793 -0.9988745 0 0.04743133
Endothelial.cells Excitatory.neurons 0 0 0 0.002253989 0.02198385 -0.03431653 0.01693172 0.9992676 -0.9994109 0 -0.03432145
Endothelial.cells Oligodendrocyte.Progenitors 0 0 0 0.002253989 0.03078399 -0.03431653 0.01693172 0.9992676 -0.9994109 0 -0.03432145
Endothelial.cells Intermediate.Mesoderm 0 0 0 0.002253989 0.02668738 -0.03431653 0.01693172 0.9992676 -0.9994109 0 -0.03432145
Endothelial.cells Jaw.and.tooth.progenitors 0 0 0 0.002253989 0.02435421 -0.03431653 0.01693172 0.9992676 -0.9994109 0 -0.03432145
Endothelial.cells Inhibitory.neurons 0 0 0 0.002253989 0.007609356 -0.03431653 0.01693172 0.9992676 -0.9994109 0 -0.03432145
Endothelial.cells Primitive.erythroid.lineage 0 0 0 0.002253989 0.002981651 -0.03431653 0.01693172 0.9992676 -0.9994109 0 -0.03432145
Endothelial.cells Inhibitory.interneurons 0 0 0 0.002253989 0.001448381 -0.03431653 0.01693172 0.9992676 -0.9994109 0 -0.03432145
Endothelial.cells Osteoblasts 0 0 0 0.002291514 0.05427226 0.04742682 0.01380628 0.9987793 -0.9988745 0 0.04743133
Endothelial.cells Lens 0 0 0 0.002343701 0.001765315 0.05644158 0.06422738 0.9963379 -0.9983993 0 0.05655836
Endothelial.cells Chondroctye.progenitors 0 0 0 0.002253989 0.01328498 -0.03431653 0.01693172 0.9992676 -0.9994109 0 -0.03432145
Endothelial.cells Postmitotic.premature.neurons 0 0 0 0.002253989 0.01124883 -0.03431653 0.01693172 0.9992676 -0.9994109 0 -0.03432145
Endothelial.cells Stromal.cells 0 0 0 0.002253989 0.03335301 -0.03431653 0.01693172 0.9992676 -0.9994109 0 -0.03432145
Endothelial.cells Inhibitory.neuron.progenitors 0 0 0 0.002253989 0.008056986 -0.03431653 0.01693172 0.9992676 -0.9994109 0 -0.03432145
Endothelial.cells Cholinergic.neurons 0 0 0 0.002253989 0.001089789 -0.03431653 0.01693172 0.9992676 -0.9994109 0 -0.03432145
Endothelial.cells Granule.neurons 0 0 0 0.002253989 0.00376108 -0.03431653 0.01693172 0.9992676 -0.9994109 0 -0.03432145
Endothelial.cells Notochord.cells 0 0 0 0.002253989 0.01060617 -0.03431653 0.01693172 0.9992676 -0.9994109 0 -0.03432145
Endothelial.cells Premature.oligodendrocyte 0 0 0 0.002253989 0.007188325 -0.03431653 0.01693172 0.9992676 -0.9994109 0 -0.03432145
Endothelial.cells Isthmic.organizer.cells 0 0 0 0.002253989 0.0317396 -0.03431653 0.01693172 0.9992676 -0.9994109 0 -0.03432145
Endothelial.cells White.blood.cells 0 0 0 0.002253989 0.002590924 -0.03431653 0.01693172 0.9992676 -0.9994109 0 -0.03432145
Endothelial.cells Cardiac.muscle.lineages 0 0 0 0.002253989 0.008608644 -0.03431653 0.01693172 0.9992676 -0.9994109 0 -0.03432145
Endothelial.cells Megakaryocytes 0 0 0 0.002253989 0.00192634 -0.03431653 0.01693172 0.9992676 -0.9994109 0 -0.03432145
Endothelial.cells Hepatocytes 0 0 0 0.002253989 0.0009431213 -0.03431653 0.01693172 0.9992676 -0.9994109 0 -0.03432145
Definitive.erythroid.lineage Neural.progenitor.cells 0 0 0 0.004745785 0.01198373 -0.03431653 0.01693172 0.9992676 -0.9994109 0 -0.03432145
Definitive.erythroid.lineage Connective.tissue.progenitors 0 0 0 0.004745785 0.02236142 -0.03431653 0.01693172 0.9992676 -0.9994109 0 -0.03432145
Definitive.erythroid.lineage Sensory.neurons 0 0 0 0.004745785 0.005385009 -0.03431653 0.01693172 0.9992676 -0.9994109 0 -0.03432145
Definitive.erythroid.lineage Ependymal.cell 0 0 0 0.004745785 0.06795943 -0.03431653 0.01693172 0.9992676 -0.9994109 0 -0.03432145
Definitive.erythroid.lineage Limb.mesenchyme 0 0 0 0.004745785 0.009341039 -0.03431653 0.01693172 0.9992676 -0.9994109 0 -0.03432145
Definitive.erythroid.lineage Epithelial.cells 0 0 0 0.004745785 0.009134956 -0.03431653 0.01693172 0.9992676 -0.9994109 0 -0.03432145
Definitive.erythroid.lineage Chondrocytes.&.osteoblasts 0 0 0 0.004745785 0.03040153 -0.03431653 0.01693172 0.9992676 -0.9994109 0 -0.03432145
Definitive.erythroid.lineage Early.mesenchyme 0 0 0 0.004745785 0.04112178 -0.03431653 0.01693172 0.9992676 -0.9994109 0 -0.03432145
Definitive.erythroid.lineage Melanocytes 0 0 0 0.004745785 0.1463241 -0.03431653 0.01693172 0.9992676 -0.9994109 0 -0.03432145
Definitive.erythroid.lineage Radial.glia 0 0 0 0.004745785 0.02025882 -0.03431653 0.01693172 0.9992676 -0.9994109 0 -0.03432145
Definitive.erythroid.lineage Neural.Tube 0 0 0 0.004745785 0.02253703 -0.03431653 0.01693172 0.9992676 -0.9994109 0 -0.03432145
Definitive.erythroid.lineage Schwann.cell.precursor 0 0 0 0.004745785 0.003154111 -0.03431653 0.01693172 0.9992676 -0.9994109 0 -0.03432145
Definitive.erythroid.lineage Myocytes 0 0 0 0.004745785 0.03059819 -0.03431653 0.01693172 0.9992676 -0.9994109 0 -0.03432145
Definitive.erythroid.lineage Excitatory.neurons 0 0 0 0.004745785 0.02198385 -0.03431653 0.01693172 0.9992676 -0.9994109 0 -0.03432145
Definitive.erythroid.lineage Oligodendrocyte.Progenitors 0 0 0 0.004745785 0.03078399 -0.03431653 0.01693172 0.9992676 -0.9994109 0 -0.03432145
Definitive.erythroid.lineage Intermediate.Mesoderm 0 0 0 0.004745785 0.02668738 -0.03431653 0.01693172 0.9992676 -0.9994109 0 -0.03432145
Definitive.erythroid.lineage Jaw.and.tooth.progenitors 0 0 0 0.004745785 0.02435421 -0.03431653 0.01693172 0.9992676 -0.9994109 0 -0.03432145
Definitive.erythroid.lineage Inhibitory.neurons 0 0 0 0.004745785 0.007609356 -0.03431653 0.01693172 0.9992676 -0.9994109 0 -0.03432145
Definitive.erythroid.lineage Primitive.erythroid.lineage 0 0 0 0.004745785 0.002981651 -0.03431653 0.01693172 0.9992676 -0.9994109 0 -0.03432145
Definitive.erythroid.lineage Inhibitory.interneurons 0 0 0 0.004745785 0.001448381 -0.03431653 0.01693172 0.9992676 -0.9994109 0 -0.03432145
Definitive.erythroid.lineage Osteoblasts 0 0 0 0.004745785 0.05549468 -0.03431653 0.01693172 0.9992676 -0.9994109 0 -0.03432145
Definitive.erythroid.lineage Lens 0 0 0 0.004745785 0.002083486 -0.03431653 0.01693172 0.9992676 -0.9994109 0 -0.03432145
Definitive.erythroid.lineage Chondroctye.progenitors 0 0 0 0.004745785 0.01328498 -0.03431653 0.01693172 0.9992676 -0.9994109 0 -0.03432145
Definitive.erythroid.lineage Postmitotic.premature.neurons 0 0 0 0.004745785 0.01124883 -0.03431653 0.01693172 0.9992676 -0.9994109 0 -0.03432145
Definitive.erythroid.lineage Stromal.cells 0 0 0 0.004745785 0.03335301 -0.03431653 0.01693172 0.9992676 -0.9994109 0 -0.03432145
Definitive.erythroid.lineage Inhibitory.neuron.progenitors 0 0 0 0.004745785 0.008056986 -0.03431653 0.01693172 0.9992676 -0.9994109 0 -0.03432145
Definitive.erythroid.lineage Cholinergic.neurons 0 0 0 0.004745785 0.001089789 -0.03431653 0.01693172 0.9992676 -0.9994109 0 -0.03432145
Definitive.erythroid.lineage Granule.neurons 0 0 0 0.004745785 0.00376108 -0.03431653 0.01693172 0.9992676 -0.9994109 0 -0.03432145
Definitive.erythroid.lineage Notochord.cells 0 0 0 0.004745785 0.01060617 -0.03431653 0.01693172 0.9992676 -0.9994109 0 -0.03432145
Definitive.erythroid.lineage Premature.oligodendrocyte 0 0 0 0.004745785 0.007188325 -0.03431653 0.01693172 0.9992676 -0.9994109 0 -0.03432145
Definitive.erythroid.lineage Isthmic.organizer.cells 0 0 0 0.004745785 0.0317396 -0.03431653 0.01693172 0.9992676 -0.9994109 0 -0.03432145
Definitive.erythroid.lineage White.blood.cells 0.0004167328 0.110524 0.2837346 0.003770518 0.001468742 0.7939824 0.2347453 -0.560791 0.5769117 0 0.8168065
Definitive.erythroid.lineage Cardiac.muscle.lineages 0 0 0 0.004745785 0.008608644 -0.03431653 0.01693172 0.9992676 -0.9994109 0 -0.03432145
Definitive.erythroid.lineage Megakaryocytes 9.962556E-05 0.02296915 0.1990677 0.004337365 0.0005004606 0.6386738 0.5821614 -0.5031737 0.6188541 0 0.785506
Definitive.erythroid.lineage Hepatocytes 0 0 0 0.004745785 0.0009431213 -0.03431653 0.01693172 0.9992676 -0.9994109 0 -0.03432145
Neural.progenitor.cells Connective.tissue.progenitors 0 0 0 0.01198373 0.02236142 -0.03431653 0.01693172 0.9992676 -0.9994109 0 -0.03432145
Neural.progenitor.cells Sensory.neurons 0 0 0 0.01198373 0.005385009 -0.03431653 0.01693172 0.9992676 -0.9994109 0 -0.03432145
Neural.progenitor.cells Ependymal.cell 0.006456899 0.4407363 0.1068063 0.01465026 0.06045429 0.05119072 0.1727043 0.9836426 -0.9986485 0 0.05197166
Neural.progenitor.cells Limb.mesenchyme 0 0 0 0.01198373 0.009341039 -0.03431653 0.01693172 0.9992676 -0.9994109 0 -0.03432145
Neural.progenitor.cells Epithelial.cells 0 0 0 0.01198373 0.009134956 -0.03431653 0.01693172 0.9992676 -0.9994109 0 -0.03432145
Neural.progenitor.cells Chondrocytes.&.osteoblasts 0 0 0 0.01198373 0.03040153 -0.03431653 0.01693172 0.9992676 -0.9994109 0 -0.03432145
Neural.progenitor.cells Early.mesenchyme 0 0 0 0.01198373 0.04112178 -0.03431653 0.01693172 0.9992676 -0.9994109 0 -0.03432145
Neural.progenitor.cells Melanocytes 0 0 0 0.01198373 0.1463241 -0.03431653 0.01693172 0.9992676 -0.9994109 0 -0.03432145
Neural.progenitor.cells Radial.glia 0.00450547 0.2229286 0.2238982 0.02021037 0.02012285 0.1624936 0.4333112 0.8864746 -0.9836118 0 0.1802992
Neural.progenitor.cells Neural.Tube 0.00637669 0.3406612 0.2796821 0.01871857 0.02279978 -0.3015137 0.3448446 -0.888916 0.9470055 0 -0.3212173
Neural.progenitor.cells Schwann.cell.precursor 0 0 0 0.01198373 0.003154111 -0.03431653 0.01693172 0.9992676 -0.9994109 0 -0.03432145
Neural.progenitor.cells Myocytes 0 0 0 0.01198373 0.03059819 -0.03431653 0.01693172 0.9992676 -0.9994109 0 -0.03432145
Neural.progenitor.cells Excitatory.neurons 0 0 0 0.01977399 0.02392027 0.09868176 0.4314393 0.8967285 -0.9939993 0 0.1093861
Neural.progenitor.cells Oligodendrocyte.Progenitors 0.0009969507 0.0308879 0.03797518 0.03227641 0.02625269 0.652684 0.7532557 -0.08129881 0.1236056 0 0.9923314
Neural.progenitor.cells Intermediate.Mesoderm 0 0 0 0.01198373 0.02668738 -0.03431653 0.01693172 0.9992676 -0.9994109 0 -0.03432145
Neural.progenitor.cells Jaw.and.tooth.progenitors 0 0 0 0.01198373 0.02435421 -0.03431653 0.01693172 0.9992676 -0.9994109 0 -0.03432145
Neural.progenitor.cells Inhibitory.neurons 0 0 0 0.01345138 0.007412305 0.05644158 0.06422738 0.9963379 -0.9983993 0 0.05655836
Neural.progenitor.cells Primitive.erythroid.lineage 0 0 0 0.01198373 0.002981651 -0.03431653 0.01693172 0.9992676 -0.9994109 0 -0.03432145
Neural.progenitor.cells Inhibitory.interneurons 0 0 0 0.01198373 0.001448381 -0.03431653 0.01693172 0.9992676 -0.9994109 0 -0.03432145
Neural.progenitor.cells Osteoblasts 0 0 0 0.01198373 0.05549468 -0.03431653 0.01693172 0.9992676 -0.9994109 0 -0.03432145
Neural.progenitor.cells Lens 0 0 0 0.01198373 0.002083486 -0.03431653 0.01693172 0.9992676 -0.9994109 0 -0.03432145
Neural.progenitor.cells Chondroctye.progenitors 0 0 0 0.01198373 0.01328498 -0.03431653 0.01693172 0.9992676 -0.9994109 0 -0.03432145
Neural.progenitor.cells Postmitotic.premature.neurons 0.004216746 0.2213476 0.3723326 0.01905034 0.01132521 -0.3377508 0.01175879 -0.9411621 0.9412272 0 -0.3377742
Neural.progenitor.cells Stromal.cells 0 0 0 0.01198373 0.03335301 -0.03431653 0.01693172 0.9992676 -0.9994109 0 -0.03432145
Neural.progenitor.cells Inhibitory.neuron.progenitors 0.0002406577 0.01232093 0.02034261 0.01953242 0.01183023 -0.09642142 0.457371 0.8840332 -0.9941044 0 -0.1084269
Neural.progenitor.cells Cholinergic.neurons 0 0 0 0.01198373 0.001089789 -0.03431653 0.01693172 0.9992676 -0.9994109 0 -0.03432145
Neural.progenitor.cells Granule.neurons 0.001206313 0.07403743 0.177549 0.01629328 0.006794254 -0.003033328 0.2775952 0.9606934 -0.9999951 0 -0.00315742
Neural.progenitor.cells Notochord.cells 9.957351E-06 0.0003122776 0.001075038 0.03188622 0.009262326 -0.7829322 0.617924 -0.07202146 0.09160264 0 -0.9957957
Neural.progenitor.cells Premature.oligodendrocyte 0 0 0 0.01198373 0.007188325 -0.03431653 0.01693172 0.9992676 -0.9994109 0 -0.03432145
Neural.progenitor.cells Isthmic.organizer.cells 0.0002753092 0.01004861 0.01096286 0.02739774 0.0251129 -0.6427491 0.2189187 -0.7341309 0.7523813 0 -0.6587279
Neural.progenitor.cells White.blood.cells 0 0 0 0.01198373 0.002590924 -0.03431653 0.01693172 0.9992676 -0.9994109 0 -0.03432145
Neural.progenitor.cells Cardiac.muscle.lineages 0 0 0 0.01198373 0.008608644 -0.03431653 0.01693172 0.9992676 -0.9994109 0 -0.03432145
Neural.progenitor.cells Megakaryocytes 0 0 0 0.01198373 0.00192634 -0.03431653 0.01693172 0.9992676 -0.9994109 0 -0.03432145
Neural.progenitor.cells Hepatocytes 0 0 0 0.01198373 0.0009431213 -0.03431653 0.01693172 0.9992676 -0.9994109 0 -0.03432145
Connective.tissue.progenitors Sensory.neurons 0 0 0 0.02236142 0.005385009 -0.03431653 0.01693172 0.9992676 -0.9994109 0 -0.03432145
Connective.tissue.progenitors Ependymal.cell 0 0 0 0.02439895 0.0571863 -0.6510513 0.0009098255 0.7590332 -0.7590335 0 -0.6510516
Connective.tissue.progenitors Limb.mesenchyme 0 0 0 0.02053061 0.008379243 0.6600751 0.02648859 0.7507324 -0.750996 0 0.6603068
Connective.tissue.progenitors Epithelial.cells 0 0 0 0.02236142 0.009134956 -0.03431653 0.01693172 0.9992676 -0.9994109 0 -0.03432145
Connective.tissue.progenitors Chondrocytes.&.osteoblasts 0.01517961 0.6621178 0.5452265 0.02292584 0.02784093 0.2612621 0.7539194 -0.6027833 0.9175245 0 0.3976792
Connective.tissue.progenitors Early.mesenchyme 0.00567149 0.2284493 0.2431655 0.02482603 0.02332358 0.3648725 0.8397523 -0.4020996 0.7405564 0 0.6719943
Connective.tissue.progenitors Melanocytes 0.005162036 0.2147417 0.04830812 0.02403835 0.1068565 -0.3424574 0.7893737 0.5095215 -0.8299571 0 -0.5578272
Connective.tissue.progenitors Radial.glia 0 0 0 0.02236142 0.02025882 -0.03431653 0.01693172 0.9992676 -0.9994109 0 -0.03432145
Connective.tissue.progenitors Neural.Tube 0 0 0 0.02236142 0.02253703 -0.03431653 0.01693172 0.9992676 -0.9994109 0 -0.03432145
Connective.tissue.progenitors Schwann.cell.precursor 0 0 0 0.02236142 0.003154111 -0.03431653 0.01693172 0.9992676 -0.9994109 0 -0.03432145
Connective.tissue.progenitors Myocytes 0 0 0 0.02063976 0.02851351 0.4518901 0.03573929 0.8913574 -0.8919272 0 0.452179
Connective.tissue.progenitors Excitatory.neurons 0 0 0 0.02236142 0.02198385 -0.03431653 0.01693172 0.9992676 -0.9994109 0 -0.03432145
Connective.tissue.progenitors Oligodendrocyte.Progenitors 0 0 0 0.02236142 0.03078399 -0.03431653 0.01693172 0.9992676 -0.9994109 0 -0.03432145
Connective.tissue.progenitors Intermediate.Mesoderm 0.009633333 0.3850935 0.3190829 0.02501557 0.03019069 0.6027172 0.7614708 -0.2385254 0.3679816 0 0.9298331
Connective.tissue.progenitors Jaw.and.tooth.progenitors 0.008645516 0.4278424 0.3302534 0.02020724 0.02617843 0.5880368 0.08416376 0.8044434 -0.8073078 0 0.5901307
Connective.tissue.progenitors Inhibitory.neurons 0 0 0 0.02236142 0.007609356 -0.03431653 0.01693172 0.9992676 -0.9994109 0 -0.03432145
Connective.tissue.progenitors Primitive.erythroid.lineage 0 0 0 0.02236142 0.002981651 -0.03431653 0.01693172 0.9992676 -0.9994109 0 -0.03432145
Connective.tissue.progenitors Inhibitory.interneurons 0 0 0 0.02236142 0.001448381 -0.03431653 0.01693172 0.9992676 -0.9994109 0 -0.03432145
Connective.tissue.progenitors Osteoblasts 0.001340591 0.05522967 0.01467273 0.02427302 0.09136619 -0.8770314 0.4739171 0.07885744 -0.08955278 0 -0.9959821
Connective.tissue.progenitors Lens 0 0 0 0.02236142 0.002083486 -0.03431653 0.01693172 0.9992676 -0.9994109 0 -0.03432145
Connective.tissue.progenitors Chondroctye.progenitors 0.003155624 0.1286153 0.1769825 0.02453538 0.01783014 -0.7485833 0.6556267 -0.09887694 0.1309481 0 -0.9913893
Connective.tissue.progenitors Postmitotic.premature.neurons 0 0 0 0.02236142 0.01124883 -0.03431653 0.01693172 0.9992676 -0.9994109 0 -0.03432145
Connective.tissue.progenitors Stromal.cells 0.005900696 0.268251 0.2220416 0.02199692 0.02657473 0.04745076 0.6406596 -0.7663574 0.9980887 0 0.06179893
Connective.tissue.progenitors Inhibitory.neuron.progenitors 0 0 0 0.02236142 0.008056986 -0.03431653 0.01693172 0.9992676 -0.9994109 0 -0.03432145
Connective.tissue.progenitors Cholinergic.neurons 0 0 0 0.02236142 0.001089789 -0.03431653 0.01693172 0.9992676 -0.9994109 0 -0.03432145
Connective.tissue.progenitors Granule.neurons 0 0 0 0.02236142 0.00376108 -0.03431653 0.01693172 0.9992676 -0.9994109 0 -0.03432145
Connective.tissue.progenitors Notochord.cells 0 0 0 0.02236142 0.01060617 -0.03431653 0.01693172 0.9992676 -0.9994109 0 -0.03432145
Connective.tissue.progenitors Premature.oligodendrocyte 0 0 0 0.02236142 0.007188325 -0.03431653 0.01693172 0.9992676 -0.9994109 0 -0.03432145
Connective.tissue.progenitors Isthmic.organizer.cells 0 0 0 0.02236142 0.0317396 -0.03431653 0.01693172 0.9992676 -0.9994109 0 -0.03432145
Connective.tissue.progenitors White.blood.cells 0 0 0 0.02236142 0.002590924 -0.03431653 0.01693172 0.9992676 -0.9994109 0 -0.03432145
Connective.tissue.progenitors Cardiac.muscle.lineages 0 0 0 0.02086617 0.008148492 0.3547372 0.01683701 0.9348145 -0.934947 0 0.3547874
Connective.tissue.progenitors Megakaryocytes 0 0 0 0.02236142 0.00192634 -0.03431653 0.01693172 0.9992676 -0.9994109 0 -0.03432145
Connective.tissue.progenitors Hepatocytes 0 0 0 0.02236142 0.0009431213 -0.03431653 0.01693172 0.9992676 -0.9994109 0 -0.03432145
Sensory.neurons Ependymal.cell 0 0 0 0.005719826 0.05956589 0.1193396 0.1608564 0.9797363 -0.992663 0 0.1209141
Sensory.neurons Limb.mesenchyme 0 0 0 0.005385009 0.009341039 -0.03431653 0.01693172 0.9992676 -0.9994109 0 -0.03432145
Sensory.neurons Epithelial.cells 0 0 0 0.005385009 0.009134956 -0.03431653 0.01693172 0.9992676 -0.9994109 0 -0.03432145
Sensory.neurons Chondrocytes.&.osteoblasts 0 0 0 0.005385009 0.03040153 -0.03431653 0.01693172 0.9992676 -0.9994109 0 -0.03432145
Sensory.neurons Early.mesenchyme 0 0 0 0.005385009 0.04112178 -0.03431653 0.01693172 0.9992676 -0.9994109 0 -0.03432145
Sensory.neurons Melanocytes 0 0 0 0.005556225 0.1370277 0.05644158 0.06422738 0.9963379 -0.9983993 0 0.05655836
Sensory.neurons Radial.glia 0 0 0 0.005385009 0.02025882 -0.03431653 0.01693172 0.9992676 -0.9994109 0 -0.03432145
Sensory.neurons Neural.Tube 0 0 0 0.005345901 0.02232584 -0.01288601 0.06498964 0.9978027 -0.9999166 0 -0.01291331
Sensory.neurons Schwann.cell.precursor 0 0 0 0.005385009 0.003154111 -0.03431653 0.01693172 0.9992676 -0.9994109 0 -0.03432145
Sensory.neurons Myocytes 0 0 0 0.005385009 0.03059819 -0.03431653 0.01693172 0.9992676 -0.9994109 0 -0.03432145
Sensory.neurons Excitatory.neurons 0.0001642373 0.02487218 0.01091479 0.006603253 0.01504723 -0.7781975 0.3314252 -0.5334472 0.5654029 0 -0.8248148
Sensory.neurons Oligodendrocyte.Progenitors 0 0 0 0.005238506 0.0301955 -0.153338 0.1360763 0.9787598 -0.9879493 0 -0.1547777
Sensory.neurons Intermediate.Mesoderm 0 0 0 0.005385009 0.02668738 -0.03431653 0.01693172 0.9992676 -0.9994109 0 -0.03432145
Sensory.neurons Jaw.and.tooth.progenitors 0 0 0 0.005385009 0.02435421 -0.03431653 0.01693172 0.9992676 -0.9994109 0 -0.03432145
Sensory.neurons Inhibitory.neurons 0 0 0 0.005385009 0.007609356 -0.03431653 0.01693172 0.9992676 -0.9994109 0 -0.03432145
Sensory.neurons Primitive.erythroid.lineage 0 0 0 0.005385009 0.002981651 -0.03431653 0.01693172 0.9992676 -0.9994109 0 -0.03432145
Sensory.neurons Inhibitory.interneurons 0 0 0 0.005385009 0.001448381 -0.03431653 0.01693172 0.9992676 -0.9994109 0 -0.03432145
Sensory.neurons Osteoblasts 0 0 0 0.005385009 0.05549468 -0.03431653 0.01693172 0.9992676 -0.9994109 0 -0.03432145
Sensory.neurons Lens 0 0 0 0.005385009 0.002083486 -0.03431653 0.01693172 0.9992676 -0.9994109 0 -0.03432145
Sensory.neurons Chondroctye.progenitors 0 0 0 0.005385009 0.01328498 -0.03431653 0.01693172 0.9992676 -0.9994109 0 -0.03432145
Sensory.neurons Postmitotic.premature.neurons 0 0 0 0.005385009 0.01124883 -0.03431653 0.01693172 0.9992676 -0.9994109 0 -0.03432145
Sensory.neurons Stromal.cells 0 0 0 0.005385009 0.03335301 -0.03431653 0.01693172 0.9992676 -0.9994109 0 -0.03432145
Sensory.neurons Inhibitory.neuron.progenitors 0 0 0 0.005385009 0.008056986 -0.03431653 0.01693172 0.9992676 -0.9994109 0 -0.03432145
Sensory.neurons Cholinergic.neurons 0 0 0 0.005385009 0.001089789 -0.03431653 0.01693172 0.9992676 -0.9994109 0 -0.03432145
Sensory.neurons Granule.neurons 0 0 0 0.005385009 0.00376108 -0.03431653 0.01693172 0.9992676 -0.9994109 0 -0.03432145
Sensory.neurons Notochord.cells 0 0 0 0.005385009 0.01060617 -0.03431653 0.01693172 0.9992676 -0.9994109 0 -0.03432145
Sensory.neurons Premature.oligodendrocyte 0 0 0 0.005540199 0.007068966 -0.1153257 0.02846082 0.9929199 -0.9933223 0 -0.1153724
Sensory.neurons Isthmic.organizer.cells 0 0 0 0.005643514 0.03079296 0.09383775 0.2090669 0.9733887 -0.9953853 0 0.09595829
Sensory.neurons White.blood.cells 0 0 0 0.005385009 0.002590924 -0.03431653 0.01693172 0.9992676 -0.9994109 0 -0.03432145
Sensory.neurons Cardiac.muscle.lineages 0 0 0 0.005385009 0.008608644 -0.03431653 0.01693172 0.9992676 -0.9994109 0 -0.03432145
Sensory.neurons Megakaryocytes 0 0 0 0.005385009 0.00192634 -0.03431653 0.01693172 0.9992676 -0.9994109 0 -0.03432145
Sensory.neurons Hepatocytes 0 0 0 0.005385009 0.0009431213 -0.03431653 0.01693172 0.9992676 -0.9994109 0 -0.03432145
Ependymal.cell Limb.mesenchyme 0.0002431664 0.002325833 0.02869401 0.1045502 0.008474466 -0.4117157 0.4792058 -0.7751464 0.8831539 0 -0.4690834
Ependymal.cell Epithelial.cells 0 0 0 0.06795943 0.009134956 -0.03431653 0.01693172 0.9992676 -0.9994109 0 -0.03432145
Ependymal.cell Chondrocytes.&.osteoblasts 0.003014751 0.03990881 0.1038266 0.07554099 0.0290364 0.7617019 0.3416418 -0.5505371 0.5857835 0 0.8104675
Ependymal.cell Early.mesenchyme 0.0046251 0.05496305 0.1356951 0.08414925 0.03408451 0.5887786 0.3586571 -0.7243652 0.7759924 0 0.6307422
Ependymal.cell Melanocytes 0.01619216 0.373515 0.1955567 0.04335076 0.08280033 0.6819218 0.1418953 0.7175293 -0.7248637 0 0.6888923
Ependymal.cell Radial.glia 0.0008791018 0.01537259 0.04705235 0.0571863 0.01868348 -0.6510513 0.0009098255 0.7590332 -0.7590335 0 -0.6510516
Ependymal.cell Neural.Tube 0.003552939 0.05427611 0.1771496 0.06546046 0.02005615 0.6719337 0.1346315 -0.7282715 0.7349628 0 0.6781074
Ependymal.cell Schwann.cell.precursor 0 0 0 0.06795943 0.003154111 -0.03431653 0.01693172 0.9992676 -0.9994109 0 -0.03432145
Ependymal.cell Myocytes 0.002566687 0.0339774 0.10455 0.07554099 0.02454985 0.7617019 0.3416418 -0.5505371 0.5857835 0 0.8104675
Ependymal.cell Excitatory.neurons 0 0 0 0.060514 0.02288058 0.09676734 0.2742161 0.9567871 -0.9949245 0 0.1006245
Ependymal.cell Oligodendrocyte.Progenitors 0.003910639 0.06695089 0.1606009 0.05841057 0.02435004 -0.5901289 0.311307 0.744873 -0.7838216 0 -0.620986
Ependymal.cell Intermediate.Mesoderm 0.001039343 0.01311104 0.03442598 0.0792723 0.03019065 0.4058402 0.1997621 -0.8918458 0.9101912 0 0.4141884
Ependymal.cell Jaw.and.tooth.progenitors 0 0 0 0.06552663 0.02375492 -0.2801453 0.02150143 0.9597168 -0.9599388 0 -0.28021
Ependymal.cell Inhibitory.neurons 0 0 0 0.06822053 0.007595195 0.04742682 0.01380628 0.9987793 -0.9988745 0 0.04743133
Ependymal.cell Primitive.erythroid.lineage 0 0 0 0.06795943 0.002981651 -0.03431653 0.01693172 0.9992676 -0.9994109 0 -0.03432145
Ependymal.cell Inhibitory.interneurons 0 0 0 0.06795943 0.001448381 -0.03431653 0.01693172 0.9992676 -0.9994109 0 -0.03432145
Ependymal.cell Osteoblasts 0.006618296 0.06396669 0.1000399 0.1034647 0.06615657 0.1337084 0.4675808 -0.8737793 0.9884936 0 0.1512624
Ependymal.cell Lens 0 0 0 0.06795943 0.002083486 -0.03431653 0.01693172 0.9992676 -0.9994109 0 -0.03432145
Ependymal.cell Chondroctye.progenitors 0 0 0 0.06795943 0.01328498 -0.03431653 0.01693172 0.9992676 -0.9994109 0 -0.03432145
Ependymal.cell Postmitotic.premature.neurons 0.002460327 0.06834617 0.1268567 0.03599802 0.01939454 0.9373564 0.1317216 0.3225097 -0.3253445 0 0.9455956
Ependymal.cell Stromal.cells 0.004388064 0.05577281 0.1292086 0.07867747 0.03396107 0.3126585 0.1656906 -0.9353028 0.9484119 0 0.3170407
Ependymal.cell Inhibitory.neuron.progenitors 0 0 0 0.06117034 0.008927238 0.0169663 0.1090042 0.9938965 -0.9998543 0 0.017068
Ependymal.cell Cholinergic.neurons 0 0 0 0.06442717 0.002518151 -0.0542891 0.4311725 0.9006348 -0.9981881 0 -0.06016949
Ependymal.cell Granule.neurons 0.000795591 0.0128488 0.1300923 0.0619195 0.006115588 -0.09317226 0.2467114 0.9645996 -0.9953675 0 -0.09614418
Ependymal.cell Notochord.cells 0 0 0 0.06034718 0.01031203 -0.4550163 0.0438203 0.8894043 -0.8902594 0 -0.4554538
Ependymal.cell Premature.oligodendrocyte 0.0009453847 0.01626697 0.1454894 0.05811682 0.006497963 0.6076496 0.005010491 0.7941895 -0.7941994 0 0.6076573
Ependymal.cell Isthmic.organizer.cells 0.005659434 0.1028079 0.2431871 0.05504861 0.02327193 -0.7248717 0.01499496 0.6887207 -0.6887981 0 -0.7249532
Ependymal.cell White.blood.cells 0 0 0 0.06795943 0.002590924 -0.03431653 0.01693172 0.9992676 -0.9994109 0 -0.03432145
Ependymal.cell Cardiac.muscle.lineages 0.0003723237 0.004732279 0.02882159 0.07867747 0.01291822 0.3126585 0.1656906 -0.9353028 0.9484119 0 0.3170407
Ependymal.cell Megakaryocytes 0 0 0 0.06795943 0.00192634 -0.03431653 0.01693172 0.9992676 -0.9994109 0 -0.03432145
Ependymal.cell Hepatocytes 0 0 0 0.06795943 0.0009431213 -0.03431653 0.01693172 0.9992676 -0.9994109 0 -0.03432145
Limb.mesenchyme Epithelial.cells 0 0 0 0.009341039 0.009134956 -0.03431653 0.01693172 0.9992676 -0.9994109 0 -0.03432145
Limb.mesenchyme Chondrocytes.&.osteoblasts 0.004040493 0.4840301 0.1338386 0.008347607 0.03018929 0.6894 0.5035326 0.5207519 -0.6027387 0 0.7979386
Limb.mesenchyme Early.mesenchyme 0.001494868 0.1575215 0.05807995 0.009489932 0.02573811 -0.2088478 0.9585929 -0.1936035 0.679835 0 -0.7333651
Limb.mesenchyme Melanocytes 0.004967613 0.5201695 0.04039023 0.009549989 0.1229905 -0.05710969 0.998087 0.02368165 -0.3830429 0 -0.9237305
Limb.mesenchyme Radial.glia 0 0 0 0.009341039 0.02025882 -0.03431653 0.01693172 0.9992676 -0.9994109 0 -0.03432145
Limb.mesenchyme Neural.Tube 0 0 0 0.009341039 0.02253703 -0.03431653 0.01693172 0.9992676 -0.9994109 0 -0.03432145
Limb.mesenchyme Schwann.cell.precursor 0 0 0 0.009341039 0.003154111 -0.03431653 0.01693172 0.9992676 -0.9994109 0 -0.03432145
Limb.mesenchyme Myocytes 0.001542696 0.2005077 0.07139922 0.00769395 0.02160663 -0.7138199 0.4830433 0.5070801 -0.5791254 0 -0.8152385
Limb.mesenchyme Excitatory.neurons 0 0 0 0.009341039 0.02198385 -0.03431653 0.01693172 0.9992676 -0.9994109 0 -0.03432145
Limb.mesenchyme Oligodendrocyte.Progenitors 0 0 0 0.009341039 0.03078399 -0.03431653 0.01693172 0.9992676 -0.9994109 0 -0.03432145
Limb.mesenchyme Intermediate.Mesoderm 0.004813456 0.5400825 0.1207967 0.008912446 0.03984758 0.9354946 0.3528661 0.01831055 -0.01956938 0 0.9998085
Limb.mesenchyme Jaw.and.tooth.progenitors 0.005431502 0.6794521 0.1896491 0.007993945 0.02863974 0.8761488 0.2643728 0.4030762 -0.4179465 0 0.9084717
Limb.mesenchyme Inhibitory.neurons 0 0 0 0.009341039 0.007609356 -0.03431653 0.01693172 0.9992676 -0.9994109 0 -0.03432145
Limb.mesenchyme Primitive.erythroid.lineage 0 0 0 0.009341039 0.002981651 -0.03431653 0.01693172 0.9992676 -0.9994109 0 -0.03432145
Limb.mesenchyme Inhibitory.interneurons 0 0 0 0.009341039 0.001448381 -0.03431653 0.01693172 0.9992676 -0.9994109 0 -0.03432145
Limb.mesenchyme Osteoblasts 0.005104419 0.5234326 0.08746859 0.009751817 0.05835716 -0.006008167 0.9999769 -0.003173867 0.4670912 0 -0.8842092
Limb.mesenchyme Lens 0 0 0 0.009341039 0.002083486 -0.03431653 0.01693172 0.9992676 -0.9994109 0 -0.03432145
Limb.mesenchyme Chondroctye.progenitors 0.0001244497 0.01352058 0.01007915 0.009204468 0.01234724 0.3138741 0.001797928 -0.9494629 0.9494644 0 0.3138746
Limb.mesenchyme Postmitotic.premature.neurons 0 0 0 0.009341039 0.01124883 -0.03431653 0.01693172 0.9992676 -0.9994109 0 -0.03432145
Limb.mesenchyme Stromal.cells 0.005800122 0.7439417 0.1912204 0.007796474 0.03033213 -0.170913 0.6652374 0.7268066 -0.9734471 0 -0.228912
Limb.mesenchyme Inhibitory.neuron.progenitors 0 0 0 0.009341039 0.008056986 -0.03431653 0.01693172 0.9992676 -0.9994109 0 -0.03432145
Limb.mesenchyme Cholinergic.neurons 0 0 0 0.009341039 0.001089789 -0.03431653 0.01693172 0.9992676 -0.9994109 0 -0.03432145
Limb.mesenchyme Granule.neurons 0 0 0 0.009341039 0.00376108 -0.03431653 0.01693172 0.9992676 -0.9994109 0 -0.03432145
Limb.mesenchyme Notochord.cells 0 0 0 0.009341039 0.01060617 -0.03431653 0.01693172 0.9992676 -0.9994109 0 -0.03432145
Limb.mesenchyme Premature.oligodendrocyte 0 0 0 0.009341039 0.007188325 -0.03431653 0.01693172 0.9992676 -0.9994109 0 -0.03432145
Limb.mesenchyme Isthmic.organizer.cells 0 0 0 0.009341039 0.0317396 -0.03431653 0.01693172 0.9992676 -0.9994109 0 -0.03432145
Limb.mesenchyme White.blood.cells 0 0 0 0.009341039 0.002590924 -0.03431653 0.01693172 0.9992676 -0.9994109 0 -0.03432145
Limb.mesenchyme Cardiac.muscle.lineages 0.001934796 0.2284996 0.1539777 0.008467391 0.01256543 0.652764 0.565448 0.5041504 -0.6112515 0 0.7914364
Limb.mesenchyme Megakaryocytes 0 0 0 0.009341039 0.00192634 -0.03431653 0.01693172 0.9992676 -0.9994109 0 -0.03432145
Limb.mesenchyme Hepatocytes 0 0 0 0.009341039 0.0009431213 -0.03431653 0.01693172 0.9992676 -0.9994109 0 -0.03432145
Epithelial.cells Chondrocytes.&.osteoblasts 0 0 0 0.009134956 0.03040153 -0.03431653 0.01693172 0.9992676 -0.9994109 0 -0.03432145
Epithelial.cells Early.mesenchyme 0 0 0 0.009134956 0.04112178 -0.03431653 0.01693172 0.9992676 -0.9994109 0 -0.03432145
Epithelial.cells Melanocytes 0.002721111 0.2611508 0.02591326 0.01041969 0.1050084 0.8644188 0.2310591 0.4465332 -0.4589525 0 0.8884608
Epithelial.cells Radial.glia 0 0 0 0.009134956 0.02025882 -0.03431653 0.01693172 0.9992676 -0.9994109 0 -0.03432145
Epithelial.cells Neural.Tube 0 0 0 0.009134956 0.02253703 -0.03431653 0.01693172 0.9992676 -0.9994109 0 -0.03432145
Epithelial.cells Schwann.cell.precursor 0 0 0 0.009134956 0.003154111 -0.03431653 0.01693172 0.9992676 -0.9994109 0 -0.03432145
Epithelial.cells Myocytes 0 0 0 0.008825376 0.03007631 -0.163272 0.004171492 0.9865723 -0.9865808 0 -0.1632735
Epithelial.cells Excitatory.neurons 0 0 0 0.009134956 0.02198385 -0.03431653 0.01693172 0.9992676 -0.9994109 0 -0.03432145
Epithelial.cells Oligodendrocyte.Progenitors 0 0 0 0.009134956 0.03078399 -0.03431653 0.01693172 0.9992676 -0.9994109 0 -0.03432145
Epithelial.cells Intermediate.Mesoderm 0 0 0 0.009134956 0.02668738 -0.03431653 0.01693172 0.9992676 -0.9994109 0 -0.03432145
Epithelial.cells Jaw.and.tooth.progenitors 0 0 0 0.009134956 0.02435421 -0.03431653 0.01693172 0.9992676 -0.9994109 0 -0.03432145
Epithelial.cells Inhibitory.neurons 0 0 0 0.009134956 0.007609356 -0.03431653 0.01693172 0.9992676 -0.9994109 0 -0.03432145
Epithelial.cells Primitive.erythroid.lineage 0 0 0 0.009134956 0.002981651 -0.03431653 0.01693172 0.9992676 -0.9994109 0 -0.03432145
Epithelial.cells Inhibitory.interneurons 0 0 0 0.009134956 0.001448381 -0.03431653 0.01693172 0.9992676 -0.9994109 0 -0.03432145
Epithelial.cells Osteoblasts 5.995639E-05 0.007836607 0.0009869918 0.007650809 0.06074659 -0.4045527 0.7204904 0.5632324 -0.8122003 0 -0.5833787
Epithelial.cells Lens 0.0007276852 0.1161775 1 0.006263565 0.0007276852 -0.4898732 0.3348274 0.8049316 -0.8542387 0 -0.519881
Epithelial.cells Chondroctye.progenitors 0 0 0 0.009134956 0.01328498 -0.03431653 0.01693172 0.9992676 -0.9994109 0 -0.03432145
Epithelial.cells Postmitotic.premature.neurons 0 0 0 0.009134956 0.01124883 -0.03431653 0.01693172 0.9992676 -0.9994109 0 -0.03432145
Epithelial.cells Stromal.cells 0 0 0 0.009134956 0.03335301 -0.03431653 0.01693172 0.9992676 -0.9994109 0 -0.03432145
Epithelial.cells Inhibitory.neuron.progenitors 0 0 0 0.009134956 0.008056986 -0.03431653 0.01693172 0.9992676 -0.9994109 0 -0.03432145
Epithelial.cells Cholinergic.neurons 0 0 0 0.009134956 0.001089789 -0.03431653 0.01693172 0.9992676 -0.9994109 0 -0.03432145
Epithelial.cells Granule.neurons 0 0 0 0.009134956 0.00376108 -0.03431653 0.01693172 0.9992676 -0.9994109 0 -0.03432145
Epithelial.cells Notochord.cells 0 0 0 0.009134956 0.01060617 -0.03431653 0.01693172 0.9992676 -0.9994109 0 -0.03432145
Epithelial.cells Premature.oligodendrocyte 0 0 0 0.009134956 0.007188325 -0.03431653 0.01693172 0.9992676 -0.9994109 0 -0.03432145
Epithelial.cells Isthmic.organizer.cells 0 0 0 0.009134956 0.0317396 -0.03431653 0.01693172 0.9992676 -0.9994109 0 -0.03432145
Epithelial.cells White.blood.cells 0 0 0 0.009134956 0.002590924 -0.03431653 0.01693172 0.9992676 -0.9994109 0 -0.03432145
Epithelial.cells Cardiac.muscle.lineages 0 0 0 0.009134956 0.008608644 -0.03431653 0.01693172 0.9992676 -0.9994109 0 -0.03432145
Epithelial.cells Megakaryocytes 0 0 0 0.009134956 0.00192634 -0.03431653 0.01693172 0.9992676 -0.9994109 0 -0.03432145
Epithelial.cells Hepatocytes 0 0 0 0.009134956 0.0009431213 -0.03431653 0.01693172 0.9992676 -0.9994109 0 -0.03432145
Chondrocytes.&.osteoblasts Early.mesenchyme 0.0144532 0.5200111 0.6555033 0.02779402 0.02204901 0.1445958 0.8802696 -0.4519043 0.9524325 0 0.3047498
Chondrocytes.&.osteoblasts Melanocytes 0.01308828 0.5053162 0.1443912 0.02590117 0.09064461 -0.07506518 0.7594332 0.6462402 -0.9933213 0 -0.115381
Chondrocytes.&.osteoblasts Radial.glia 0 0 0 0.03040153 0.02025882 -0.03431653 0.01693172 0.9992676 -0.9994109 0 -0.03432145
Chondrocytes.&.osteoblasts Neural.Tube 0 0 0 0.03040153 0.02253703 -0.03431653 0.01693172 0.9992676 -0.9994109 0 -0.03432145
Chondrocytes.&.osteoblasts Schwann.cell.precursor 0 0 0 0.03040153 0.003154111 -0.03431653 0.01693172 0.9992676 -0.9994109 0 -0.03432145
Chondrocytes.&.osteoblasts Myocytes 0.001533481 0.0514633 0.09176107 0.02979756 0.01671167 0.6144435 0.7870801 -0.05444341 0.08826026 0 0.9960974
Chondrocytes.&.osteoblasts Excitatory.neurons 0 0 0 0.03040153 0.02198385 -0.03431653 0.01693172 0.9992676 -0.9994109 0 -0.03432145
Chondrocytes.&.osteoblasts Oligodendrocyte.Progenitors 0 0 0 0.03040153 0.03078399 -0.03431653 0.01693172 0.9992676 -0.9994109 0 -0.03432145
Chondrocytes.&.osteoblasts Intermediate.Mesoderm 0.007667015 0.2722583 0.2820775 0.02816081 0.02718053 -0.2468787 0.4445057 0.861084 -0.9612715 0 -0.2756031
Chondrocytes.&.osteoblasts Jaw.and.tooth.progenitors 0.01404029 0.5148393 0.6323122 0.0272712 0.02220467 -0.2165742 0.5864195 0.7805176 -0.9635931 0 -0.2673731
Chondrocytes.&.osteoblasts Inhibitory.neurons 0 0 0 0.03040153 0.007609356 -0.03431653 0.01693172 0.9992676 -0.9994109 0 -0.03432145
Chondrocytes.&.osteoblasts Primitive.erythroid.lineage 0 0 0 0.03040153 0.002981651 -0.03431653 0.01693172 0.9992676 -0.9994109 0 -0.03432145
Chondrocytes.&.osteoblasts Inhibitory.interneurons 0 0 0 0.03040153 0.001448381 -0.03431653 0.01693172 0.9992676 -0.9994109 0 -0.03432145
Chondrocytes.&.osteoblasts Osteoblasts 0.013904 0.4197632 0.1407661 0.03312343 0.09877376 0.9440096 0.04449099 -0.3269042 0.3272282 0 0.9449453
Chondrocytes.&.osteoblasts Lens 0 0 0 0.03040153 0.002083486 -0.03431653 0.01693172 0.9992676 -0.9994109 0 -0.03432145
Chondrocytes.&.osteoblasts Chondroctye.progenitors 0.003254182 0.1037562 0.1850043 0.03136374 0.01758976 0.8263325 0.509719 0.239502 -0.2783803 0 0.960471
Chondrocytes.&.osteoblasts Postmitotic.premature.neurons 0 0 0 0.03040153 0.01124883 -0.03431653 0.01693172 0.9992676 -0.9994109 0 -0.03432145
Chondrocytes.&.osteoblasts Stromal.cells 0.01383869 0.4742235 0.5261319 0.02918178 0.0263027 0.1047012 0.6533787 -0.7497559 0.9903897 0 0.1383049
Chondrocytes.&.osteoblasts Inhibitory.neuron.progenitors 0 0 0 0.03040153 0.008056986 -0.03431653 0.01693172 0.9992676 -0.9994109 0 -0.03432145
Chondrocytes.&.osteoblasts Cholinergic.neurons 0 0 0 0.03040153 0.001089789 -0.03431653 0.01693172 0.9992676 -0.9994109 0 -0.03432145
Chondrocytes.&.osteoblasts Granule.neurons 0 0 0 0.03040153 0.00376108 -0.03431653 0.01693172 0.9992676 -0.9994109 0 -0.03432145
Chondrocytes.&.osteoblasts Notochord.cells 0 0 0 0.03040153 0.01060617 -0.03431653 0.01693172 0.9992676 -0.9994109 0 -0.03432145
Chondrocytes.&.osteoblasts Premature.oligodendrocyte 0 0 0 0.03040153 0.007188325 -0.03431653 0.01693172 0.9992676 -0.9994109 0 -0.03432145
Chondrocytes.&.osteoblasts Isthmic.organizer.cells 0 0 0 0.03040153 0.0317396 -0.03431653 0.01693172 0.9992676 -0.9994109 0 -0.03432145
Chondrocytes.&.osteoblasts White.blood.cells 0 0 0 0.03040153 0.002590924 -0.03431653 0.01693172 0.9992676 -0.9994109 0 -0.03432145
Chondrocytes.&.osteoblasts Cardiac.muscle.lineages 0.0009201488 0.03126726 0.09398057 0.02942851 0.009790841 -0.1010978 0.1390777 0.9851074 -0.9947752 0 -0.10209
Chondrocytes.&.osteoblasts Megakaryocytes 0 0 0 0.03040153 0.00192634 -0.03431653 0.01693172 0.9992676 -0.9994109 0 -0.03432145
Chondrocytes.&.osteoblasts Hepatocytes 0 0 0 0.03040153 0.0009431213 -0.03431653 0.01693172 0.9992676 -0.9994109 0 -0.03432145
Early.mesenchyme Melanocytes 0.01425088 0.5610507 0.104808 0.02540034 0.1359713 -0.1871152 0.9462221 -0.263916 0.8157697 0 -0.5783769
Early.mesenchyme Radial.glia 0 0 0 0.04112178 0.02025882 -0.03431653 0.01693172 0.9992676 -0.9994109 0 -0.03432145
Early.mesenchyme Neural.Tube 0 0 0 0.04112178 0.02253703 -0.03431653 0.01693172 0.9992676 -0.9994109 0 -0.03432145
Early.mesenchyme Schwann.cell.precursor 0 0 0 0.04112178 0.003154111 -0.03431653 0.01693172 0.9992676 -0.9994109 0 -0.03432145
Early.mesenchyme Myocytes 0.005301241 0.2072441 0.3172179 0.02557969 0.01671167 0.6144435 0.7870801 -0.05444341 0.08826026 0 0.9960974
Early.mesenchyme Excitatory.neurons 0 0 0 0.04112178 0.02198385 -0.03431653 0.01693172 0.9992676 -0.9994109 0 -0.03432145
Early.mesenchyme Oligodendrocyte.Progenitors 0 0 0 0.04112178 0.03078399 -0.03431653 0.01693172 0.9992676 -0.9994109 0 -0.03432145
Early.mesenchyme Intermediate.Mesoderm 0.01128598 0.4592796 0.3849618 0.02457322 0.02931714 0.5175241 0.847973 -0.114502 0.2160253 0 0.9763877
Early.mesenchyme Jaw.and.tooth.progenitors 0.0145079 0.6079338 0.5946515 0.02386428 0.02439732 0.04116102 0.8580208 -0.511963 0.9967836 0 0.08013983
Early.mesenchyme Inhibitory.neurons 0 0 0 0.04112178 0.007609356 -0.03431653 0.01693172 0.9992676 -0.9994109 0 -0.03432145
Early.mesenchyme Primitive.erythroid.lineage 0 0 0 0.04112178 0.002981651 -0.03431653 0.01693172 0.9992676 -0.9994109 0 -0.03432145
Early.mesenchyme Inhibitory.interneurons 0 0 0 0.04112178 0.001448381 -0.03431653 0.01693172 0.9992676 -0.9994109 0 -0.03432145
Early.mesenchyme Osteoblasts 0.01450389 0.600166 0.2403393 0.02416646 0.06034755 -0.1290565 0.9757124 -0.1770019 0.8080236 0 -0.5891502
Early.mesenchyme Lens 0 0 0 0.04112178 0.002083486 -0.03431653 0.01693172 0.9992676 -0.9994109 0 -0.03432145
Early.mesenchyme Chondroctye.progenitors 0.006456251 0.2287585 0.4086127 0.028223 0.01580042 0.6627651 0.6552105 -0.3625488 0.4799133 0 0.8773159
Early.mesenchyme Postmitotic.premature.neurons 0 0 0 0.04112178 0.01124883 -0.03431653 0.01693172 0.9992676 -0.9994109 0 -0.03432145
Early.mesenchyme Stromal.cells 0.02018518 0.9020422 0.7291546 0.0223772 0.02768299 0.02119813 0.9660275 -0.2575683 0.9966303 0 0.08202369
Early.mesenchyme Inhibitory.neuron.progenitors 0 0 0 0.04112178 0.008056986 -0.03431653 0.01693172 0.9992676 -0.9994109 0 -0.03432145
Early.mesenchyme Cholinergic.neurons 0 0 0 0.04112178 0.001089789 -0.03431653 0.01693172 0.9992676 -0.9994109 0 -0.03432145
Early.mesenchyme Granule.neurons 0 0 0 0.04112178 0.00376108 -0.03431653 0.01693172 0.9992676 -0.9994109 0 -0.03432145
Early.mesenchyme Notochord.cells 0 0 0 0.04112178 0.01060617 -0.03431653 0.01693172 0.9992676 -0.9994109 0 -0.03432145
Early.mesenchyme Premature.oligodendrocyte 0 0 0 0.04112178 0.007188325 -0.03431653 0.01693172 0.9992676 -0.9994109 0 -0.03432145
Early.mesenchyme Isthmic.organizer.cells 0 0 0 0.04112178 0.0317396 -0.03431653 0.01693172 0.9992676 -0.9994109 0 -0.03432145
Early.mesenchyme White.blood.cells 0 0 0 0.04112178 0.002590924 -0.03431653 0.01693172 0.9992676 -0.9994109 0 -0.03432145
Early.mesenchyme Cardiac.muscle.lineages 0.004065434 0.1040314 0.3802434 0.0390789 0.01069166 -0.2036511 0.1137582 0.9724121 -0.9787658 0 -0.2049817
Early.mesenchyme Megakaryocytes 0 0 0 0.04112178 0.00192634 -0.03431653 0.01693172 0.9992676 -0.9994109 0 -0.03432145
Early.mesenchyme Hepatocytes 0 0 0 0.04112178 0.0009431213 -0.03431653 0.01693172 0.9992676 -0.9994109 0 -0.03432145
Melanocytes Radial.glia 0 0 0 0.1463241 0.02025882 -0.03431653 0.01693172 0.9992676 -0.9994109 0 -0.03432145
Melanocytes Neural.Tube 6.045543E-05 0.0003655689 0.002617594 0.1653735 0.0230958 0.7369954 0.6755639 -0.02124023 0.02880807 0 0.999585
Melanocytes Schwann.cell.precursor 0 0 0 0.1463241 0.003154111 -0.03431653 0.01693172 0.9992676 -0.9994109 0 -0.03432145
Melanocytes Myocytes 0.005527911 0.03971558 0.5265584 0.1391874 0.01049819 0.002607194 0.9823077 -0.1872559 0.9999031 0 0.01392181
Melanocytes Excitatory.neurons 0 0 0 0.1413839 0.02172989 0.04742682 0.01380628 0.9987793 -0.9988745 0 0.04743133
Melanocytes Oligodendrocyte.Progenitors 0.002651586 0.01918426 0.1213832 0.1382168 0.02184475 -0.5525452 0.6201396 0.5568848 -0.7098672 0 -0.7043356
Melanocytes Intermediate.Mesoderm 0.01283042 0.1169762 0.4861068 0.109684 0.02639424 0.2448073 0.2269885 0.942627 -0.9678914 0 0.2513687
Melanocytes Jaw.and.tooth.progenitors 0.00981879 0.1074975 0.3584688 0.09133971 0.02739092 -0.726849 0.006400601 -0.6867675 0.6867816 0 -0.7268639
Melanocytes Inhibitory.neurons 0 0 0 0.1463241 0.007609356 -0.03431653 0.01693172 0.9992676 -0.9994109 0 -0.03432145
Melanocytes Primitive.erythroid.lineage 0 0 0 0.1463241 0.002981651 -0.03431653 0.01693172 0.9992676 -0.9994109 0 -0.03432145
Melanocytes Inhibitory.interneurons 0 0 0 0.1463241 0.001448381 -0.03431653 0.01693172 0.9992676 -0.9994109 0 -0.03432145
Melanocytes Osteoblasts 0.03785268 0.4469574 0.855721 0.08468968 0.04423484 -0.09302582 0.8413211 0.5324708 -0.9850796 0 -0.1720993
Melanocytes Lens 6.010907E-05 0.0006000855 0.03996681 0.1001675 0.001503975 -0.870749 0.0742869 -0.486084 0.4874308 0 -0.8731616
Melanocytes Chondroctye.progenitors 0.003732448 0.0237331 0.3024562 0.1572676 0.01234046 -0.2180506 0.1634182 0.9621582 -0.9752688 0 -0.2210218
Melanocytes Postmitotic.premature.neurons 0 0 0 0.1463241 0.01124883 -0.03431653 0.01693172 0.9992676 -0.9994109 0 -0.03432145
Melanocytes Stromal.cells 0.01308359 0.1119866 0.447662 0.1168317 0.0292265 -0.2396524 0.9689537 0.06079102 -0.2458761 0 -0.9693013
Melanocytes Inhibitory.neuron.progenitors 0 0 0 0.1463241 0.008056986 -0.03431653 0.01693172 0.9992676 -0.9994109 0 -0.03432145
Melanocytes Cholinergic.neurons 0 0 0 0.1463241 0.001089789 -0.03431653 0.01693172 0.9992676 -0.9994109 0 -0.03432145
Melanocytes Granule.neurons 0 0 0 0.1463241 0.00376108 -0.03431653 0.01693172 0.9992676 -0.9994109 0 -0.03432145
Melanocytes Notochord.cells 0 0 0 0.1463241 0.01060617 -0.03431653 0.01693172 0.9992676 -0.9994109 0 -0.03432145
Melanocytes Premature.oligodendrocyte 0 0 0 0.1463241 0.007188325 -0.03431653 0.01693172 0.9992676 -0.9994109 0 -0.03432145
Melanocytes Isthmic.organizer.cells 0.00426457 0.02150408 0.1723477 0.1983145 0.02474399 0.5749223 0.5374433 -0.6169433 0.7315823 0 0.681753
Melanocytes White.blood.cells 0 0 0 0.1463241 0.002590924 -0.03431653 0.01693172 0.9992676 -0.9994109 0 -0.03432145
Melanocytes Cardiac.muscle.lineages 0.003015029 0.01899121 0.2929294 0.1587592 0.01029268 -0.163272 0.004171492 0.9865723 -0.9865808 0 -0.1632735
Melanocytes Megakaryocytes 0 0 0 0.1463241 0.00192634 -0.03431653 0.01693172 0.9992676 -0.9994109 0 -0.03432145
Melanocytes Hepatocytes 4.417349E-05 0.000363378 0.03976445 0.1215634 0.001110879 -0.6147974 0.5773001 -0.5373535 0.6580924 0 -0.7529372
Radial.glia Neural.Tube 0.008276997 0.498122 0.4601995 0.01661641 0.01798567 -0.978779 0.005883305 -0.204834 0.2048375 0 -0.978796
Radial.glia Schwann.cell.precursor 0 0 0 0.02025882 0.003154111 -0.03431653 0.01693172 0.9992676 -0.9994109 0 -0.03432145
Radial.glia Myocytes 0 0 0 0.02025882 0.03059819 -0.03431653 0.01693172 0.9992676 -0.9994109 0 -0.03432145
Radial.glia Excitatory.neurons 0 0 0 0.02046536 0.02255704 -0.009749388 0.1570104 0.9875488 -0.9999513 0 -0.009871829
Radial.glia Oligodendrocyte.Progenitors 0.0053498 0.3219589 0.1898379 0.01661641 0.02818088 -0.978779 0.005883305 -0.204834 0.2048375 0 -0.978796
Radial.glia Intermediate.Mesoderm 0 0 0 0.02025882 0.02668738 -0.03431653 0.01693172 0.9992676 -0.9994109 0 -0.03432145
Radial.glia Jaw.and.tooth.progenitors 0 0 0 0.02025882 0.02435421 -0.03431653 0.01693172 0.9992676 -0.9994109 0 -0.03432145
Radial.glia Inhibitory.neurons 0 0 0 0.02025882 0.007609356 -0.03431653 0.01693172 0.9992676 -0.9994109 0 -0.03432145
Radial.glia Primitive.erythroid.lineage 0 0 0 0.02025882 0.002981651 -0.03431653 0.01693172 0.9992676 -0.9994109 0 -0.03432145
Radial.glia Inhibitory.interneurons 0 0 0 0.02025882 0.001448381 -0.03431653 0.01693172 0.9992676 -0.9994109 0 -0.03432145
Radial.glia Osteoblasts 0 0 0 0.02025882 0.05549468 -0.03431653 0.01693172 0.9992676 -0.9994109 0 -0.03432145
Radial.glia Lens 0 0 0 0.02025882 0.002083486 -0.03431653 0.01693172 0.9992676 -0.9994109 0 -0.03432145
Radial.glia Chondroctye.progenitors 0 0 0 0.02025882 0.01328498 -0.03431653 0.01693172 0.9992676 -0.9994109 0 -0.03432145
Radial.glia Postmitotic.premature.neurons 0 0 0 0.02073817 0.01340711 -0.03449543 0.2367942 0.9709473 -0.9993695 0 -0.03550521
Radial.glia Stromal.cells 0 0 0 0.02025882 0.03335301 -0.03431653 0.01693172 0.9992676 -0.9994109 0 -0.03432145
Radial.glia Inhibitory.neuron.progenitors 0 0 0 0.02007157 0.008712296 0.05644158 0.06422738 0.9963379 -0.9983993 0 0.05655836
Radial.glia Cholinergic.neurons 0 0 0 0.02044167 0.001452036 -0.0522557 0.1195248 0.9914551 -0.9986139 0 -0.05263302
Radial.glia Granule.neurons 0 0 0 0.01977818 0.0054882 0.1493689 0.02250491 0.9885254 -0.9887758 0 0.1494068
Radial.glia Notochord.cells 0.0004803802 0.02661796 0.06656773 0.01804722 0.007216413 -0.9557953 0.2169299 -0.1984863 0.2033281 0 -0.9791106
Radial.glia Premature.oligodendrocyte 0 0 0 0.02025882 0.007188325 -0.03431653 0.01693172 0.9992676 -0.9994109 0 -0.03432145
Radial.glia Isthmic.organizer.cells 0.007830135 0.4436803 0.3764372 0.01764815 0.02080064 0.984485 0.1744587 -0.01879884 0.01909162 0 0.9998177
Radial.glia White.blood.cells 0 0 0 0.02025882 0.002590924 -0.03431653 0.01693172 0.9992676 -0.9994109 0 -0.03432145
Radial.glia Cardiac.muscle.lineages 0 0 0 0.02025882 0.008608644 -0.03431653 0.01693172 0.9992676 -0.9994109 0 -0.03432145
Radial.glia Megakaryocytes 0 0 0 0.02025882 0.00192634 -0.03431653 0.01693172 0.9992676 -0.9994109 0 -0.03432145
Radial.glia Hepatocytes 0 0 0 0.02025882 0.0009431213 -0.03431653 0.01693172 0.9992676 -0.9994109 0 -0.03432145
Neural.Tube Schwann.cell.precursor 0 0 0 0.02253703 0.003154111 -0.03431653 0.01693172 0.9992676 -0.9994109 0 -0.03432145
Neural.Tube Myocytes 0 0 0 0.02253703 0.03059819 -0.03431653 0.01693172 0.9992676 -0.9994109 0 -0.03432145
Neural.Tube Excitatory.neurons 0 0 0 0.02114376 0.02277976 0.05196001 0.2492626 0.967041 -0.9985596 0 0.05365353
Neural.Tube Oligodendrocyte.Progenitors 0.01182195 0.6939811 0.4418845 0.01703497 0.02675347 -0.9992568 0.0311511 0.02270511 -0.02271613 0 -0.999742
Neural.Tube Intermediate.Mesoderm 0 0 0 0.02253703 0.02668738 -0.03431653 0.01693172 0.9992676 -0.9994109 0 -0.03432145
Neural.Tube Jaw.and.tooth.progenitors 0 0 0 0.02253703 0.02435421 -0.03431653 0.01693172 0.9992676 -0.9994109 0 -0.03432145
Neural.Tube Inhibitory.neurons 0 0 0 0.02214561 0.007412305 0.05644158 0.06422738 0.9963379 -0.9983993 0 0.05655836
Neural.Tube Primitive.erythroid.lineage 0 0 0 0.02253703 0.002981651 -0.03431653 0.01693172 0.9992676 -0.9994109 0 -0.03432145
Neural.Tube Inhibitory.interneurons 0 0 0 0.02253703 0.001448381 -0.03431653 0.01693172 0.9992676 -0.9994109 0 -0.03432145
Neural.Tube Osteoblasts 0 0 0 0.02253703 0.05549468 -0.03431653 0.01693172 0.9992676 -0.9994109 0 -0.03432145
Neural.Tube Lens 0 0 0 0.02253703 0.002083486 -0.03431653 0.01693172 0.9992676 -0.9994109 0 -0.03432145
Neural.Tube Chondroctye.progenitors 0 0 0 0.02253703 0.01328498 -0.03431653 0.01693172 0.9992676 -0.9994109 0 -0.03432145
Neural.Tube Postmitotic.premature.neurons 0 0 0 0.02138148 0.01138159 0.2289817 0.05414301 0.9719238 -0.9733515 0 0.229318
Neural.Tube Stromal.cells 0 0 0 0.02253703 0.03335301 -0.03431653 0.01693172 0.9992676 -0.9994109 0 -0.03432145
Neural.Tube Inhibitory.neuron.progenitors 0 0 0 0.02196738 0.008882021 0.1077844 0.05883846 0.9924316 -0.994154 0 0.1079714
Neural.Tube Cholinergic.neurons 0 0 0 0.02231055 0.001800619 -0.1625286 0.1886289 0.9685059 -0.9862099 0 -0.1654996
Neural.Tube Granule.neurons 0 0 0 0.02196738 0.005432816 0.1077844 0.05883846 0.9924316 -0.994154 0 0.1079714
Neural.Tube Notochord.cells 0.003395139 0.1993391 0.427108 0.01703198 0.007949135 -0.8849516 0.1162961 0.4509278 -0.4540084 0 -0.8909974
Neural.Tube Premature.oligodendrocyte 0 0 0 0.02253703 0.007188325 -0.03431653 0.01693172 0.9992676 -0.9994109 0 -0.03432145
Neural.Tube Isthmic.organizer.cells 0.01046337 0.551793 0.4331073 0.01896249 0.02415884 0.8528498 0.126538 0.5065918 -0.5106969 0 0.8597608
Neural.Tube White.blood.cells 0 0 0 0.02253703 0.002590924 -0.03431653 0.01693172 0.9992676 -0.9994109 0 -0.03432145
Neural.Tube Cardiac.muscle.lineages 0 0 0 0.02253703 0.008608644 -0.03431653 0.01693172 0.9992676 -0.9994109 0 -0.03432145
Neural.Tube Megakaryocytes 0 0 0 0.02253703 0.00192634 -0.03431653 0.01693172 0.9992676 -0.9994109 0 -0.03432145
Neural.Tube Hepatocytes 0 0 0 0.02253703 0.0009431213 -0.03431653 0.01693172 0.9992676 -0.9994109 0 -0.03432145
Schwann.cell.precursor Myocytes 0 0 0 0.003154111 0.03059819 -0.03431653 0.01693172 0.9992676 -0.9994109 0 -0.03432145
Schwann.cell.precursor Excitatory.neurons 0 0 0 0.003154111 0.02198385 -0.03431653 0.01693172 0.9992676 -0.9994109 0 -0.03432145
Schwann.cell.precursor Oligodendrocyte.Progenitors 0 0 0 0.003154111 0.03078399 -0.03431653 0.01693172 0.9992676 -0.9994109 0 -0.03432145
Schwann.cell.precursor Intermediate.Mesoderm 0 0 0 0.003154111 0.02668738 -0.03431653 0.01693172 0.9992676 -0.9994109 0 -0.03432145
Schwann.cell.precursor Jaw.and.tooth.progenitors 0 0 0 0.003154111 0.02435421 -0.03431653 0.01693172 0.9992676 -0.9994109 0 -0.03432145
Schwann.cell.precursor Inhibitory.neurons 0 0 0 0.003154111 0.007609356 -0.03431653 0.01693172 0.9992676 -0.9994109 0 -0.03432145
Schwann.cell.precursor Primitive.erythroid.lineage 0 0 0 0.003154111 0.002981651 -0.03431653 0.01693172 0.9992676 -0.9994109 0 -0.03432145
Schwann.cell.precursor Inhibitory.interneurons 0 0 0 0.003154111 0.001448381 -0.03431653 0.01693172 0.9992676 -0.9994109 0 -0.03432145
Schwann.cell.precursor Osteoblasts 0 0 0 0.003154111 0.05549468 -0.03431653 0.01693172 0.9992676 -0.9994109 0 -0.03432145
Schwann.cell.precursor Lens 0 0 0 0.003154111 0.002083486 -0.03431653 0.01693172 0.9992676 -0.9994109 0 -0.03432145
Schwann.cell.precursor Chondroctye.progenitors 0 0 0 0.003154111 0.01328498 -0.03431653 0.01693172 0.9992676 -0.9994109 0 -0.03432145
Schwann.cell.precursor Postmitotic.premature.neurons 0 0 0 0.003154111 0.01124883 -0.03431653 0.01693172 0.9992676 -0.9994109 0 -0.03432145
Schwann.cell.precursor Stromal.cells 0 0 0 0.003154111 0.03335301 -0.03431653 0.01693172 0.9992676 -0.9994109 0 -0.03432145
Schwann.cell.precursor Inhibitory.neuron.progenitors 0 0 0 0.003154111 0.008056986 -0.03431653 0.01693172 0.9992676 -0.9994109 0 -0.03432145
Schwann.cell.precursor Cholinergic.neurons 0 0 0 0.003154111 0.001089789 -0.03431653 0.01693172 0.9992676 -0.9994109 0 -0.03432145
Schwann.cell.precursor Granule.neurons 0 0 0 0.003154111 0.00376108 -0.03431653 0.01693172 0.9992676 -0.9994109 0 -0.03432145
Schwann.cell.precursor Notochord.cells 0 0 0 0.003154111 0.01060617 -0.03431653 0.01693172 0.9992676 -0.9994109 0 -0.03432145
Schwann.cell.precursor Premature.oligodendrocyte 0 0 0 0.003154111 0.007188325 -0.03431653 0.01693172 0.9992676 -0.9994109 0 -0.03432145
Schwann.cell.precursor Isthmic.organizer.cells 0 0 0 0.003154111 0.0317396 -0.03431653 0.01693172 0.9992676 -0.9994109 0 -0.03432145
Schwann.cell.precursor White.blood.cells 0 0 0 0.003154111 0.002590924 -0.03431653 0.01693172 0.9992676 -0.9994109 0 -0.03432145
Schwann.cell.precursor Cardiac.muscle.lineages 0 0 0 0.003154111 0.008608644 -0.03431653 0.01693172 0.9992676 -0.9994109 0 -0.03432145
Schwann.cell.precursor Megakaryocytes 0 0 0 0.003154111 0.00192634 -0.03431653 0.01693172 0.9992676 -0.9994109 0 -0.03432145
Schwann.cell.precursor Hepatocytes 0 0 0 0.003154111 0.0009431213 -0.03431653 0.01693172 0.9992676 -0.9994109 0 -0.03432145
Myocytes Excitatory.neurons 0 0 0 0.03059819 0.02198385 -0.03431653 0.01693172 0.9992676 -0.9994109 0 -0.03432145
Myocytes Oligodendrocyte.Progenitors 0 0 0 0.03059819 0.03078399 -0.03431653 0.01693172 0.9992676 -0.9994109 0 -0.03432145
Myocytes Intermediate.Mesoderm 0.001929927 0.2561189 0.06967961 0.007535278 0.02769716 -0.2500439 0.9667841 -0.05297854 0.2072755 0 -0.9782826
Myocytes Jaw.and.tooth.progenitors 0.0008419331 0.03788924 0.03173362 0.0222209 0.02653126 -0.7235705 0.4374455 0.5339355 -0.5937599 0 -0.8046423
Myocytes Inhibitory.neurons 0 0 0 0.03059819 0.007609356 -0.03431653 0.01693172 0.9992676 -0.9994109 0 -0.03432145
Myocytes Primitive.erythroid.lineage 0 0 0 0.03059819 0.002981651 -0.03431653 0.01693172 0.9992676 -0.9994109 0 -0.03432145
Myocytes Inhibitory.interneurons 0 0 0 0.03059819 0.001448381 -0.03431653 0.01693172 0.9992676 -0.9994109 0 -0.03432145
Myocytes Osteoblasts 0.002008372 0.2221186 0.03441518 0.009041892 0.05835716 -0.006008167 0.9999769 -0.003173867 0.4670912 0 -0.8842092
Myocytes Lens 0 0 0 0.03059819 0.002083486 -0.03431653 0.01693172 0.9992676 -0.9994109 0 -0.03432145
Myocytes Chondroctye.progenitors 0 0 0 0.03059819 0.01328498 -0.03431653 0.01693172 0.9992676 -0.9994109 0 -0.03432145
Myocytes Postmitotic.premature.neurons 0 0 0 0.03059819 0.01124883 -0.03431653 0.01693172 0.9992676 -0.9994109 0 -0.03432145
Myocytes Stromal.cells 0.006089103 0.86825 0.2090694 0.007013076 0.0291248 -0.2194161 0.9755849 -0.009521503 0.04335393 0 -0.9990597
Myocytes Inhibitory.neuron.progenitors 0 0 0 0.03059819 0.008056986 -0.03431653 0.01693172 0.9992676 -0.9994109 0 -0.03432145
Myocytes Cholinergic.neurons 0 0 0 0.03059819 0.001089789 -0.03431653 0.01693172 0.9992676 -0.9994109 0 -0.03432145
Myocytes Granule.neurons 0 0 0 0.03059819 0.00376108 -0.03431653 0.01693172 0.9992676 -0.9994109 0 -0.03432145
Myocytes Notochord.cells 0 0 0 0.03059819 0.01060617 -0.03431653 0.01693172 0.9992676 -0.9994109 0 -0.03432145
Myocytes Premature.oligodendrocyte 0 0 0 0.03059819 0.007188325 -0.03431653 0.01693172 0.9992676 -0.9994109 0 -0.03432145
Myocytes Isthmic.organizer.cells 0 0 0 0.03059819 0.0317396 -0.03431653 0.01693172 0.9992676 -0.9994109 0 -0.03432145
Myocytes White.blood.cells 0 0 0 0.03059819 0.002590924 -0.03431653 0.01693172 0.9992676 -0.9994109 0 -0.03432145
Myocytes Cardiac.muscle.lineages 0.0005763795 0.03209817 0.04907655 0.01795677 0.0117445 0.2975586 0.819954 -0.4890136 0.8542776 0 0.5198171
Myocytes Megakaryocytes 0 0 0 0.03059819 0.00192634 -0.03431653 0.01693172 0.9992676 -0.9994109 0 -0.03432145
Myocytes Hepatocytes 0 0 0 0.03059819 0.0009431213 -0.03431653 0.01693172 0.9992676 -0.9994109 0 -0.03432145
Excitatory.neurons Oligodendrocyte.Progenitors 0 0 0 0.0215905 0.03059046 0.2718759 0.1597833 0.9489746 -0.9613256 0 0.2754143
Excitatory.neurons Intermediate.Mesoderm 0 0 0 0.02198385 0.02668738 -0.03431653 0.01693172 0.9992676 -0.9994109 0 -0.03432145
Excitatory.neurons Jaw.and.tooth.progenitors 0 0 0 0.02198385 0.02435421 -0.03431653 0.01693172 0.9992676 -0.9994109 0 -0.03432145
Excitatory.neurons Inhibitory.neurons 0.003973608 0.189174 0.4945612 0.02100504 0.008034614 -0.1416744 0.0524017 -0.9885254 0.9898854 0 -0.1418693
Excitatory.neurons Primitive.erythroid.lineage 0 0 0 0.02198385 0.002981651 -0.03431653 0.01693172 0.9992676 -0.9994109 0 -0.03432145
Excitatory.neurons Inhibitory.interneurons 0 0 0 0.02172989 0.001879102 0.04742682 0.01380628 0.9987793 -0.9988745 0 0.04743133
Excitatory.neurons Osteoblasts 0 0 0 0.02198385 0.05549468 -0.03431653 0.01693172 0.9992676 -0.9994109 0 -0.03432145
Excitatory.neurons Lens 0 0 0 0.02198385 0.002083486 -0.03431653 0.01693172 0.9992676 -0.9994109 0 -0.03432145
Excitatory.neurons Chondroctye.progenitors 0 0 0 0.02198385 0.01328498 -0.03431653 0.01693172 0.9992676 -0.9994109 0 -0.03432145
Excitatory.neurons Postmitotic.premature.neurons 0.005580754 0.3928322 0.2664885 0.01420646 0.02094182 -0.9765598 0.2147636 -0.01440432 0.01474846 0 -0.9998912
Excitatory.neurons Stromal.cells 0 0 0 0.02198385 0.03335301 -0.03431653 0.01693172 0.9992676 -0.9994109 0 -0.03432145
Excitatory.neurons Inhibitory.neuron.progenitors 0.0001624748 0.008698149 0.01526901 0.01867924 0.01064082 0.1931765 0.8131437 -0.5490721 0.9433208 0 0.3318825
Excitatory.neurons Cholinergic.neurons 0.0005486926 0.02708358 0.4434357 0.02025924 0.001237367 -0.3377508 0.01175879 -0.9411621 0.9412272 0 -0.3377742
Excitatory.neurons Granule.neurons 0.001583618 0.07863032 0.2342874 0.02014005 0.006759299 0.2815271 0.3878279 -0.8776855 0.9522136 0 0.3054328
Excitatory.neurons Notochord.cells 0 0 0 0.02309912 0.01033285 -0.003033328 0.2775952 0.9606934 -0.9999951 0 -0.00315742
Excitatory.neurons Premature.oligodendrocyte 0 0 0 0.02198385 0.007188325 -0.03431653 0.01693172 0.9992676 -0.9994109 0 -0.03432145
Excitatory.neurons Isthmic.organizer.cells 0 0 0 0.02209675 0.03065122 0.1710274 0.1756515 0.9694824 -0.9847935 0 0.1737285
Excitatory.neurons White.blood.cells 0 0 0 0.02198385 0.002590924 -0.03431653 0.01693172 0.9992676 -0.9994109 0 -0.03432145
Excitatory.neurons Cardiac.muscle.lineages 0 0 0 0.02198385 0.008608644 -0.03431653 0.01693172 0.9992676 -0.9994109 0 -0.03432145
Excitatory.neurons Megakaryocytes 0 0 0 0.02198385 0.00192634 -0.03431653 0.01693172 0.9992676 -0.9994109 0 -0.03432145
Excitatory.neurons Hepatocytes 0 0 0 0.02198385 0.0009431213 -0.03431653 0.01693172 0.9992676 -0.9994109 0 -0.03432145
Oligodendrocyte.Progenitors Intermediate.Mesoderm 0 0 0 0.03078399 0.02668738 -0.03431653 0.01693172 0.9992676 -0.9994109 0 -0.03432145
Oligodendrocyte.Progenitors Jaw.and.tooth.progenitors 0 0 0 0.03078399 0.02435421 -0.03431653 0.01693172 0.9992676 -0.9994109 0 -0.03432145
Oligodendrocyte.Progenitors Inhibitory.neurons 0 0 0 0.03063425 0.007595195 0.04742682 0.01380628 0.9987793 -0.9988745 0 0.04743133
Oligodendrocyte.Progenitors Primitive.erythroid.lineage 0 0 0 0.03078399 0.002981651 -0.03431653 0.01693172 0.9992676 -0.9994109 0 -0.03432145
Oligodendrocyte.Progenitors Inhibitory.interneurons 0 0 0 0.03046988 0.002100257 0.05644158 0.06422738 0.9963379 -0.9983993 0 0.05655836
Oligodendrocyte.Progenitors Osteoblasts 0 0 0 0.03078399 0.05549468 -0.03431653 0.01693172 0.9992676 -0.9994109 0 -0.03432145
Oligodendrocyte.Progenitors Lens 0 0 0 0.03078399 0.002083486 -0.03431653 0.01693172 0.9992676 -0.9994109 0 -0.03432145
Oligodendrocyte.Progenitors Chondroctye.progenitors 0 0 0 0.03078399 0.01328498 -0.03431653 0.01693172 0.9992676 -0.9994109 0 -0.03432145
Oligodendrocyte.Progenitors Postmitotic.premature.neurons 0 0 0 0.02987684 0.01085258 0.2073021 0.003277564 0.9782715 -0.9782767 0 0.2073032
Oligodendrocyte.Progenitors Stromal.cells 0 0 0 0.03078399 0.03335301 -0.03431653 0.01693172 0.9992676 -0.9994109 0 -0.03432145
Oligodendrocyte.Progenitors Inhibitory.neuron.progenitors 0 0 0 0.03046988 0.008712296 0.05644158 0.06422738 0.9963379 -0.9983993 0 0.05655836
Oligodendrocyte.Progenitors Cholinergic.neurons 0 0 0 0.03078518 0.001273401 -0.163272 0.004171492 0.9865723 -0.9865808 0 -0.1632735
Oligodendrocyte.Progenitors Granule.neurons 0 0 0 0.03046988 0.005013862 0.05644158 0.06422738 0.9963379 -0.9983993 0 0.05655836
Oligodendrocyte.Progenitors Notochord.cells 0.004619112 0.1837276 0.5624581 0.02514109 0.008212367 -0.8340101 0.2081349 0.5109863 -0.5224274 0 -0.8526837
Oligodendrocyte.Progenitors Premature.oligodendrocyte 0.002411495 0.08001273 0.3797662 0.0301389 0.006349948 -0.8193694 0.01752277 -0.572998 0.573086 0 -0.8194952
Oligodendrocyte.Progenitors Isthmic.organizer.cells 0.01304326 0.5794984 0.7263398 0.02250784 0.01795752 -0.8851404 0.4640125 -0.03491209 0.03941179 0 -0.9992231
Oligodendrocyte.Progenitors White.blood.cells 0 0 0 0.03078399 0.002590924 -0.03431653 0.01693172 0.9992676 -0.9994109 0 -0.03432145
Oligodendrocyte.Progenitors Cardiac.muscle.lineages 0 0 0 0.03078399 0.008608644 -0.03431653 0.01693172 0.9992676 -0.9994109 0 -0.03432145
Oligodendrocyte.Progenitors Megakaryocytes 0 0 0 0.03078399 0.00192634 -0.03431653 0.01693172 0.9992676 -0.9994109 0 -0.03432145
Oligodendrocyte.Progenitors Hepatocytes 0 0 0 0.03078399 0.0009431213 -0.03431653 0.01693172 0.9992676 -0.9994109 0 -0.03432145
Intermediate.Mesoderm Jaw.and.tooth.progenitors 0.008479668 0.3272776 0.381839 0.02590971 0.02220744 -0.108773 0.5709878 0.8137207 -0.9911836 0 -0.1324951
Intermediate.Mesoderm Inhibitory.neurons 0 0 0 0.02668738 0.007609356 -0.03431653 0.01693172 0.9992676 -0.9994109 0 -0.03432145
Intermediate.Mesoderm Primitive.erythroid.lineage 0 0 0 0.02668738 0.002981651 -0.03431653 0.01693172 0.9992676 -0.9994109 0 -0.03432145
Intermediate.Mesoderm Inhibitory.interneurons 0 0 0 0.02668738 0.001448381 -0.03431653 0.01693172 0.9992676 -0.9994109 0 -0.03432145
Intermediate.Mesoderm Osteoblasts 0.004409892 0.1744546 0.07900419 0.02527817 0.05581846 -0.1747123 0.0008545975 -0.9846191 0.9846195 0 -0.1747124
Intermediate.Mesoderm Lens 0 0 0 0.02668738 0.002083486 -0.03431653 0.01693172 0.9992676 -0.9994109 0 -0.03432145
Intermediate.Mesoderm Chondroctye.progenitors 0.002837915 0.1058661 0.2238948 0.02680666 0.01267522 -0.1972556 0.4367589 0.8776855 -0.9756629 0 -0.2192756
Intermediate.Mesoderm Postmitotic.premature.neurons 0 0 0 0.02668738 0.01124883 -0.03431653 0.01693172 0.9992676 -0.9994109 0 -0.03432145
Intermediate.Mesoderm Stromal.cells 0.0142879 0.5022002 0.5149763 0.02845061 0.02774478 0.2432082 0.6230521 -0.7434083 0.9504308 0 0.3109363
Intermediate.Mesoderm Inhibitory.neuron.progenitors 0 0 0 0.02668738 0.008056986 -0.03431653 0.01693172 0.9992676 -0.9994109 0 -0.03432145
Intermediate.Mesoderm Cholinergic.neurons 0 0 0 0.02668738 0.001089789 -0.03431653 0.01693172 0.9992676 -0.9994109 0 -0.03432145
Intermediate.Mesoderm Granule.neurons 0 0 0 0.02668738 0.00376108 -0.03431653 0.01693172 0.9992676 -0.9994109 0 -0.03432145
Intermediate.Mesoderm Notochord.cells 0 0 0 0.02668738 0.01060617 -0.03431653 0.01693172 0.9992676 -0.9994109 0 -0.03432145
Intermediate.Mesoderm Premature.oligodendrocyte 0 0 0 0.02668738 0.007188325 -0.03431653 0.01693172 0.9992676 -0.9994109 0 -0.03432145
Intermediate.Mesoderm Isthmic.organizer.cells 0 0 0 0.02668738 0.0317396 -0.03431653 0.01693172 0.9992676 -0.9994109 0 -0.03432145
Intermediate.Mesoderm White.blood.cells 0 0 0 0.02668738 0.002590924 -0.03431653 0.01693172 0.9992676 -0.9994109 0 -0.03432145
Intermediate.Mesoderm Cardiac.muscle.lineages 0.00413004 0.1605192 0.4622988 0.02572927 0.008933704 0.1755089 0.06725698 0.9821777 -0.9844068 0 0.1759073
Intermediate.Mesoderm Megakaryocytes 0 0 0 0.02668738 0.00192634 -0.03431653 0.01693172 0.9992676 -0.9994109 0 -0.03432145
Intermediate.Mesoderm Hepatocytes 0 0 0 0.02668738 0.0009431213 -0.03431653 0.01693172 0.9992676 -0.9994109 0 -0.03432145
Jaw.and.tooth.progenitors Inhibitory.neurons 0 0 0 0.02435421 0.007609356 -0.03431653 0.01693172 0.9992676 -0.9994109 0 -0.03432145
Jaw.and.tooth.progenitors Primitive.erythroid.lineage 0 0 0 0.02435421 0.002981651 -0.03431653 0.01693172 0.9992676 -0.9994109 0 -0.03432145
Jaw.and.tooth.progenitors Inhibitory.interneurons 0 0 0 0.02435421 0.001448381 -0.03431653 0.01693172 0.9992676 -0.9994109 0 -0.03432145
Jaw.and.tooth.progenitors Osteoblasts 0.009509853 0.327488 0.1016122 0.02903878 0.09358969 -0.865567 0.2820429 0.4138183 -0.4313295 0 -0.9021944
Jaw.and.tooth.progenitors Lens 0 0 0 0.02435421 0.002083486 -0.03431653 0.01693172 0.9992676 -0.9994109 0 -0.03432145
Jaw.and.tooth.progenitors Chondroctye.progenitors 0.007086419 0.2958081 0.4775515 0.02395613 0.01483907 0.01966367 0.852586 0.5222169 -0.9992918 0 0.03762755
Jaw.and.tooth.progenitors Postmitotic.premature.neurons 0 0 0 0.02435421 0.01124883 -0.03431653 0.01693172 0.9992676 -0.9994109 0 -0.03432145
Jaw.and.tooth.progenitors Stromal.cells 0.01204118 0.4914404 0.4139895 0.02450181 0.02908571 -0.02304713 0.5625881 -0.826416 0.9996113 0 -0.02787722
Jaw.and.tooth.progenitors Inhibitory.neuron.progenitors 0 0 0 0.02435421 0.008056986 -0.03431653 0.01693172 0.9992676 -0.9994109 0 -0.03432145
Jaw.and.tooth.progenitors Cholinergic.neurons 0 0 0 0.02435421 0.001089789 -0.03431653 0.01693172 0.9992676 -0.9994109 0 -0.03432145
Jaw.and.tooth.progenitors Granule.neurons 0 0 0 0.02435421 0.00376108 -0.03431653 0.01693172 0.9992676 -0.9994109 0 -0.03432145
Jaw.and.tooth.progenitors Notochord.cells 0 0 0 0.02435421 0.01060617 -0.03431653 0.01693172 0.9992676 -0.9994109 0 -0.03432145
Jaw.and.tooth.progenitors Premature.oligodendrocyte 0 0 0 0.02435421 0.007188325 -0.03431653 0.01693172 0.9992676 -0.9994109 0 -0.03432145
Jaw.and.tooth.progenitors Isthmic.organizer.cells 0 0 0 0.02435421 0.0317396 -0.03431653 0.01693172 0.9992676 -0.9994109 0 -0.03432145
Jaw.and.tooth.progenitors White.blood.cells 0 0 0 0.02435421 0.002590924 -0.03431653 0.01693172 0.9992676 -0.9994109 0 -0.03432145
Jaw.and.tooth.progenitors Cardiac.muscle.lineages 0.001852403 0.07853204 0.1891975 0.02358786 0.009790841 -0.1010978 0.1390777 0.9851074 -0.9947752 0 -0.10209
Jaw.and.tooth.progenitors Megakaryocytes 0 0 0 0.02435421 0.00192634 -0.03431653 0.01693172 0.9992676 -0.9994109 0 -0.03432145
Jaw.and.tooth.progenitors Hepatocytes 0 0 0 0.02435421 0.0009431213 -0.03431653 0.01693172 0.9992676 -0.9994109 0 -0.03432145
Inhibitory.neurons Primitive.erythroid.lineage 0 0 0 0.007609356 0.002981651 -0.03431653 0.01693172 0.9992676 -0.9994109 0 -0.03432145
Inhibitory.neurons Inhibitory.interneurons 0.0003175754 0.03871618 0.2436534 0.008202652 0.00130339 -0.01501084 0.1795047 -0.9836426 0.9998836 0 -0.01525869
Inhibitory.neurons Osteoblasts 0 0 0 0.007609356 0.05549468 -0.03431653 0.01693172 0.9992676 -0.9994109 0 -0.03432145
Inhibitory.neurons Lens 0 0 0 0.007609356 0.002083486 -0.03431653 0.01693172 0.9992676 -0.9994109 0 -0.03432145
Inhibitory.neurons Chondroctye.progenitors 0 0 0 0.007609356 0.01328498 -0.03431653 0.01693172 0.9992676 -0.9994109 0 -0.03432145
Inhibitory.neurons Postmitotic.premature.neurons 0.0008530396 0.108154 0.04654124 0.00788727 0.01832868 -0.1284424 0.5262455 0.8405762 -0.9885262 0 -0.1510496
Inhibitory.neurons Stromal.cells 0 0 0 0.007609356 0.03335301 -0.03431653 0.01693172 0.9992676 -0.9994109 0 -0.03432145
Inhibitory.neurons Inhibitory.neuron.progenitors 0.00320421 0.2926273 0.2110813 0.0109498 0.01517998 0.9788939 0.08406451 -0.1862793 0.186941 0 0.9823712
Inhibitory.neurons Cholinergic.neurons 0 0 0 0.007609356 0.001089789 -0.03431653 0.01693172 0.9992676 -0.9994109 0 -0.03432145
Inhibitory.neurons Granule.neurons 0 0 0 0.007609356 0.00376108 -0.03431653 0.01693172 0.9992676 -0.9994109 0 -0.03432145
Inhibitory.neurons Notochord.cells 0 0 0 0.00708553 0.01046052 -0.009749388 0.1570104 0.9875488 -0.9999513 0 -0.009871829
Inhibitory.neurons Premature.oligodendrocyte 0 0 0 0.007609356 0.007188325 -0.03431653 0.01693172 0.9992676 -0.9994109 0 -0.03432145
Inhibitory.neurons Isthmic.organizer.cells 0 0 0 0.007595195 0.03168868 0.04742682 0.01380628 0.9987793 -0.9988745 0 0.04743133
Inhibitory.neurons White.blood.cells 0 0 0 0.007609356 0.002590924 -0.03431653 0.01693172 0.9992676 -0.9994109 0 -0.03432145
Inhibitory.neurons Cardiac.muscle.lineages 0 0 0 0.007609356 0.008608644 -0.03431653 0.01693172 0.9992676 -0.9994109 0 -0.03432145
Inhibitory.neurons Megakaryocytes 0 0 0 0.007609356 0.00192634 -0.03431653 0.01693172 0.9992676 -0.9994109 0 -0.03432145
Inhibitory.neurons Hepatocytes 0 0 0 0.007609356 0.0009431213 -0.03431653 0.01693172 0.9992676 -0.9994109 0 -0.03432145
Primitive.erythroid.lineage Inhibitory.interneurons 0 0 0 0.002981651 0.001448381 -0.03431653 0.01693172 0.9992676 -0.9994109 0 -0.03432145
Primitive.erythroid.lineage Osteoblasts 0 0 0 0.002981651 0.05549468 -0.03431653 0.01693172 0.9992676 -0.9994109 0 -0.03432145
Primitive.erythroid.lineage Lens 0 0 0 0.002981651 0.002083486 -0.03431653 0.01693172 0.9992676 -0.9994109 0 -0.03432145
Primitive.erythroid.lineage Chondroctye.progenitors 0 0 0 0.002981651 0.01328498 -0.03431653 0.01693172 0.9992676 -0.9994109 0 -0.03432145
Primitive.erythroid.lineage Postmitotic.premature.neurons 0 0 0 0.002981651 0.01124883 -0.03431653 0.01693172 0.9992676 -0.9994109 0 -0.03432145
Primitive.erythroid.lineage Stromal.cells 0 0 0 0.002981651 0.03335301 -0.03431653 0.01693172 0.9992676 -0.9994109 0 -0.03432145
Primitive.erythroid.lineage Inhibitory.neuron.progenitors 0 0 0 0.002981651 0.008056986 -0.03431653 0.01693172 0.9992676 -0.9994109 0 -0.03432145
Primitive.erythroid.lineage Cholinergic.neurons 0 0 0 0.002981651 0.001089789 -0.03431653 0.01693172 0.9992676 -0.9994109 0 -0.03432145
Primitive.erythroid.lineage Granule.neurons 0 0 0 0.002981651 0.00376108 -0.03431653 0.01693172 0.9992676 -0.9994109 0 -0.03432145
Primitive.erythroid.lineage Notochord.cells 0 0 0 0.002981651 0.01060617 -0.03431653 0.01693172 0.9992676 -0.9994109 0 -0.03432145
Primitive.erythroid.lineage Premature.oligodendrocyte 0 0 0 0.002981651 0.007188325 -0.03431653 0.01693172 0.9992676 -0.9994109 0 -0.03432145
Primitive.erythroid.lineage Isthmic.organizer.cells 0 0 0 0.002981651 0.0317396 -0.03431653 0.01693172 0.9992676 -0.9994109 0 -0.03432145
Primitive.erythroid.lineage White.blood.cells 0 0 0 0.002981651 0.002590924 -0.03431653 0.01693172 0.9992676 -0.9994109 0 -0.03432145
Primitive.erythroid.lineage Cardiac.muscle.lineages 0 0 0 0.002981651 0.008608644 -0.03431653 0.01693172 0.9992676 -0.9994109 0 -0.03432145
Primitive.erythroid.lineage Megakaryocytes 0 0 0 0.002981651 0.00192634 -0.03431653 0.01693172 0.9992676 -0.9994109 0 -0.03432145
Primitive.erythroid.lineage Hepatocytes 0 0 0 0.002981651 0.0009431213 -0.03431653 0.01693172 0.9992676 -0.9994109 0 -0.03432145
Inhibitory.interneurons Osteoblasts 0 0 0 0.001448381 0.05549468 -0.03431653 0.01693172 0.9992676 -0.9994109 0 -0.03432145
Inhibitory.interneurons Lens 0 0 0 0.001448381 0.002083486 -0.03431653 0.01693172 0.9992676 -0.9994109 0 -0.03432145
Inhibitory.interneurons Chondroctye.progenitors 0 0 0 0.001448381 0.01328498 -0.03431653 0.01693172 0.9992676 -0.9994109 0 -0.03432145
Inhibitory.interneurons Postmitotic.premature.neurons 0 0 0 0.001448381 0.01124883 -0.03431653 0.01693172 0.9992676 -0.9994109 0 -0.03432145
Inhibitory.interneurons Stromal.cells 0 0 0 0.001448381 0.03335301 -0.03431653 0.01693172 0.9992676 -0.9994109 0 -0.03432145
Inhibitory.interneurons Inhibitory.neuron.progenitors 0.0003326716 0.4845206 0.04217165 0.0006865994 0.007888513 0.1370022 0.05551878 -0.9890137 0.9905415 0 0.1372139
Inhibitory.interneurons Cholinergic.neurons 0 0 0 0.001448381 0.001089789 -0.03431653 0.01693172 0.9992676 -0.9994109 0 -0.03432145
Inhibitory.interneurons Granule.neurons 0 0 0 0.001448381 0.00376108 -0.03431653 0.01693172 0.9992676 -0.9994109 0 -0.03432145
Inhibitory.interneurons Notochord.cells 0 0 0 0.001448381 0.01060617 -0.03431653 0.01693172 0.9992676 -0.9994109 0 -0.03432145
Inhibitory.interneurons Premature.oligodendrocyte 0 0 0 0.001448381 0.007188325 -0.03431653 0.01693172 0.9992676 -0.9994109 0 -0.03432145
Inhibitory.interneurons Isthmic.organizer.cells 0 0 0 0.001448381 0.0317396 -0.03431653 0.01693172 0.9992676 -0.9994109 0 -0.03432145
Inhibitory.interneurons White.blood.cells 0 0 0 0.001448381 0.002590924 -0.03431653 0.01693172 0.9992676 -0.9994109 0 -0.03432145
Inhibitory.interneurons Cardiac.muscle.lineages 0 0 0 0.001448381 0.008608644 -0.03431653 0.01693172 0.9992676 -0.9994109 0 -0.03432145
Inhibitory.interneurons Megakaryocytes 0 0 0 0.001448381 0.00192634 -0.03431653 0.01693172 0.9992676 -0.9994109 0 -0.03432145
Inhibitory.interneurons Hepatocytes 0 0 0 0.001448381 0.0009431213 -0.03431653 0.01693172 0.9992676 -0.9994109 0 -0.03432145
Osteoblasts Lens 0 0 0 0.05549468 0.002083486 -0.03431653 0.01693172 0.9992676 -0.9994109 0 -0.03432145
Osteoblasts Chondroctye.progenitors 0.009593063 0.1374159 0.7769398 0.06981045 0.01234724 0.3138741 0.001797928 -0.9494629 0.9494644 0 0.3138746
Osteoblasts Postmitotic.premature.neurons 0 0 0 0.05549468 0.01124883 -0.03431653 0.01693172 0.9992676 -0.9994109 0 -0.03432145
Osteoblasts Stromal.cells 0.01406102 0.2063168 0.439773 0.0681526 0.03197337 -0.3499697 0.8192015 -0.4543458 0.7922253 0 -0.6102288
Osteoblasts Inhibitory.neuron.progenitors 0 0 0 0.05549468 0.008056986 -0.03431653 0.01693172 0.9992676 -0.9994109 0 -0.03432145
Osteoblasts Cholinergic.neurons 0 0 0 0.05549468 0.001089789 -0.03431653 0.01693172 0.9992676 -0.9994109 0 -0.03432145
Osteoblasts Granule.neurons 0 0 0 0.05549468 0.00376108 -0.03431653 0.01693172 0.9992676 -0.9994109 0 -0.03432145
Osteoblasts Notochord.cells 0 0 0 0.05549468 0.01060617 -0.03431653 0.01693172 0.9992676 -0.9994109 0 -0.03432145
Osteoblasts Premature.oligodendrocyte 0 0 0 0.05549468 0.007188325 -0.03431653 0.01693172 0.9992676 -0.9994109 0 -0.03432145
Osteoblasts Isthmic.organizer.cells 0 0 0 0.05549468 0.0317396 -0.03431653 0.01693172 0.9992676 -0.9994109 0 -0.03432145
Osteoblasts White.blood.cells 0 0 0 0.05549468 0.002590924 -0.03431653 0.01693172 0.9992676 -0.9994109 0 -0.03432145
Osteoblasts Cardiac.muscle.lineages 0.00508348 0.07192933 1 0.07067326 0.00508348 -0.4136651 0.2734015 -0.8684082 0.9028051 0 -0.43005
Osteoblasts Megakaryocytes 0 0 0 0.05549468 0.00192634 -0.03431653 0.01693172 0.9992676 -0.9994109 0 -0.03432145
Osteoblasts Hepatocytes 0 0 0 0.05549468 0.0009431213 -0.03431653 0.01693172 0.9992676 -0.9994109 0 -0.03432145
Lens Chondroctye.progenitors 0 0 0 0.002083486 0.01328498 -0.03431653 0.01693172 0.9992676 -0.9994109 0 -0.03432145
Lens Postmitotic.premature.neurons 0 0 0 0.002083486 0.01124883 -0.03431653 0.01693172 0.9992676 -0.9994109 0 -0.03432145
Lens Stromal.cells 0 0 0 0.002083486 0.03335301 -0.03431653 0.01693172 0.9992676 -0.9994109 0 -0.03432145
Lens Inhibitory.neuron.progenitors 0 0 0 0.002083486 0.008056986 -0.03431653 0.01693172 0.9992676 -0.9994109 0 -0.03432145
Lens Cholinergic.neurons 0 0 0 0.002083486 0.001089789 -0.03431653 0.01693172 0.9992676 -0.9994109 0 -0.03432145
Lens Granule.neurons 0 0 0 0.002083486 0.00376108 -0.03431653 0.01693172 0.9992676 -0.9994109 0 -0.03432145
Lens Notochord.cells 0 0 0 0.002083486 0.01060617 -0.03431653 0.01693172 0.9992676 -0.9994109 0 -0.03432145
Lens Premature.oligodendrocyte 0 0 0 0.002083486 0.007188325 -0.03431653 0.01693172 0.9992676 -0.9994109 0 -0.03432145
Lens Isthmic.organizer.cells 0 0 0 0.002083486 0.0317396 -0.03431653 0.01693172 0.9992676 -0.9994109 0 -0.03432145
Lens White.blood.cells 0 0 0 0.002083486 0.002590924 -0.03431653 0.01693172 0.9992676 -0.9994109 0 -0.03432145
Lens Cardiac.muscle.lineages 0 0 0 0.002083486 0.008608644 -0.03431653 0.01693172 0.9992676 -0.9994109 0 -0.03432145
Lens Megakaryocytes 0 0 0 0.002083486 0.00192634 -0.03431653 0.01693172 0.9992676 -0.9994109 0 -0.03432145
Lens Hepatocytes 0 0 0 0.002083486 0.0009431213 -0.03431653 0.01693172 0.9992676 -0.9994109 0 -0.03432145
Chondroctye.progenitors Postmitotic.premature.neurons 0 0 0 0.01328498 0.01124883 -0.03431653 0.01693172 0.9992676 -0.9994109 0 -0.03432145
Chondroctye.progenitors Stromal.cells 0.003480763 0.2387343 0.1140679 0.01458007 0.03051483 0.09801722 0.386096 -0.9172363 0.9943388 0 0.1062565
Chondroctye.progenitors Inhibitory.neuron.progenitors 0 0 0 0.01328498 0.008056986 -0.03431653 0.01693172 0.9992676 -0.9994109 0 -0.03432145
Chondroctye.progenitors Cholinergic.neurons 0 0 0 0.01328498 0.001089789 -0.03431653 0.01693172 0.9992676 -0.9994109 0 -0.03432145
Chondroctye.progenitors Granule.neurons 0 0 0 0.01328498 0.00376108 -0.03431653 0.01693172 0.9992676 -0.9994109 0 -0.03432145
Chondroctye.progenitors Notochord.cells 0 0 0 0.01328498 0.01060617 -0.03431653 0.01693172 0.9992676 -0.9994109 0 -0.03432145
Chondroctye.progenitors Premature.oligodendrocyte 0 0 0 0.01328498 0.007188325 -0.03431653 0.01693172 0.9992676 -0.9994109 0 -0.03432145
Chondroctye.progenitors Isthmic.organizer.cells 0 0 0 0.01328498 0.0317396 -0.03431653 0.01693172 0.9992676 -0.9994109 0 -0.03432145
Chondroctye.progenitors White.blood.cells 0 0 0 0.01328498 0.002590924 -0.03431653 0.01693172 0.9992676 -0.9994109 0 -0.03432145
Chondroctye.progenitors Cardiac.muscle.lineages 0 0 0 0.01328498 0.008608644 -0.03431653 0.01693172 0.9992676 -0.9994109 0 -0.03432145
Chondroctye.progenitors Megakaryocytes 0 0 0 0.01328498 0.00192634 -0.03431653 0.01693172 0.9992676 -0.9994109 0 -0.03432145
Chondroctye.progenitors Hepatocytes 0 0 0 0.01328498 0.0009431213 -0.03431653 0.01693172 0.9992676 -0.9994109 0 -0.03432145
Postmitotic.premature.neurons Stromal.cells 0 0 0 0.01124883 0.03335301 -0.03431653 0.01693172 0.9992676 -0.9994109 0 -0.03432145
Postmitotic.premature.neurons Inhibitory.neuron.progenitors 0.001522726 0.1542749 0.2262982 0.009870209 0.006728846 0.0003907849 0.2546204 -0.967041 0.9999999 0 0.0004041037
Postmitotic.premature.neurons Cholinergic.neurons 0 0 0 0.01124883 0.001089789 -0.03431653 0.01693172 0.9992676 -0.9994109 0 -0.03432145
Postmitotic.premature.neurons Granule.neurons 0.001971758 0.1847435 0.6094116 0.01067295 0.003235512 0.1271694 0.115721 -0.9851074 0.9917703 0 0.1280295
Postmitotic.premature.neurons Notochord.cells 0 0 0 0.01119771 0.01009393 0.2728818 0.02695352 0.9616699 -0.9620194 0 0.272981
Postmitotic.premature.neurons Premature.oligodendrocyte 0 0 0 0.01124883 0.007188325 -0.03431653 0.01693172 0.9992676 -0.9994109 0 -0.03432145
Postmitotic.premature.neurons Isthmic.organizer.cells 0 0 0 0.01094571 0.0313766 0.1493689 0.02250491 0.9885254 -0.9887758 0 0.1494068
Postmitotic.premature.neurons White.blood.cells 0 0 0 0.01124883 0.002590924 -0.03431653 0.01693172 0.9992676 -0.9994109 0 -0.03432145
Postmitotic.premature.neurons Cardiac.muscle.lineages 0 0 0 0.01124883 0.008608644 -0.03431653 0.01693172 0.9992676 -0.9994109 0 -0.03432145
Postmitotic.premature.neurons Megakaryocytes 0 0 0 0.01124883 0.00192634 -0.03431653 0.01693172 0.9992676 -0.9994109 0 -0.03432145
Postmitotic.premature.neurons Hepatocytes 0 0 0 0.01124883 0.0009431213 -0.03431653 0.01693172 0.9992676 -0.9994109 0 -0.03432145
Stromal.cells Inhibitory.neuron.progenitors 0 0 0 0.03335301 0.008056986 -0.03431653 0.01693172 0.9992676 -0.9994109 0 -0.03432145
Stromal.cells Cholinergic.neurons 0 0 0 0.03335301 0.001089789 -0.03431653 0.01693172 0.9992676 -0.9994109 0 -0.03432145
Stromal.cells Granule.neurons 0 0 0 0.03335301 0.00376108 -0.03431653 0.01693172 0.9992676 -0.9994109 0 -0.03432145
Stromal.cells Notochord.cells 0 0 0 0.03335301 0.01060617 -0.03431653 0.01693172 0.9992676 -0.9994109 0 -0.03432145
Stromal.cells Premature.oligodendrocyte 0 0 0 0.03335301 0.007188325 -0.03431653 0.01693172 0.9992676 -0.9994109 0 -0.03432145
Stromal.cells Isthmic.organizer.cells 0 0 0 0.03335301 0.0317396 -0.03431653 0.01693172 0.9992676 -0.9994109 0 -0.03432145
Stromal.cells White.blood.cells 0 0 0 0.03335301 0.002590924 -0.03431653 0.01693172 0.9992676 -0.9994109 0 -0.03432145
Stromal.cells Cardiac.muscle.lineages 0.004298571 0.1288811 0.499332 0.03335301 0.008608644 -0.03431653 0.01693172 0.9992676 -0.9994109 0 -0.03432145
Stromal.cells Megakaryocytes 0 0 0 0.03335301 0.00192634 -0.03431653 0.01693172 0.9992676 -0.9994109 0 -0.03432145
Stromal.cells Hepatocytes 0 0 0 0.03335301 0.0009431213 -0.03431653 0.01693172 0.9992676 -0.9994109 0 -0.03432145
Inhibitory.neuron.progenitors Cholinergic.neurons 0 0 0 0.008056986 0.001089789 -0.03431653 0.01693172 0.9992676 -0.9994109 0 -0.03432145
Inhibitory.neuron.progenitors Granule.neurons 0 0 0 0.008056986 0.00376108 -0.03431653 0.01693172 0.9992676 -0.9994109 0 -0.03432145
Inhibitory.neuron.progenitors Notochord.cells 0 0 0 0.01015764 0.01012922 0.23438 0.1128214 0.9655762 -0.9717807 0 0.2358861
Inhibitory.neuron.progenitors Premature.oligodendrocyte 0 0 0 0.008056986 0.007188325 -0.03431653 0.01693172 0.9992676 -0.9994109 0 -0.03432145
Inhibitory.neuron.progenitors Isthmic.organizer.cells 0 0 0 0.008307918 0.03168868 0.04742682 0.01380628 0.9987793 -0.9988745 0 0.04743133
Inhibitory.neuron.progenitors White.blood.cells 0 0 0 0.008056986 0.002590924 -0.03431653 0.01693172 0.9992676 -0.9994109 0 -0.03432145
Inhibitory.neuron.progenitors Cardiac.muscle.lineages 0 0 0 0.008056986 0.008608644 -0.03431653 0.01693172 0.9992676 -0.9994109 0 -0.03432145
Inhibitory.neuron.progenitors Megakaryocytes 0 0 0 0.008056986 0.00192634 -0.03431653 0.01693172 0.9992676 -0.9994109 0 -0.03432145
Inhibitory.neuron.progenitors Hepatocytes 0 0 0 0.008056986 0.0009431213 -0.03431653 0.01693172 0.9992676 -0.9994109 0 -0.03432145
Cholinergic.neurons Granule.neurons 0 0 0 0.001089789 0.00376108 -0.03431653 0.01693172 0.9992676 -0.9994109 0 -0.03432145
Cholinergic.neurons Notochord.cells 0 0 0 0.001089789 0.01060617 -0.03431653 0.01693172 0.9992676 -0.9994109 0 -0.03432145
Cholinergic.neurons Premature.oligodendrocyte 0 0 0 0.001089789 0.007188325 -0.03431653 0.01693172 0.9992676 -0.9994109 0 -0.03432145
Cholinergic.neurons Isthmic.organizer.cells 0 0 0 0.001150477 0.0305456 0.2728818 0.02695352 0.9616699 -0.9620194 0 0.272981
Cholinergic.neurons White.blood.cells 0 0 0 0.001089789 0.002590924 -0.03431653 0.01693172 0.9992676 -0.9994109 0 -0.03432145
Cholinergic.neurons Cardiac.muscle.lineages 0 0 0 0.001089789 0.008608644 -0.03431653 0.01693172 0.9992676 -0.9994109 0 -0.03432145
Cholinergic.neurons Megakaryocytes 0 0 0 0.001089789 0.00192634 -0.03431653 0.01693172 0.9992676 -0.9994109 0 -0.03432145
Cholinergic.neurons Hepatocytes 0 0 0 0.001089789 0.0009431213 -0.03431653 0.01693172 0.9992676 -0.9994109 0 -0.03432145
Granule.neurons Notochord.cells 0 0 0 0.006130418 0.01028487 0.1755089 0.06725698 0.9821777 -0.9844068 0 0.1759073
Granule.neurons Premature.oligodendrocyte 0 0 0 0.00376108 0.007188325 -0.03431653 0.01693172 0.9992676 -0.9994109 0 -0.03432145
Granule.neurons Isthmic.organizer.cells 0 0 0 0.00376108 0.0317396 -0.03431653 0.01693172 0.9992676 -0.9994109 0 -0.03432145
Granule.neurons White.blood.cells 0 0 0 0.00376108 0.002590924 -0.03431653 0.01693172 0.9992676 -0.9994109 0 -0.03432145
Granule.neurons Cardiac.muscle.lineages 0 0 0 0.00376108 0.008608644 -0.03431653 0.01693172 0.9992676 -0.9994109 0 -0.03432145
Granule.neurons Megakaryocytes 0 0 0 0.00376108 0.00192634 -0.03431653 0.01693172 0.9992676 -0.9994109 0 -0.03432145
Granule.neurons Hepatocytes 0 0 0 0.00376108 0.0009431213 -0.03431653 0.01693172 0.9992676 -0.9994109 0 -0.03432145
Notochord.cells Premature.oligodendrocyte 0 0 0 0.01060617 0.007188325 -0.03431653 0.01693172 0.9992676 -0.9994109 0 -0.03432145
Notochord.cells Isthmic.organizer.cells 0.002560215 0.2687684 0.1535012 0.009525727 0.01667879 -0.7547564 0.6039485 -0.2561035 0.321325 0 -0.946969
Notochord.cells White.blood.cells 0 0 0 0.01060617 0.002590924 -0.03431653 0.01693172 0.9992676 -0.9994109 0 -0.03432145
Notochord.cells Cardiac.muscle.lineages 0 0 0 0.01060617 0.008608644 -0.03431653 0.01693172 0.9992676 -0.9994109 0 -0.03432145
Notochord.cells Megakaryocytes 0 0 0 0.01060617 0.00192634 -0.03431653 0.01693172 0.9992676 -0.9994109 0 -0.03432145
Notochord.cells Hepatocytes 0 0 0 0.01060617 0.0009431213 -0.03431653 0.01693172 0.9992676 -0.9994109 0 -0.03432145
Premature.oligodendrocyte Isthmic.organizer.cells 0.001488448 0.2344939 0.06630954 0.006347492 0.02244697 0.8307732 0.2631476 -0.4904785 0.5083966 0 0.861123
Premature.oligodendrocyte White.blood.cells 0 0 0 0.007188325 0.002590924 -0.03431653 0.01693172 0.9992676 -0.9994109 0 -0.03432145
Premature.oligodendrocyte Cardiac.muscle.lineages 0 0 0 0.007188325 0.008608644 -0.03431653 0.01693172 0.9992676 -0.9994109 0 -0.03432145
Premature.oligodendrocyte Megakaryocytes 0 0 0 0.007188325 0.00192634 -0.03431653 0.01693172 0.9992676 -0.9994109 0 -0.03432145
Premature.oligodendrocyte Hepatocytes 0 0 0 0.007188325 0.0009431213 -0.03431653 0.01693172 0.9992676 -0.9994109 0 -0.03432145
Isthmic.organizer.cells White.blood.cells 0 0 0 0.0317396 0.002590924 -0.03431653 0.01693172 0.9992676 -0.9994109 0 -0.03432145
Isthmic.organizer.cells Cardiac.muscle.lineages 0 0 0 0.0317396 0.008608644 -0.03431653 0.01693172 0.9992676 -0.9994109 0 -0.03432145
Isthmic.organizer.cells Megakaryocytes 0 0 0 0.0317396 0.00192634 -0.03431653 0.01693172 0.9992676 -0.9994109 0 -0.03432145
Isthmic.organizer.cells Hepatocytes 0 0 0 0.0317396 0.0009431213 -0.03431653 0.01693172 0.9992676 -0.9994109 0 -0.03432145
White.blood.cells Cardiac.muscle.lineages 0 0 0 0.002590924 0.008608644 -0.03431653 0.01693172 0.9992676 -0.9994109 0 -0.03432145
White.blood.cells Megakaryocytes 0.0004287659 0.3858454 0.9079598 0.001111237 0.0004722301 0.7412106 0.5582339 -0.3728027 0.4493312 0 0.8933653
White.blood.cells Hepatocytes 0 0 0 0.002590924 0.0009431213 -0.03431653 0.01693172 0.9992676 -0.9994109 0 -0.03432145
Cardiac.muscle.lineages Megakaryocytes 0 0 0 0.008608644 0.00192634 -0.03431653 0.01693172 0.9992676 -0.9994109 0 -0.03432145
Cardiac.muscle.lineages Hepatocytes 0 0 0 0.008608644 0.0009431213 -0.03431653 0.01693172 0.9992676 -0.9994109 0 -0.03432145
Megakaryocytes Hepatocytes 0 0 0 0.00192634 0.0009431213 -0.03431653 0.01693172 0.9992676 -0.9994109 0 -0.03432145
