11 14 0 0 0 0.002263146 0.005643234 -0.03431653 0.01693172 0.9992676 -0.9994109 0 -0.03432145
11 8 0 0 0 0.002263146 0.009415244 -0.03431653 0.01693172 0.9992676 -0.9994109 0 -0.03432145
11 1 0 0 0 0.002263146 0.03402856 -0.03431653 0.01693172 0.9992676 -0.9994109 0 -0.03432145
11 12 0 0 0 0.002263146 0.003212515 -0.03431653 0.01693172 0.9992676 -0.9994109 0 -0.03432145
11 22 0 0 0 0.002263146 0.0009498891 -0.03431653 0.01693172 0.9992676 -0.9994109 0 -0.03432145
11 20 0 0 0 0.002263146 0.008472125 -0.03431653 0.01693172 0.9992676 -0.9994109 0 -0.03432145
11 0 0 0 0 0.002263146 0.04371734 -0.03431653 0.01693172 0.9992676 -0.9994109 0 -0.03432145
11 6 0 0 0 0.002232165 0.009235221 -0.1153257 0.02846082 0.9929199 -0.9933223 0 -0.1153724
11 5 0 0 0 0.002263146 0.02941318 -0.03431653 0.01693172 0.9992676 -0.9994109 0 -0.03432145
11 2 0 0 0 0.002263146 0.03023189 -0.03431653 0.01693172 0.9992676 -0.9994109 0 -0.03432145
11 13 0 0 0 0.002263146 0.003158482 -0.03431653 0.01693172 0.9992676 -0.9994109 0 -0.03432145
11 9 0 0 0 0.002300096 0.01932143 0.04742682 0.01380628 0.9987793 -0.9988745 0 0.04743133
11 3 0 0 0 0.002263146 0.02037576 -0.03431653 0.01693172 0.9992676 -0.9994109 0 -0.03432145
11 4 0 0 0 0.002263146 0.02705226 -0.03431653 0.01693172 0.9992676 -0.9994109 0 -0.03432145
11 10 0 0 0 0.002263146 0.01556625 -0.03431653 0.01693172 0.9992676 -0.9994109 0 -0.03432145
11 16 0 0 0 0.002263146 0.003142405 -0.03431653 0.01693172 0.9992676 -0.9994109 0 -0.03432145
11 7 0 0 0 0.002263146 0.0112012 -0.03431653 0.01693172 0.9992676 -0.9994109 0 -0.03432145
11 15 0 0 0 0.002263146 0.007412049 -0.03431653 0.01693172 0.9992676 -0.9994109 0 -0.03432145
11 17 0 0 0 0.002263146 0.004334612 -0.03431653 0.01693172 0.9992676 -0.9994109 0 -0.03432145
11 18 0 0 0 0.002263146 0.00550457 -0.03431653 0.01693172 0.9992676 -0.9994109 0 -0.03432145
11 21 0 0 0 0.002263146 0.000417882 -0.03431653 0.01693172 0.9992676 -0.9994109 0 -0.03432145
11 23 0 0 0 0.002263146 0.0002573858 -0.03431653 0.01693172 0.9992676 -0.9994109 0 -0.03432145
11 19 0 0 0 0.002263146 0.0009536486 -0.03431653 0.01693172 0.9992676 -0.9994109 0 -0.03432145
14 8 0 0 0 0.005643234 0.009415244 -0.03431653 0.01693172 0.9992676 -0.9994109 0 -0.03432145
14 1 0 0 0 0.005643234 0.03402856 -0.03431653 0.01693172 0.9992676 -0.9994109 0 -0.03432145
14 12 0 0 0 0.005643234 0.003212515 -0.03431653 0.01693172 0.9992676 -0.9994109 0 -0.03432145
14 22 0 0 0 0.005643234 0.0009498891 -0.03431653 0.01693172 0.9992676 -0.9994109 0 -0.03432145
14 20 0 0 0 0.005643234 0.008472125 -0.03431653 0.01693172 0.9992676 -0.9994109 0 -0.03432145
14 0 0 0 0 0.005643234 0.04371734 -0.03431653 0.01693172 0.9992676 -0.9994109 0 -0.03432145
14 6 0 0 0 0.005643234 0.009507443 -0.03431653 0.01693172 0.9992676 -0.9994109 0 -0.03432145
14 5 0 0 0 0.005643234 0.02941318 -0.03431653 0.01693172 0.9992676 -0.9994109 0 -0.03432145
14 2 0 0 0 0.005643234 0.03023189 -0.03431653 0.01693172 0.9992676 -0.9994109 0 -0.03432145
14 13 0 0 0 0.005643234 0.003158482 -0.03431653 0.01693172 0.9992676 -0.9994109 0 -0.03432145
14 9 0 0 0 0.005643234 0.0191975 -0.03431653 0.01693172 0.9992676 -0.9994109 0 -0.03432145
14 3 0 0 0 0.005643234 0.02037576 -0.03431653 0.01693172 0.9992676 -0.9994109 0 -0.03432145
14 4 0 0 0 0.005643234 0.02705226 -0.03431653 0.01693172 0.9992676 -0.9994109 0 -0.03432145
14 10 0 0 0 0.005643234 0.01556625 -0.03431653 0.01693172 0.9992676 -0.9994109 0 -0.03432145
14 16 0 0 0 0.005643234 0.003142405 -0.03431653 0.01693172 0.9992676 -0.9994109 0 -0.03432145
14 7 0 0 0 0.005643234 0.0112012 -0.03431653 0.01693172 0.9992676 -0.9994109 0 -0.03432145
14 15 0 0 0 0.005643234 0.007412049 -0.03431653 0.01693172 0.9992676 -0.9994109 0 -0.03432145
14 17 0 0 0 0.005643234 0.004334612 -0.03431653 0.01693172 0.9992676 -0.9994109 0 -0.03432145
14 18 0 0 0 0.005643234 0.00550457 -0.03431653 0.01693172 0.9992676 -0.9994109 0 -0.03432145
14 21 0 0 0 0.005643234 0.000417882 -0.03431653 0.01693172 0.9992676 -0.9994109 0 -0.03432145
14 23 0 0 0 0.005643234 0.0002573858 -0.03431653 0.01693172 0.9992676 -0.9994109 0 -0.03432145
14 19 0 0 0 0.005643234 0.0009536486 -0.03431653 0.01693172 0.9992676 -0.9994109 0 -0.03432145
8 1 0 0 0 0.009415244 0.03402856 -0.03431653 0.01693172 0.9992676 -0.9994109 0 -0.03432145
8 12 0 0 0 0.009415244 0.003212515 -0.03431653 0.01693172 0.9992676 -0.9994109 0 -0.03432145
8 22 0 0 0 0.009415244 0.0009498891 -0.03431653 0.01693172 0.9992676 -0.9994109 0 -0.03432145
8 20 0 0 0 0.009415244 0.008472125 -0.03431653 0.01693172 0.9992676 -0.9994109 0 -0.03432145
8 0 0 0 0 0.009415244 0.04371734 -0.03431653 0.01693172 0.9992676 -0.9994109 0 -0.03432145
8 6 0 0 0 0.009415244 0.009507443 -0.03431653 0.01693172 0.9992676 -0.9994109 0 -0.03432145
8 5 0 0 0 0.01841195 0.02991479 0.4518901 0.03573929 0.8913574 -0.8919272 0 0.452179
8 2 0.00438498 0.4238466 0.1438388 0.01034568 0.03048538 0.08225829 0.2247108 -0.9709473 0.9964305 0 0.08441722
8 13 0 0 0 0.009415244 0.003158482 -0.03431653 0.01693172 0.9992676 -0.9994109 0 -0.03432145
8 9 0 0 0 0.009415244 0.0191975 -0.03431653 0.01693172 0.9992676 -0.9994109 0 -0.03432145
8 3 0.002202172 0.1378802 0.07735602 0.01597163 0.02846801 -0.01220395 0.5315741 0.8469238 -0.9998962 0 -0.01440824
8 4 0 0 0 0.009415244 0.02705226 -0.03431653 0.01693172 0.9992676 -0.9994109 0 -0.03432145
8 10 0 0 0 0.009415244 0.01556625 -0.03431653 0.01693172 0.9992676 -0.9994109 0 -0.03432145
8 16 0 0 0 0.009415244 0.003142405 -0.03431653 0.01693172 0.9992676 -0.9994109 0 -0.03432145
8 7 0 0 0 0.01137616 0.01304551 0.06822697 0.1235493 0.9899902 -0.9976337 0 0.06875373
8 15 0 0 0 0.01059663 0.008508433 -0.1010978 0.1390777 0.9851074 -0.9947752 0 -0.10209
8 17 0.0009400077 0.09583387 0.2130021 0.009808721 0.004413138 -0.06643912 0.06958211 0.9953613 -0.9977797 0 -0.06660055
8 18 0 0 0 0.01468714 0.00554629 -0.4001794 0.01801315 0.9162598 -0.9164084 0 -0.4002444
8 21 0 0 0 0.009415244 0.000417882 -0.03431653 0.01693172 0.9992676 -0.9994109 0 -0.03432145
8 23 0 0 0 0.009415244 0.0002573858 -0.03431653 0.01693172 0.9992676 -0.9994109 0 -0.03432145
8 19 0 0 0 0.009415244 0.0009536486 -0.03431653 0.01693172 0.9992676 -0.9994109 0 -0.03432145
1 12 0 0 0 0.03402856 0.003212515 -0.03431653 0.01693172 0.9992676 -0.9994109 0 -0.03432145
1 22 0 0 0 0.03402856 0.0009498891 -0.03431653 0.01693172 0.9992676 -0.9994109 0 -0.03432145
1 20 0 0 0 0.03402856 0.008472125 -0.03431653 0.01693172 0.9992676 -0.9994109 0 -0.03432145
1 0 0.01876192 0.6608486 0.5206687 0.02839064 0.03603427 0.4733602 0.7075761 0.5246581 -0.7424718 0 0.6698774
1 6 0 0 0 0.03402856 0.009507443 -0.03431653 0.01693172 0.9992676 -0.9994109 0 -0.03432145
1 5 0 0 0 0.03402856 0.02941318 -0.03431653 0.01693172 0.9992676 -0.9994109 0 -0.03432145
1 2 0 0 0 0.03402856 0.03023189 -0.03431653 0.01693172 0.9992676 -0.9994109 0 -0.03432145
1 13 0 0 0 0.03402856 0.003158482 -0.03431653 0.01693172 0.9992676 -0.9994109 0 -0.03432145
1 9 2.068953E-05 0.0005934758 0.001906093 0.03486162 0.01085442 0.4707901 0.8132432 -0.3420411 0.5877763 0 0.8090235
1 3 0 0 0 0.03402856 0.02037576 -0.03431653 0.01693172 0.9992676 -0.9994109 0 -0.03432145
1 4 0.01306138 0.4807021 0.5585933 0.02717146 0.02338263 0.1481263 0.7281786 0.6691895 -0.9763667 0 0.2161205
1 10 0.006253396 0.1590709 0.3724269 0.03931201 0.01679093 -0.8193694 0.01752277 -0.572998 0.573086 0 -0.8194952
1 16 0 0 0 0.03402856 0.003142405 -0.03431653 0.01693172 0.9992676 -0.9994109 0 -0.03432145
1 7 0 0 0 0.03402856 0.0112012 -0.03431653 0.01693172 0.9992676 -0.9994109 0 -0.03432145
1 15 0 0 0 0.03402856 0.007412049 -0.03431653 0.01693172 0.9992676 -0.9994109 0 -0.03432145
1 17 0 0 0 0.03402856 0.004334612 -0.03431653 0.01693172 0.9992676 -0.9994109 0 -0.03432145
1 18 0 0 0 0.03402856 0.00550457 -0.03431653 0.01693172 0.9992676 -0.9994109 0 -0.03432145
1 21 0 0 0 0.03402856 0.000417882 -0.03431653 0.01693172 0.9992676 -0.9994109 0 -0.03432145
1 23 0 0 0 0.03402856 0.0002573858 -0.03431653 0.01693172 0.9992676 -0.9994109 0 -0.03432145
1 19 0 0 0 0.03402856 0.0009536486 -0.03431653 0.01693172 0.9992676 -0.9994109 0 -0.03432145
12 22 0.0002688822 0.08815778 0.4313813 0.003050011 0.0006233051 -0.105826 0.196116 0.9748535 -0.9941594 0 -0.1079217
12 20 0 0 0 0.00362475 0.008626795 0.05644158 0.06422738 0.9963379 -0.9983993 0 0.05655836
12 0 0 0 0 0.003212515 0.04371734 -0.03431653 0.01693172 0.9992676 -0.9994109 0 -0.03432145
12 6 0 0 0 0.003212515 0.009507443 -0.03431653 0.01693172 0.9992676 -0.9994109 0 -0.03432145
12 5 0 0 0 0.003279728 0.02874059 -0.1724554 0.06801939 0.982666 -0.9849471 0 -0.1728557
12 2 0 0 0 0.003212515 0.03023189 -0.03431653 0.01693172 0.9992676 -0.9994109 0 -0.03432145
12 13 0 0 0 0.003212515 0.003158482 -0.03431653 0.01693172 0.9992676 -0.9994109 0 -0.03432145
12 9 0 0 0 0.003212515 0.0191975 -0.03431653 0.01693172 0.9992676 -0.9994109 0 -0.03432145
12 3 0 0 0 0.003212515 0.02037576 -0.03431653 0.01693172 0.9992676 -0.9994109 0 -0.03432145
12 4 0 0 0 0.003212515 0.02705226 -0.03431653 0.01693172 0.9992676 -0.9994109 0 -0.03432145
12 10 0 0 0 0.003212515 0.01556625 -0.03431653 0.01693172 0.9992676 -0.9994109 0 -0.03432145
12 16 0 0 0 0.003212515 0.003142405 -0.03431653 0.01693172 0.9992676 -0.9994109 0 -0.03432145
12 7 0 0 0 0.003212515 0.0112012 -0.03431653 0.01693172 0.9992676 -0.9994109 0 -0.03432145
12 15 0.0001712547 0.04088767 0.02463179 0.004188421 0.006952589 -0.2022372 0.04566234 -0.9782715 0.979293 0 -0.2024484
12 17 0 0 0 0.003212515 0.004334612 -0.03431653 0.01693172 0.9992676 -0.9994109 0 -0.03432145
12 18 0 0 0 0.003212515 0.00550457 -0.03431653 0.01693172 0.9992676 -0.9994109 0 -0.03432145
12 21 0 0 0 0.003212515 0.000417882 -0.03431653 0.01693172 0.9992676 -0.9994109 0 -0.03432145
12 23 0 0 0 0.003212515 0.0002573858 -0.03431653 0.01693172 0.9992676 -0.9994109 0 -0.03432145
12 19 0 0 0 0.003212515 0.0009536486 -0.03431653 0.01693172 0.9992676 -0.9994109 0 -0.03432145
22 20 0 0 0 0.0007937908 0.008571225 0.04742682 0.01380628 0.9987793 -0.9988745 0 0.04743133
22 0 0 0 0 0.0009498891 0.04371734 -0.03431653 0.01693172 0.9992676 -0.9994109 0 -0.03432145
22 6 0 0 0 0.0009498891 0.009507443 -0.03431653 0.01693172 0.9992676 -0.9994109 0 -0.03432145
22 5 0 0 0 0.001066897 0.0291559 -0.1153257 0.02846082 0.9929199 -0.9933223 0 -0.1153724
22 2 0 0 0 0.0009498891 0.03023189 -0.03431653 0.01693172 0.9992676 -0.9994109 0 -0.03432145
22 13 0 0 0 0.0009498891 0.003158482 -0.03431653 0.01693172 0.9992676 -0.9994109 0 -0.03432145
22 9 0 0 0 0.0009498891 0.0191975 -0.03431653 0.01693172 0.9992676 -0.9994109 0 -0.03432145
22 3 0 0 0 0.0009498891 0.02037576 -0.03431653 0.01693172 0.9992676 -0.9994109 0 -0.03432145
22 4 0 0 0 0.0009498891 0.02705226 -0.03431653 0.01693172 0.9992676 -0.9994109 0 -0.03432145
22 10 0 0 0 0.0009498891 0.01556625 -0.03431653 0.01693172 0.9992676 -0.9994109 0 -0.03432145
22 16 0 0 0 0.0009498891 0.003142405 -0.03431653 0.01693172 0.9992676 -0.9994109 0 -0.03432145
22 7 0 0 0 0.0009498891 0.0112012 -0.03431653 0.01693172 0.9992676 -0.9994109 0 -0.03432145
22 15 0 0 0 0.0009498891 0.007412049 -0.03431653 0.01693172 0.9992676 -0.9994109 0 -0.03432145
22 17 0 0 0 0.0009498891 0.004334612 -0.03431653 0.01693172 0.9992676 -0.9994109 0 -0.03432145
22 18 0 0 0 0.0009498891 0.00550457 -0.03431653 0.01693172 0.9992676 -0.9994109 0 -0.03432145
22 21 0 0 0 0.0009498891 0.000417882 -0.03431653 0.01693172 0.9992676 -0.9994109 0 -0.03432145
22 23 0 0 0 0.0009498891 0.0002573858 -0.03431653 0.01693172 0.9992676 -0.9994109 0 -0.03432145
22 19 0 0 0 0.0009498891 0.0009536486 -0.03431653 0.01693172 0.9992676 -0.9994109 0 -0.03432145
20 0 0 0 0 0.008472125 0.04371734 -0.03431653 0.01693172 0.9992676 -0.9994109 0 -0.03432145
20 6 0 0 0 0.008472125 0.009507443 -0.03431653 0.01693172 0.9992676 -0.9994109 0 -0.03432145
20 5 0.000657203 0.1586158 0.03398814 0.004143363 0.01933625 0.1802237 0.9576949 -0.2243652 0.7796274 0 0.6262437
20 2 0.001191484 0.3126074 0.03414563 0.003811437 0.03489417 -0.3499265 0.9183654 0.1848144 -0.4670175 0 -0.8842481
20 13 0 0 0 0.008472125 0.003158482 -0.03431653 0.01693172 0.9992676 -0.9994109 0 -0.03432145
20 9 0 0 0 0.008472125 0.0191975 -0.03431653 0.01693172 0.9992676 -0.9994109 0 -0.03432145
20 3 0 0 0 0.008472125 0.02037576 -0.03431653 0.01693172 0.9992676 -0.9994109 0 -0.03432145
20 4 0 0 0 0.008472125 0.02705226 -0.03431653 0.01693172 0.9992676 -0.9994109 0 -0.03432145
20 10 0 0 0 0.008472125 0.01556625 -0.03431653 0.01693172 0.9992676 -0.9994109 0 -0.03432145
20 16 0 0 0 0.008472125 0.003142405 -0.03431653 0.01693172 0.9992676 -0.9994109 0 -0.03432145
20 7 0 0 0 0.008472125 0.0112012 -0.03431653 0.01693172 0.9992676 -0.9994109 0 -0.03432145
20 15 0 0 0 0.008571225 0.007361191 0.04742682 0.01380628 0.9987793 -0.9988745 0 0.04743133
20 17 0 0 0 0.008472125 0.004334612 -0.03431653 0.01693172 0.9992676 -0.9994109 0 -0.03432145
20 18 0 0 0 0.008472125 0.00550457 -0.03431653 0.01693172 0.9992676 -0.9994109 0 -0.03432145
20 21 0 0 0 0.008472125 0.000417882 -0.03431653 0.01693172 0.9992676 -0.9994109 0 -0.03432145
20 23 0 0 0 0.008472125 0.0002573858 -0.03431653 0.01693172 0.9992676 -0.9994109 0 -0.03432145
20 19 0 0 0 0.008472125 0.0009536486 -0.03431653 0.01693172 0.9992676 -0.9994109 0 -0.03432145
0 6 0 0 0 0.04371734 0.009507443 -0.03431653 0.01693172 0.9992676 -0.9994109 0 -0.03432145
0 5 0 0 0 0.04371734 0.02941318 -0.03431653 0.01693172 0.9992676 -0.9994109 0 -0.03432145
0 2 0 0 0 0.04371734 0.03023189 -0.03431653 0.01693172 0.9992676 -0.9994109 0 -0.03432145
0 13 0 0 0 0.04371734 0.003158482 -0.03431653 0.01693172 0.9992676 -0.9994109 0 -0.03432145
0 9 0.001276364 0.02971821 0.08661422 0.04294888 0.0147362 0.7414169 0.06158368 -0.6682129 0.6694836 0 0.7428268
0 3 0 0 0 0.04371734 0.02037576 -0.03431653 0.01693172 0.9992676 -0.9994109 0 -0.03432145
0 4 0.009920703 0.2161466 0.3968841 0.04589802 0.02499648 -0.1006081 0.1323494 -0.986084 0.9948354 0 -0.101501
0 10 0.008072506 0.2148402 0.4626617 0.03757446 0.01744797 0.2461928 0.4958767 0.8327637 -0.9589711 0 0.283504
0 16 0 0 0 0.04371734 0.003142405 -0.03431653 0.01693172 0.9992676 -0.9994109 0 -0.03432145
0 7 0 0 0 0.04371734 0.0112012 -0.03431653 0.01693172 0.9992676 -0.9994109 0 -0.03432145
0 15 0 0 0 0.04371734 0.007412049 -0.03431653 0.01693172 0.9992676 -0.9994109 0 -0.03432145
0 17 0 0 0 0.04371734 0.004334612 -0.03431653 0.01693172 0.9992676 -0.9994109 0 -0.03432145
0 18 0 0 0 0.04371734 0.00550457 -0.03431653 0.01693172 0.9992676 -0.9994109 0 -0.03432145
0 21 0 0 0 0.04371734 0.000417882 -0.03431653 0.01693172 0.9992676 -0.9994109 0 -0.03432145
0 23 0 0 0 0.04371734 0.0002573858 -0.03431653 0.01693172 0.9992676 -0.9994109 0 -0.03432145
0 19 0 0 0 0.04371734 0.0009536486 -0.03431653 0.01693172 0.9992676 -0.9994109 0 -0.03432145
6 5 0 0 0 0.009507443 0.02941318 -0.03431653 0.01693172 0.9992676 -0.9994109 0 -0.03432145
6 2 0 0 0 0.009507443 0.03023189 -0.03431653 0.01693172 0.9992676 -0.9994109 0 -0.03432145
6 13 0 0 0 0.009507443 0.003158482 -0.03431653 0.01693172 0.9992676 -0.9994109 0 -0.03432145
6 9 0 0 0 0.00925142 0.01876529 -0.163272 0.004171492 0.9865723 -0.9865808 0 -0.1632735
6 3 0 0 0 0.009507443 0.02037576 -0.03431653 0.01693172 0.9992676 -0.9994109 0 -0.03432145
6 4 0 0 0 0.009507443 0.02705226 -0.03431653 0.01693172 0.9992676 -0.9994109 0 -0.03432145
6 10 0 0 0 0.009507443 0.01556625 -0.03431653 0.01693172 0.9992676 -0.9994109 0 -0.03432145
6 16 0 0 0 0.009507443 0.003142405 -0.03431653 0.01693172 0.9992676 -0.9994109 0 -0.03432145
6 7 0 0 0 0.009507443 0.0112012 -0.03431653 0.01693172 0.9992676 -0.9994109 0 -0.03432145
6 15 0 0 0 0.009507443 0.007412049 -0.03431653 0.01693172 0.9992676 -0.9994109 0 -0.03432145
6 17 0 0 0 0.009507443 0.004334612 -0.03431653 0.01693172 0.9992676 -0.9994109 0 -0.03432145
6 18 0 0 0 0.009507443 0.00550457 -0.03431653 0.01693172 0.9992676 -0.9994109 0 -0.03432145
6 21 0 0 0 0.009507443 0.000417882 -0.03431653 0.01693172 0.9992676 -0.9994109 0 -0.03432145
6 23 0 0 0 0.009507443 0.0002573858 -0.03431653 0.01693172 0.9992676 -0.9994109 0 -0.03432145
6 19 0 0 0 0.009507443 0.0009536486 -0.03431653 0.01693172 0.9992676 -0.9994109 0 -0.03432145
5 2 0.003593903 0.1906564 0.1039852 0.01885015 0.03456168 -0.3696506 0.8703147 0.3254394 -0.660796 0 -0.7505656
5 13 0 0 0 0.02941318 0.003158482 -0.03431653 0.01693172 0.9992676 -0.9994109 0 -0.03432145
5 9 0 0 0 0.02941318 0.0191975 -0.03431653 0.01693172 0.9992676 -0.9994109 0 -0.03432145
5 3 0 0 0 0.02946471 0.02129992 0.1755089 0.06725698 0.9821777 -0.9844068 0 0.1759073
5 4 0 0 0 0.02941318 0.02705226 -0.03431653 0.01693172 0.9992676 -0.9994109 0 -0.03432145
5 10 0 0 0 0.02941318 0.01556625 -0.03431653 0.01693172 0.9992676 -0.9994109 0 -0.03432145
5 16 0 0 0 0.02941318 0.003142405 -0.03431653 0.01693172 0.9992676 -0.9994109 0 -0.03432145
5 7 0 0 0 0.02950203 0.01227933 0.04742682 0.01380628 0.9987793 -0.9988745 0 0.04743133
5 15 0 0 0 0.02986649 0.007526647 0.2810331 0.09154117 0.9553223 -0.9593503 0 0.282218
5 17 0 0 0 0.02941318 0.004334612 -0.03431653 0.01693172 0.9992676 -0.9994109 0 -0.03432145
5 18 0.001187586 0.04311764 0.2245903 0.02754293 0.005287789 -0.003033328 0.2775952 0.9606934 -0.9999951 0 -0.00315742
5 21 0 0 0 0.02941318 0.000417882 -0.03431653 0.01693172 0.9992676 -0.9994109 0 -0.03432145
5 23 0 0 0 0.02941318 0.0002573858 -0.03431653 0.01693172 0.9992676 -0.9994109 0 -0.03432145
5 19 0 0 0 0.02941318 0.0009536486 -0.03431653 0.01693172 0.9992676 -0.9994109 0 -0.03432145
2 13 0 0 0 0.03023189 0.003158482 -0.03431653 0.01693172 0.9992676 -0.9994109 0 -0.03432145
2 9 0 0 0 0.03023189 0.0191975 -0.03431653 0.01693172 0.9992676 -0.9994109 0 -0.03432145
2 3 0 0 0 0.02897706 0.02191094 0.23438 0.1128214 0.9655762 -0.9717807 0 0.2358861
2 4 0 0 0 0.03023189 0.02705226 -0.03431653 0.01693172 0.9992676 -0.9994109 0 -0.03432145
2 10 0 0 0 0.03023189 0.01556625 -0.03431653 0.01693172 0.9992676 -0.9994109 0 -0.03432145
2 16 0 0 0 0.03023189 0.003142405 -0.03431653 0.01693172 0.9992676 -0.9994109 0 -0.03432145
2 7 0 0 0 0.0297861 0.01304551 0.06822697 0.1235493 0.9899902 -0.9976337 0 0.06875373
2 15 0 0 0 0.0300754 0.009597526 -0.003033328 0.2775952 0.9606934 -0.9999951 0 -0.00315742
2 17 0 0 0 0.02897706 0.007970127 0.23438 0.1128214 0.9655762 -0.9717807 0 0.2358861
2 18 0.0008462911 0.02798237 0.1433022 0.03024372 0.005905638 -0.5983836 0.3555107 0.7180176 -0.7682025 0 -0.6402069
2 21 0 0 0 0.03023189 0.000417882 -0.03431653 0.01693172 0.9992676 -0.9994109 0 -0.03432145
2 23 0 0 0 0.03023189 0.0002573858 -0.03431653 0.01693172 0.9992676 -0.9994109 0 -0.03432145
2 19 0 0 0 0.03023189 0.0009536486 -0.03431653 0.01693172 0.9992676 -0.9994109 0 -0.03432145
13 9 0 0 0 0.003158482 0.0191975 -0.03431653 0.01693172 0.9992676 -0.9994109 0 -0.03432145
13 3 0 0 0 0.003158482 0.02037576 -0.03431653 0.01693172 0.9992676 -0.9994109 0 -0.03432145
13 4 0 0 0 0.003158482 0.02705226 -0.03431653 0.01693172 0.9992676 -0.9994109 0 -0.03432145
13 10 0 0 0 0.003158482 0.01556625 -0.03431653 0.01693172 0.9992676 -0.9994109 0 -0.03432145
13 16 0 0 0 0.003158482 0.003142405 -0.03431653 0.01693172 0.9992676 -0.9994109 0 -0.03432145
13 7 0 0 0 0.003158482 0.0112012 -0.03431653 0.01693172 0.9992676 -0.9994109 0 -0.03432145
13 15 0 0 0 0.003158482 0.007412049 -0.03431653 0.01693172 0.9992676 -0.9994109 0 -0.03432145
13 17 0 0 0 0.003158482 0.004334612 -0.03431653 0.01693172 0.9992676 -0.9994109 0 -0.03432145
13 18 0 0 0 0.003158482 0.00550457 -0.03431653 0.01693172 0.9992676 -0.9994109 0 -0.03432145
13 21 0 0 0 0.003158482 0.000417882 -0.03431653 0.01693172 0.9992676 -0.9994109 0 -0.03432145
13 23 0 0 0 0.003158482 0.0002573858 -0.03431653 0.01693172 0.9992676 -0.9994109 0 -0.03432145
13 19 0 0 0 0.003158482 0.0009536486 -0.03431653 0.01693172 0.9992676 -0.9994109 0 -0.03432145
9 3 0 0 0 0.0191975 0.02037576 -0.03431653 0.01693172 0.9992676 -0.9994109 0 -0.03432145
9 4 0 0 0 0.01747705 0.03062533 -0.4001794 0.01801315 0.9162598 -0.9164084 0 -0.4002444
9 10 0 0 0 0.0191975 0.01556625 -0.03431653 0.01693172 0.9992676 -0.9994109 0 -0.03432145
9 16 0 0 0 0.0191975 0.003142405 -0.03431653 0.01693172 0.9992676 -0.9994109 0 -0.03432145
9 7 0 0 0 0.0191975 0.0112012 -0.03431653 0.01693172 0.9992676 -0.9994109 0 -0.03432145
9 15 0 0 0 0.0191975 0.007412049 -0.03431653 0.01693172 0.9992676 -0.9994109 0 -0.03432145
9 17 0 0 0 0.0191975 0.004334612 -0.03431653 0.01693172 0.9992676 -0.9994109 0 -0.03432145
9 18 0 0 0 0.0191975 0.00550457 -0.03431653 0.01693172 0.9992676 -0.9994109 0 -0.03432145
9 21 0 0 0 0.0191975 0.000417882 -0.03431653 0.01693172 0.9992676 -0.9994109 0 -0.03432145
9 23 0 0 0 0.0191975 0.0002573858 -0.03431653 0.01693172 0.9992676 -0.9994109 0 -0.03432145
9 19 0 0 0 0.0191975 0.0009536486 -0.03431653 0.01693172 0.9992676 -0.9994109 0 -0.03432145
3 4 0 0 0 0.02037576 0.02705226 -0.03431653 0.01693172 0.9992676 -0.9994109 0 -0.03432145
3 10 0 0 0 0.02037576 0.01556625 -0.03431653 0.01693172 0.9992676 -0.9994109 0 -0.03432145
3 16 0 0 0 0.02037576 0.003142405 -0.03431653 0.01693172 0.9992676 -0.9994109 0 -0.03432145
3 7 0.005916584 0.3298306 0.5247356 0.01793825 0.01127536 0.2427989 0.2711997 -0.9313965 0.9676614 0 0.2522525
3 15 0.000984109 0.05567774 0.1630415 0.01767509 0.006035942 -0.1227516 0.3729946 -0.9196777 0.9912098 0 -0.1322992
3 17 0.001900155 0.1024093 0.5051731 0.01855452 0.003761394 0.2575776 0.1659278 -0.9519043 0.9652851 0 0.2611983
3 18 0 0 0 0.02159844 0.005127508 0.3215272 0.05887337 0.9450684 -0.9467105 0 0.3220858
3 21 0 0 0 0.02037576 0.000417882 -0.03431653 0.01693172 0.9992676 -0.9994109 0 -0.03432145
3 23 0 0 0 0.02037576 0.0002573858 -0.03431653 0.01693172 0.9992676 -0.9994109 0 -0.03432145
3 19 0 0 0 0.02037576 0.0009536486 -0.03431653 0.01693172 0.9992676 -0.9994109 0 -0.03432145
4 10 0.003267887 0.1046221 0.2084637 0.03123513 0.01567605 -0.4880287 0.006581897 0.8728027 -0.8728217 0 -0.4880393
4 16 0 0 0 0.02705226 0.003142405 -0.03431653 0.01693172 0.9992676 -0.9994109 0 -0.03432145
4 7 0 0 0 0.02705226 0.0112012 -0.03431653 0.01693172 0.9992676 -0.9994109 0 -0.03432145
4 15 0 0 0 0.02705226 0.007412049 -0.03431653 0.01693172 0.9992676 -0.9994109 0 -0.03432145
4 17 0 0 0 0.02705226 0.004334612 -0.03431653 0.01693172 0.9992676 -0.9994109 0 -0.03432145
4 18 0 0 0 0.02705226 0.00550457 -0.03431653 0.01693172 0.9992676 -0.9994109 0 -0.03432145
4 21 0 0 0 0.02705226 0.000417882 -0.03431653 0.01693172 0.9992676 -0.9994109 0 -0.03432145
4 23 0 0 0 0.02705226 0.0002573858 -0.03431653 0.01693172 0.9992676 -0.9994109 0 -0.03432145
4 19 0 0 0 0.02705226 0.0009536486 -0.03431653 0.01693172 0.9992676 -0.9994109 0 -0.03432145
10 16 0 0 0 0.01556625 0.003142405 -0.03431653 0.01693172 0.9992676 -0.9994109 0 -0.03432145
10 7 0 0 0 0.01556625 0.0112012 -0.03431653 0.01693172 0.9992676 -0.9994109 0 -0.03432145
10 15 0 0 0 0.01556625 0.007412049 -0.03431653 0.01693172 0.9992676 -0.9994109 0 -0.03432145
10 17 0 0 0 0.01556625 0.004334612 -0.03431653 0.01693172 0.9992676 -0.9994109 0 -0.03432145
10 18 0 0 0 0.01556625 0.00550457 -0.03431653 0.01693172 0.9992676 -0.9994109 0 -0.03432145
10 21 0 0 0 0.01556625 0.000417882 -0.03431653 0.01693172 0.9992676 -0.9994109 0 -0.03432145
10 23 0 0 0 0.01556625 0.0002573858 -0.03431653 0.01693172 0.9992676 -0.9994109 0 -0.03432145
10 19 0 0 0 0.01556625 0.0009536486 -0.03431653 0.01693172 0.9992676 -0.9994109 0 -0.03432145
16 7 0 0 0 0.003142405 0.0112012 -0.03431653 0.01693172 0.9992676 -0.9994109 0 -0.03432145
16 15 0 0 0 0.003142405 0.007412049 -0.03431653 0.01693172 0.9992676 -0.9994109 0 -0.03432145
16 17 0 0 0 0.003142405 0.004334612 -0.03431653 0.01693172 0.9992676 -0.9994109 0 -0.03432145
16 18 0 0 0 0.003142405 0.00550457 -0.03431653 0.01693172 0.9992676 -0.9994109 0 -0.03432145
16 21 0 0 0 0.003142405 0.000417882 -0.03431653 0.01693172 0.9992676 -0.9994109 0 -0.03432145
16 23 0 0 0 0.003142405 0.0002573858 -0.03431653 0.01693172 0.9992676 -0.9994109 0 -0.03432145
16 19 0 0 0 0.003142405 0.0009536486 -0.03431653 0.01693172 0.9992676 -0.9994109 0 -0.03432145
7 15 0 0 0 0.0112012 0.007412049 -0.03431653 0.01693172 0.9992676 -0.9994109 0 -0.03432145
7 17 0 0 0 0.01227933 0.005165763 0.04742682 0.01380628 0.9987793 -0.9988745 0 0.04743133
7 18 0 0 0 0.01327147 0.00533484 0.01518935 0.2113384 0.9772949 -0.9998792 0 0.01554036
7 21 0 0 0 0.0112012 0.000417882 -0.03431653 0.01693172 0.9992676 -0.9994109 0 -0.03432145
7 23 0 0 0 0.0112012 0.0002573858 -0.03431653 0.01693172 0.9992676 -0.9994109 0 -0.03432145
7 19 0 0 0 0.0112012 0.0009536486 -0.03431653 0.01693172 0.9992676 -0.9994109 0 -0.03432145
15 17 0 0 0 0.007412049 0.004334612 -0.03431653 0.01693172 0.9992676 -0.9994109 0 -0.03432145
15 18 0 0 0 0.007412049 0.00550457 -0.03431653 0.01693172 0.9992676 -0.9994109 0 -0.03432145
15 21 0 0 0 0.007412049 0.000417882 -0.03431653 0.01693172 0.9992676 -0.9994109 0 -0.03432145
15 23 0 0 0 0.007412049 0.0002573858 -0.03431653 0.01693172 0.9992676 -0.9994109 0 -0.03432145
15 19 0 0 0 0.007412049 0.0009536486 -0.03431653 0.01693172 0.9992676 -0.9994109 0 -0.03432145
17 18 0 0 0 0.006316329 0.005382884 0.1493689 0.02250491 0.9885254 -0.9887758 0 0.1494068
17 21 0 0 0 0.004334612 0.000417882 -0.03431653 0.01693172 0.9992676 -0.9994109 0 -0.03432145
17 23 0 0 0 0.004334612 0.0002573858 -0.03431653 0.01693172 0.9992676 -0.9994109 0 -0.03432145
17 19 0 0 0 0.004334612 0.0009536486 -0.03431653 0.01693172 0.9992676 -0.9994109 0 -0.03432145
18 21 0 0 0 0.00550457 0.000417882 -0.03431653 0.01693172 0.9992676 -0.9994109 0 -0.03432145
18 23 0 0 0 0.00550457 0.0002573858 -0.03431653 0.01693172 0.9992676 -0.9994109 0 -0.03432145
18 19 0 0 0 0.00550457 0.0009536486 -0.03431653 0.01693172 0.9992676 -0.9994109 0 -0.03432145
21 23 0 0 0 0.000417882 0.0002573858 -0.03431653 0.01693172 0.9992676 -0.9994109 0 -0.03432145
21 19 0 0 0 0.000417882 0.0009536486 -0.03431653 0.01693172 0.9992676 -0.9994109 0 -0.03432145
23 19 0 0 0 0.0002573858 0.0009536486 -0.03431653 0.01693172 0.9992676 -0.9994109 0 -0.03432145
