38 37 0.1262459 0.8116366 0.4174706
38 41 0.1497812 0.9629452 0.4018096
38 16 0.1439255 0.9252986 0.2837351
38 21 0.1543164 0.9921017 0.2844298
38 12 0.1540199 0.9901958 0.2993789
38 7 0.1553648 0.9988422 0.3259139
38 29 0.0423505 0.2722718 0.2884085
38 6 0.1426572 0.917145 0.4309368
38 11 0.1179618 0.7583776 0.4922346
38 1 0.08088595 0.5200167 0.7075779
38 5 0.1095299 0.7041691 0.5646054
38 14 0.07975018 0.5127148 0.4660677
38 22 0.1452908 0.9340765 0.4020472
38 10 0.1347376 0.8662298 0.5374072
38 26 0.1390343 0.8938529 0.2986
38 27 0.03780612 0.243056 0.1315474
38 19 0.1466167 0.9426006 0.4186049
38 13 0.04159907 0.2674409 0.3682562
38 2 0.0759562 0.4883233 0.3829589
38 47 0.03826132 0.2459825 0.9228345
38 35 0.05476711 0.3520984 0.4691835
38 8 0.01077273 0.069258 0.6584393
38 43 0.008500416 0.05464927 0.06932279
38 24 0.1430148 0.919444 0.4804904
38 15 0.09465966 0.608568 0.2514554
38 34 0.139882 0.8993033 0.2824271
38 17 0.1491129 0.9586485 0.315019
38 39 0.0608687 0.3913256 0.5913702
38 30 0.122371 0.7867244 0.3845773
38 25 0.1220504 0.7846635 0.3284709
38 44 0.01633569 0.1050224 0.154549
38 23 0.1440975 0.9264047 0.3219198
38 46 0.01898058 0.1220264 0.1174549
38 18 0.1488216 0.9567758 0.3112909
38 3 0 0 0
38 9 0.09521931 0.612166 0.5024491
38 45 0.1257533 0.8084697 0.4795806
38 0 0.06388011 0.410686 0.4088846
38 28 0.1378796 0.8864293 0.4071644
38 42 0.1172033 0.7535012 0.4683727
38 48 0 0 0
38 31 0 0 0
38 20 0.1398861 0.8993294 0.4766292
38 32 0.1518282 0.9761055 0.4780401
38 33 0.01063237 0.0683556 0.06769614
38 40 0.1092766 0.7025403 0.63972
38 4 0.1086084 0.6982447 0.4325256
38 49 0 0 0
38 36 0.1449959 0.9321802 0.4693371
37 41 0.2200996 0.7278264 0.5904487
37 16 0.2856424 0.9445634 0.5631161
37 21 0.2896054 0.9576685 0.5337892
37 12 0.2645531 0.8748255 0.5142297
37 7 0.2850701 0.9426711 0.5980009
37 29 0.07955764 0.2630816 0.5417906
37 6 0.2315231 0.7656015 0.6993813
37 11 0.1741644 0.5759275 0.7267585
37 1 0.1104668 0.365292 0.9663463
37 5 0.1875087 0.6200547 0.966571
37 14 0.1294327 0.4280087 0.7564174
37 22 0.2424549 0.8017508 0.6709184
37 10 0.1763936 0.583299 0.7035536
37 26 0.274385 0.9073377 0.5892891
37 27 0.1891816 0.6255866 0.6582623
37 19 0.2748231 0.9087861 0.7846465
37 13 0.08316486 0.2750099 0.7362179
37 2 0.1310311 0.4332941 0.6606375
37 47 0.03445692 0.1139423 0.8310753
37 35 0.1023753 0.338535 0.877037
37 8 0.007290638 0.02410871 0.4456106
37 43 0.07875192 0.2604172 0.6422396
37 24 0.2417022 0.799262 0.8120527
37 15 0.2469719 0.8166878 0.6560602
37 34 0.2610123 0.8631166 0.5269937
37 17 0.2747069 0.9084021 0.5803515
37 39 0.08238566 0.2724333 0.8004182
37 30 0.2000915 0.6616636 0.6288311
37 25 0.2540489 0.8400902 0.683715
37 44 0.05701075 0.1885234 0.5393683
37 23 0.2363488 0.7815591 0.5280129
37 46 0.1098269 0.363176 0.6796267
37 18 0.2614224 0.8644728 0.5468187
37 3 0.0013563 0.00448502 0.04119687
37 9 0.1214088 0.4014753 0.6406449
37 45 0.1987455 0.6572125 0.757948
37 0 0.1028906 0.340239 0.6585832
37 28 0.2268676 0.7502066 0.6699499
37 42 0.1683052 0.5565524 0.6725885
37 48 0 0 0
37 31 0 0 0
37 20 0.2060704 0.6814346 0.7021369
37 32 0.166255 0.5497727 0.5234635
37 33 0.1058731 0.3501016 0.6740927
37 40 0.1488038 0.4920651 0.871118
37 4 0.1574753 0.52074 0.6271348
37 49 0 0 0
37 36 0.1946854 0.6437865 0.6301771
41 16 0.3393508 0.9103572 0.6689972
41 21 0.3518228 0.9438151 0.6484658
41 12 0.3703849 0.9936106 0.7199422
41 7 0.3442339 0.9234566 0.7221107
41 29 0.1021065 0.2739152 0.6953489
41 6 0.2676289 0.7179528 0.8084493
41 11 0.1850889 0.4965274 0.7723446
41 1 0.1010316 0.2710317 0.8838089
41 5 0.1545198 0.4145214 0.7965194
41 14 0.1139879 0.3057889 0.6661565
41 22 0.2954077 0.7924733 0.8174488
41 10 0.212904 0.5711454 0.8491771
41 26 0.3201022 0.8587198 0.6874745
41 27 0.1487863 0.3991406 0.5177059
41 19 0.2858372 0.7667991 0.8160927
41 13 0.1002536 0.2689446 0.8874959
41 2 0.1361274 0.3651811 0.6863322
41 47 0.04146066 0.1112241 1
41 35 0.09662067 0.2591988 0.827738
41 8 0.01636101 0.04389074 1
41 43 0.08054942 0.2160853 0.6568986
41 24 0.2246212 0.6025786 0.7546653
41 15 0.2334679 0.6263111 0.6201879
41 34 0.3221369 0.8641782 0.6504065
41 17 0.3441937 0.9233489 0.7271507
41 39 0.1028716 0.2759678 0.9994497
41 30 0.2233827 0.5992559 0.7020285
41 25 0.2590157 0.6948466 0.6970818
41 44 0.03796268 0.1018403 0.3591579
41 23 0.3329443 0.8931708 0.7438114
41 46 0.1134128 0.304246 0.7018167
41 18 0.3455263 0.9269237 0.7227392
41 3 0.009388169 0.02518511 0.2851605
41 9 0.1533827 0.4114709 0.809363
41 45 0.2543772 0.6824032 0.9701084
41 0 0.1448869 0.3886799 0.9273939
41 28 0.2738065 0.734525 0.8085626
41 42 0.220198 0.5907127 0.8799646
41 48 0 0 0
41 31 0 0 0
41 20 0.2399362 0.6436632 0.8175265
41 32 0.2654057 0.7119888 0.8356454
41 33 0.09662295 0.2592049 0.6151972
41 40 0.1695556 0.4548571 0.9926016
41 4 0.2221853 0.5960438 0.8848379
41 49 0 0 0
41 36 0.2557597 0.6861119 0.8278685
16 21 0.4355328 0.8586106 0.8027565
16 12 0.4299404 0.8475858 0.8357042
16 7 0.4466868 0.8805996 0.9370296
16 29 0.1423513 0.2806318 0.9694181
16 6 0.3238544 0.6384475 0.9782944
16 11 0.2340851 0.461476 0.9767975
16 1 0.1143138 0.2253586 1
16 5 0.1939937 0.3824398 1
16 14 0.1711129 0.3373324 1
16 22 0.3493297 0.6886695 0.9666612
16 10 0.250718 0.4942662 1
16 26 0.4489516 0.8850644 0.9642007
16 27 0.241336 0.4757706 0.8397349
16 19 0.3293242 0.6492308 0.9402525
16 13 0.1129369 0.222644 0.9997748
16 2 0.1971505 0.3886631 0.9940012
16 47 0.04146066 0.08173566 1
16 35 0.1103062 0.217458 0.9449807
16 8 0.01636101 0.03225413 1
16 43 0.07898381 0.1557089 0.6441307
16 24 0.267695 0.5277346 0.8993811
16 15 0.3239989 0.6387324 0.8606759
16 34 0.429192 0.8461103 0.8665549
16 17 0.4123789 0.8129649 0.8712001
16 39 0.1029283 0.2029131 1
16 30 0.3001511 0.5917187 0.9432899
16 25 0.3574238 0.7046262 0.9619248
16 44 0.1015295 0.2001556 0.9605523
16 23 0.4062347 0.8008522 0.907545
16 46 0.1322691 0.2607556 0.8185027
16 18 0.4406206 0.8686407 0.9216484
16 3 0.003001548 0.005917259 0.09117035
16 9 0.1649459 0.3251747 0.8703793
16 45 0.2614728 0.5154682 0.9971685
16 0 0.1463829 0.2885796 0.9369692
16 28 0.2647971 0.5220217 0.7819574
16 42 0.2190935 0.4319215 0.8755507
16 48 0 0 0
16 31 0.002080729 0.004101955 0.7039183
16 20 0.2535444 0.4998381 0.8638933
16 32 0.2763845 0.5448651 0.8702126
16 33 0.1164598 0.2295891 0.7414979
16 40 0.1708194 0.3367538 1
16 4 0.2471016 0.4871369 0.9840656
16 49 0 0 0
16 36 0.2832271 0.5583547 0.9167777
21 12 0.465603 0.8581808 0.905024
21 7 0.4161406 0.7670137 0.8729519
21 29 0.1154206 0.2127385 0.7860184
21 6 0.326591 0.6019595 0.9865612
21 11 0.2289234 0.4219424 0.9552585
21 1 0.1143138 0.2106987 1
21 5 0.1939935 0.3575611 0.9999987
21 14 0.1570657 0.2894973 0.9179072
21 22 0.3385698 0.6240384 0.9368867
21 10 0.2345898 0.4323865 0.935672
21 26 0.4251088 0.7835435 0.9129943
21 27 0.2614852 0.4819591 0.9098445
21 19 0.3453516 0.6365383 0.9860123
21 13 0.1087243 0.2003963 0.9624835
21 2 0.1708242 0.3148563 0.861268
21 47 0.04146066 0.07641862 1
21 35 0.1135965 0.2093765 0.9731678
21 8 0.01636101 0.03015595 1
21 43 0.1113024 0.2051481 0.9076957
21 24 0.2761915 0.5090651 0.9279271
21 15 0.3371503 0.6214219 0.8956114
21 34 0.430275 0.7930657 0.8687416
21 17 0.4551513 0.8389167 0.961562
21 39 0.1029081 0.189676 0.9998036
21 30 0.273359 0.5038444 0.8590901
21 25 0.3475189 0.640533 0.9352682
21 44 0.0801008 0.1476386 0.7578191
21 23 0.4087559 0.7534025 0.9131775
21 46 0.1557672 0.2871038 0.9639127
21 18 0.4304596 0.7934059 0.9003946
21 3 0.03292241 0.06068126 1
21 9 0.1853487 0.3416272 0.9780398
21 45 0.2576218 0.4748381 0.9824821
21 0 0.1497361 0.2759875 0.9584324
21 28 0.2964329 0.5463733 0.8753795
21 42 0.2477539 0.45665 0.9900845
21 48 0 0 0
21 31 0 0 0
21 20 0.2745534 0.5060458 0.9354764
21 32 0.2868611 0.5287308 0.9031988
21 33 0.1527746 0.2815881 0.9727143
21 40 0.1708194 0.3148474 1
21 4 0.2402427 0.4428057 0.9567503
21 49 0 0 0
21 36 0.3085387 0.5686862 0.9987089
12 7 0.4098644 0.796681 0.8597861
12 29 0.1398794 0.2718929 0.9525838
12 6 0.3052897 0.5934122 0.9222146
12 11 0.1632441 0.3173086 0.6811903
12 1 0.1139103 0.2214152 0.9964702
12 5 0.1824614 0.3546626 0.9405532
12 14 0.1515272 0.2945336 0.8855397
12 22 0.3354451 0.6520272 0.9282399
12 10 0.1991857 0.3871706 0.794461
12 26 0.4007649 0.7789938 0.8607116
12 27 0.213784 0.4155464 0.743867
12 19 0.3302696 0.6419672 0.9429516
12 13 0.1129623 0.2195724 1
12 2 0.1818977 0.3535669 0.9170991
12 47 0.04146066 0.08058987 1
12 35 0.105264 0.2046088 0.9017846
12 8 0.01636101 0.03180199 1
12 43 0.1088215 0.2115237 0.8874638
12 24 0.2599586 0.505299 0.873389
12 15 0.3064044 0.5955788 0.8139374
12 34 0.4387985 0.8529223 0.8859508
12 17 0.4470596 0.8689799 0.9444672
12 39 0.102919 0.2000506 0.9999099
12 30 0.2785514 0.5414391 0.8754082
12 25 0.3139014 0.6101513 0.8447942
12 44 0.07909963 0.1537513 0.7483472
12 23 0.4279442 0.8318239 0.9560449
12 46 0.1615988 0.3141105 1
12 18 0.428808 0.833503 0.89694
12 3 0.03292241 0.06399351 1
12 9 0.1757427 0.341603 0.9273517
12 45 0.2615787 0.5084482 0.9975727
12 0 0.1522728 0.2959829 0.9746697
12 28 0.2991003 0.5813815 0.8832564
12 42 0.2410719 0.4685876 0.9633816
12 48 0 0 0
12 31 0 0 0
12 20 0.2805461 0.5453164 0.9558954
12 32 0.2963112 0.57596 0.9329531
12 33 0.1404936 0.2730868 0.894521
12 40 0.1708194 0.3320331 1
12 4 0.2426559 0.4716667 0.9663609
12 49 0 0 0
12 36 0.2959808 0.5753179 0.9580603
7 29 0.1428471 0.2996551 0.9727943
7 6 0.328404 0.6889039 0.9920378
7 11 0.2389467 0.5012463 0.9970841
7 1 0.1143138 0.2397999 1
7 5 0.1939937 0.4069471 1
7 14 0.1711129 0.3589491 1
7 22 0.3541927 0.7430017 0.980118
7 10 0.2505524 0.525592 0.9993395
7 26 0.4013421 0.8419086 0.8619513
7 27 0.2049894 0.430013 0.7132657
7 19 0.3281513 0.6883739 0.9369038
7 13 0.112861 0.2367523 0.9991032
7 2 0.1967013 0.4126269 0.9917365
7 47 0.04146066 0.08697339 1
7 35 0.1115297 0.2339596 0.9554622
7 8 0.01636101 0.03432102 1
7 43 0.06749013 0.1415763 0.5503971
7 24 0.2749081 0.5766838 0.9236153
7 15 0.302569 0.634709 0.8037491
7 34 0.4053695 0.8503571 0.8184565
7 17 0.3853638 0.8083905 0.8141276
7 39 0.101677 0.2132912 0.9878435
7 30 0.3052242 0.640279 0.9592334
7 25 0.3555098 0.7457647 0.9567738
7 44 0.1025747 0.2151743 0.9704403
7 23 0.3617006 0.7587513 0.8080541
7 46 0.117344 0.2461563 0.7261438
7 18 0.4109543 0.8620723 0.8595952
7 3 0 0 0
7 9 0.1795171 0.3765791 0.9472684
7 45 0.2582507 0.5417411 0.9848807
7 0 0.1532066 0.3213865 0.9806464
7 28 0.2873044 0.602688 0.8484225
7 42 0.2242185 0.4703506 0.8960316
7 48 0 0 0
7 31 0.001899264 0.003984149 0.6425281
7 20 0.2786877 0.5846123 0.9495631
7 32 0.2852881 0.5984583 0.8982462
7 33 0.09985942 0.2094784 0.6358038
7 40 0.1708194 0.3583334 1
7 4 0.2206086 0.4627779 0.8785589
7 49 0 0 0
7 36 0.2807294 0.5888953 0.9086928
29 6 0.1086647 0.7400106 0.3282526
29 11 0.1179525 0.8032609 0.4921957
29 1 0.05834377 0.3973233 0.5103824
29 5 0.07853229 0.5348079 0.4048187
29 14 0.106372 0.7243973 0.6216481
29 22 0.1146468 0.7807494 0.3172494
29 10 0.1251797 0.8524784 0.4992848
29 26 0.1370973 0.9336376 0.2944399
29 27 0.07517099 0.5119173 0.2615594
29 19 0.09779792 0.6660076 0.2792225
29 13 0.09373912 0.6383671 0.8298266
29 2 0.1337022 0.910517 0.6741048
29 47 0.01378845 0.0938999 0.3325672
29 35 0.02368355 0.1612859 0.2028942
29 8 0 0 0
29 43 0.03101794 0.2112334 0.2529583
29 24 0.08077967 0.5501127 0.2713974
29 15 0.1242061 0.8458481 0.329943
29 34 0.1456095 0.991606 0.293991
29 17 0.1240564 0.8448285 0.262084
29 39 0.001965542 0.01338541 0.01909623
29 30 0.1434661 0.9770099 0.4508735
29 25 0.1262871 0.8600198 0.339873
29 44 0.07085317 0.4825128 0.6703289
29 23 0.1246929 0.8491635 0.2785691
29 46 0.06626452 0.4512639 0.4100557
29 18 0.1283433 0.8740231 0.2684565
29 3 0 0 0
29 9 0.09832684 0.6696095 0.5188468
29 45 0.09383591 0.6390261 0.3578583
29 0 0.06746312 0.4594265 0.4318188
29 28 0.09423344 0.6417333 0.2782755
29 42 0.05307008 0.3614093 0.2120809
29 48 0 0 0
29 31 0 0 0
29 20 0.1166146 0.7941496 0.3973368
29 32 0.08943214 0.6090363 0.2815823
29 33 0.0403598 0.2748518 0.2569703
29 40 0.05019343 0.3418192 0.2938392
29 4 0.04920388 0.3350804 0.1959511
29 49 0 0 0
29 36 0.1090177 0.7424146 0.3528793
6 11 0.2133101 0.6443638 0.8901069
6 1 0.1139983 0.3443644 0.9972399
6 5 0.1917758 0.5793135 0.9885671
6 14 0.1437427 0.4342158 0.8400463
6 22 0.3063213 0.9253308 0.847649
6 10 0.2266574 0.6846833 0.9040334
6 26 0.3124274 0.943776 0.6709917
6 27 0.1541141 0.4655455 0.5362439
6 19 0.277717 0.8389232 0.7929088
6 13 0.1018942 0.3078004 0.9020193
6 2 0.1622812 0.4902166 0.8181958
6 47 0.04146066 0.1252437 1
6 35 0.1047717 0.3164928 0.897567
6 8 0.01636101 0.04942308 1
6 43 0.04545373 0.1373059 0.3706854
6 24 0.2485475 0.7508085 0.835051
6 15 0.2302241 0.6954576 0.6115711
6 34 0.2996095 0.9050557 0.6049229
6 17 0.308699 0.9325132 0.6521638
6 39 0.09198941 0.2778802 0.8937235
6 30 0.2505502 0.7568581 0.7874082
6 25 0.2783837 0.8409371 0.7492064
6 44 0.0646404 0.1952647 0.611551
6 23 0.289689 0.8750882 0.6471772
6 46 0.08400854 0.2537717 0.5198586
6 18 0.3188373 0.9631389 0.6669137
6 3 0 0 0
6 9 0.1684528 0.5088597 0.8888846
6 45 0.2339328 0.7066607 0.8921405
6 0 0.1288445 0.3892114 0.8247092
6 28 0.2248399 0.6791928 0.663962
6 42 0.1871102 0.5652196 0.7477378
6 48 0 0 0
6 31 0 0 0
6 20 0.2416216 0.7298868 0.8232691
6 32 0.2469873 0.7460954 0.7776539
6 33 0.1381725 0.4173893 0.8797425
6 40 0.1188358 0.3589774 0.6956813
6 4 0.1973316 0.5960962 0.7858597
6 49 0 0 0
6 36 0.2516057 0.7600467 0.8144225
11 1 0.1139856 0.4756427 0.9971287
11 5 0.1662665 0.6938022 0.8570716
11 14 0.157312 0.6564365 0.9193466
11 22 0.2135118 0.8909486 0.5908274
11 10 0.205041 0.8556014 0.8178151
11 26 0.2218508 0.9257461 0.4764629
11 27 0.1121688 0.4680617 0.3902944
11 19 0.2046325 0.8538969 0.5842456
11 13 0.09887426 0.4125856 0.8752854
11 2 0.1665803 0.6951115 0.8398712
11 47 0.03403462 0.1420207 0.8208897
11 35 0.06352061 0.2650608 0.5441737
11 8 0.002541747 0.01060628 0.155354
11 43 0.02693734 0.112405 0.2196801
11 24 0.1838522 0.7671841 0.6176926
11 15 0.204033 0.8513952 0.5419965
11 34 0.2357735 0.9838428 0.4760355
11 17 0.2268465 0.9465923 0.4792407
11 39 0.05430925 0.2266233 0.5276417
11 30 0.2297718 0.9587989 0.7221078
11 25 0.228993 0.9555493 0.6162827
11 44 0.08458612 0.3529636 0.8002539
11 23 0.2029247 0.8467703 0.4533421
11 46 0.06226207 0.2598091 0.3852879
11 18 0.1764071 0.7361172 0.3689918
11 3 0 0 0
11 9 0.1674617 0.6987894 0.8836547
11 45 0.1694436 0.7070596 0.6462005
11 0 0.1169796 0.4881361 0.7487644
11 28 0.1813425 0.7567117 0.5355124
11 42 0.141544 0.5906392 0.5656442
11 48 0 0 0
11 31 0 0 0
11 20 0.2080062 0.8679746 0.7087324
11 32 0.1818301 0.7587464 0.5725028
11 33 0.03946226 0.1646694 0.2512558
11 40 0.1200814 0.5010792 0.7029727
11 4 0.1175157 0.4903733 0.4679985
11 49 0 0 0
11 36 0.1993952 0.8320425 0.6454223
1 5 0.1143138 1 0.5892656
1 14 0.09549969 0.8354167 0.5581094
1 22 0.1107685 0.9689856 0.3065172
1 10 0.1136343 0.9940559 0.4532357
1 26 0.1143124 0.9999877 0.2455056
1 27 0.06505444 0.5690863 0.2263586
1 19 0.1143138 1 0.3263771
1 13 0.05940617 0.5196761 0.5258937
1 2 0.08954363 0.7833139 0.4514645
1 47 0.02624245 0.229565 0.6329483
1 35 0.03907035 0.3417814 0.3347111
1 8 0 0 0
1 43 0.01835682 0.1605826 0.149704
1 24 0.114303 0.9999052 0.3840265
1 15 0.1103938 0.9657083 0.2932519
1 34 0.1143138 1 0.230804
1 17 0.1143138 1 0.2415018
1 39 0.03879761 0.3393956 0.3769384
1 30 0.1143123 0.9999864 0.3592512
1 25 0.114305 0.999923 0.307626
1 44 0.02340369 0.2047319 0.2214181
1 23 0.114141 0.9984881 0.2549957
1 46 0.03734592 0.3266964 0.2311027
1 18 0.1133963 0.9919732 0.2371916
1 3 0 0 0
1 9 0.1040674 0.9103655 0.5491382
1 45 0.1012075 0.8853473 0.3859709
1 0 0.07081705 0.6194968 0.4532866
1 28 0.09852052 0.8618425 0.2909355
1 42 0.08724961 0.7632462 0.3486706
1 48 0 0 0
1 31 0 0 0
1 20 0.1129645 0.9881963 0.3849002
1 32 0.1069331 0.9354344 0.3366851
1 33 0.05107336 0.446782 0.3251835
1 40 0.08859975 0.7750571 0.5186751
1 4 0.08632188 0.7551306 0.343771
1 49 0 0 0
1 36 0.1125953 0.9849668 0.3644598
5 14 0.1229306 0.6336834 0.7184184
5 22 0.1819908 0.9381269 0.5036028
5 10 0.1647763 0.8493896 0.6572176
5 26 0.1934657 0.9972782 0.415501
5 27 0.1177944 0.6072073 0.4098687
5 19 0.1930489 0.9951295 0.5511733
5 13 0.0760253 0.3918956 0.6730148
5 2 0.131197 0.6762949 0.661474
5 47 0.03055433 0.1575016 0.7369475
5 35 0.0794393 0.4094941 0.6805472
5 8 0.0008973419 0.004625623 0.05484638
5 43 0.03896901 0.2008777 0.317801
5 24 0.1934784 0.9973437 0.6500341
5 15 0.1710995 0.8819848 0.4545116
5 34 0.1924496 0.9920402 0.388563
5 17 0.1902379 0.9806395 0.4019006
5 39 0.05412199 0.2789883 0.5258224
5 30 0.1765075 0.9098618 0.5547131
5 25 0.1827876 0.9422343 0.4919312
5 44 0.04548442 0.2344633 0.4303198
5 23 0.1796791 0.9262107 0.4014105
5 46 0.06907134 0.3560493 0.4274247
5 18 0.186931 0.9635929 0.3910046
5 3 0 0 0
5 9 0.1259321 0.6491554 0.664513
5 45 0.1509407 0.7780697 0.5756365
5 0 0.08693254 0.4481203 0.5564389
5 28 0.1543376 0.7955805 0.4557658
5 42 0.1388847 0.7159237 0.5550171
5 48 0 0 0
5 31 0 0 0
5 20 0.1777756 0.9163986 0.6057288
5 32 0.1379086 0.7108918 0.4342132
5 33 0.0554236 0.2856978 0.3528814
5 40 0.126186 0.6504641 0.73871
5 4 0.1271286 0.655323 0.506281
5 49 0 0 0
5 36 0.1656141 0.8537083 0.5360761
14 22 0.1339641 0.7828991 0.370704
14 10 0.1493341 0.8727226 0.5956256
14 26 0.1700909 0.9940274 0.3652994
14 27 0.09461675 0.5529494 0.3292214
14 19 0.1420138 0.8299421 0.405463
14 13 0.0825299 0.4823127 0.7305969
14 2 0.1515385 0.8856058 0.7640328
14 47 0.02683123 0.1568043 0.6471493
14 35 0.0348501 0.2036673 0.2985567
14 8 0 0 0
14 43 0.02013959 0.1176977 0.1642429
14 24 0.1319457 0.7711031 0.443301
14 15 0.1628152 0.951508 0.432505
14 34 0.1685219 0.984858 0.340252
14 17 0.1489616 0.870546 0.3146994
14 39 0.0245188 0.1432903 0.2382126
14 30 0.1707627 0.9979539 0.5366589
14 25 0.1640376 0.9586518 0.44147
14 44 0.08409735 0.491473 0.7956297
14 23 0.1461707 0.8542358 0.3265514
14 46 0.05627958 0.3289033 0.3482673
14 18 0.1473463 0.8611059 0.308205
14 3 0 0 0
14 9 0.1254113 0.7329158 0.6617649
14 45 0.1131316 0.6611519 0.4314455
14 0 0.0764924 0.447029 0.4896134
14 28 0.1037593 0.6063796 0.3064059
14 42 0.07805139 0.4561398 0.3119123
14 48 0 0 0
14 31 0 0 0
14 20 0.133275 0.7788717 0.4541033
14 32 0.1133792 0.6625992 0.3569812
14 33 0.03036052 0.1774298 0.1933051
14 40 0.07834528 0.4578573 0.458644
14 4 0.07520038 0.4394783 0.2994804
14 49 0 0 0
14 36 0.12852 0.7510835 0.4160065
22 10 0.228405 0.6320398 0.9110037
22 26 0.3243198 0.8974542 0.6965326
22 27 0.1600086 0.442774 0.5567539
22 19 0.2932915 0.8115929 0.8373755
22 13 0.1088057 0.3010858 0.9632034
22 2 0.1609745 0.445447 0.8116078
22 47 0.04146066 0.1147295 1
22 35 0.1055245 0.2920061 0.9040157
22 8 0.01636101 0.04527399 1
22 43 0.06143478 0.1700016 0.5010144
22 24 0.2451257 0.6783092 0.8235548
22 15 0.2473091 0.6843509 0.6569558
22 34 0.3118434 0.8629295 0.6296235
22 17 0.3385677 0.9368807 0.715265
22 39 0.09636379 0.2666568 0.9362228
22 30 0.2469197 0.6832734 0.7759987
22 25 0.2910425 0.8053695 0.7832747
22 44 0.06292197 0.174117 0.5952933
22 23 0.312529 0.8648268 0.6982027
22 46 0.09872051 0.2731783 0.6108986
22 18 0.3568737 0.987537 0.7464747
22 3 0 0 0
22 9 0.1659434 0.4591968 0.875643
22 45 0.2530242 0.7001656 0.9649484
22 0 0.1426162 0.3946459 0.9128593
22 28 0.2583987 0.7150379 0.7630627
22 42 0.1960295 0.5424506 0.7833814
22 48 0 0 0
22 31 0 0 0
22 20 0.2569813 0.7111158 0.8756037
22 32 0.2568929 0.7108712 0.8088424
22 33 0.09220231 0.2551412 0.587051
22 40 0.1664049 0.4604739 0.9741573
22 4 0.2004343 0.5546395 0.7982159
22 49 0 0 0
22 36 0.2533215 0.7009884 0.8199762
10 26 0.2451535 0.9778056 0.5265092
10 27 0.09493422 0.3786494 0.330326
10 19 0.219516 0.8755494 0.6267394
10 13 0.09749791 0.3888748 0.8631014
10 2 0.1669797 0.6660059 0.8418846
10 47 0.03830315 0.1527738 0.9238434
10 35 0.08789361 0.3505676 0.7529743
10 8 0.01636101 0.0652566 1
10 43 0.02889394 0.1152448 0.2356365
10 24 0.1953626 0.7792123 0.6563642
10 15 0.1852918 0.7390447 0.4922121
10 34 0.2396228 0.9557462 0.4838074
10 17 0.2394716 0.9551433 0.5059127
10 39 0.0741872 0.295899 0.7207661
10 30 0.2208697 0.8809487 0.694131
10 25 0.2124635 0.8474203 0.5717973
10 44 0.06942727 0.2769138 0.6568387
10 23 0.2425176 0.9672924 0.5417943
10 46 0.06889283 0.2747822 0.4263201
10 18 0.2413088 0.9624709 0.5047469
10 3 0 0 0
10 9 0.1612308 0.6430761 0.8507755
10 45 0.1924641 0.7676519 0.733993
10 0 0.1092239 0.4356444 0.6991215
10 28 0.189776 0.7569299 0.5604168
10 42 0.1465056 0.5843441 0.5854719
10 48 0 0 0
10 31 0 0 0
10 20 0.2176288 0.8680223 0.7415194
10 32 0.201719 0.8045651 0.6351239
10 33 0.04217006 0.1681972 0.2684963
10 40 0.1430099 0.5704014 0.8371996
10 4 0.1461968 0.5831125 0.5822189
10 49 0 0 0
10 36 0.2115861 0.8439205 0.6848829
26 27 0.2515243 0.5401917 0.8751851
26 19 0.3172041 0.6812504 0.9056484
26 13 0.1112685 0.2389683 0.9850057
26 2 0.1976964 0.424587 0.9967533
26 47 0.04146066 0.08904389 1
26 35 0.1067699 0.2293068 0.9146856
26 8 0.01636101 0.03513807 1
26 43 0.08048221 0.1728494 0.6563504
26 24 0.252445 0.5421692 0.8481456
26 15 0.3175564 0.682007 0.8435619
26 34 0.4043171 0.8683405 0.8163315
26 17 0.3995427 0.8580868 0.8440822
26 39 0.1026893 0.2205429 0.9976783
26 30 0.2866538 0.6156385 0.9008719
26 25 0.3448569 0.7406396 0.928104
26 44 0.09681828 0.2079339 0.9159801
26 23 0.3825308 0.8215507 0.8545896
26 46 0.133684 0.2871094 0.8272585
26 18 0.4056348 0.8711705 0.8484684
26 3 0.005059358 0.01086584 0.1536752
26 9 0.1595081 0.3425711 0.8416855
26 45 0.2592761 0.5568401 0.9887912
26 0 0.1393142 0.2992013 0.8917243
26 28 0.2485686 0.5338439 0.7340341
26 42 0.2145895 0.4608678 0.8575516
26 48 0 0 0
26 31 0.001061614 0.002279999 0.359148
26 20 0.2378473 0.5108179 0.810409
26 32 0.2478337 0.5322656 0.780319
26 33 0.118686 0.2548986 0.7556723
26 40 0.1706841 0.3665735 0.9992083
26 4 0.2374319 0.509926 0.9455567
26 49 0 0 0
26 36 0.275943 0.5926351 0.8931999
27 19 0.1917733 0.66728 0.5475312
27 13 0.08013061 0.2788165 0.7093571
27 2 0.1002897 0.3489607 0.5056447
27 47 0.008944795 0.03112364 0.2157418
27 35 0.05577902 0.1940845 0.4778524
27 8 0 0 0
27 43 0.0904711 0.3147965 0.7378121
27 24 0.1430988 0.497916 0.4807725
27 15 0.2386023 0.8302229 0.6338271
27 34 0.219871 0.7650468 0.4439279
27 17 0.2338734 0.8137683 0.4940856
27 39 0.03847764 0.1338839 0.3738297
27 30 0.1236424 0.4302168 0.388573
27 25 0.2080954 0.7240734 0.5600415
27 44 0.06045227 0.2103452 0.571928
27 23 0.1990404 0.6925662 0.4446644
27 46 0.1346027 0.4683536 0.8329437
27 18 0.2138395 0.74406 0.4472892
27 3 0.0127708 0.04443631 0.3879059
27 9 0.08098423 0.2817867 0.4273341
27 45 0.1223622 0.4257624 0.4666479
27 0 0.07303334 0.2541214 0.4674727
27 28 0.1303627 0.4536005 0.3849669
27 42 0.1207224 0.4200565 0.4824358
27 48 0 0 0
27 31 0 0 0
27 20 0.1152843 0.4011348 0.3928044
27 32 0.07156502 0.2490123 0.2253266
27 33 0.1309873 0.4557737 0.8339947
27 40 0.0710765 0.2473125 0.4160916
27 4 0.09894563 0.3442838 0.3940443
27 49 0 0 0
27 36 0.1416229 0.4927805 0.4584191
19 13 0.09788185 0.2794621 0.8665001
19 2 0.1572014 0.4488251 0.792584
19 47 0.0390395 0.1114616 0.9416036
19 35 0.1061159 0.3029711 0.9090825
19 8 0.01636101 0.04671225 1
19 43 0.08433466 0.2407836 0.687768
19 24 0.25812 0.7369576 0.867212
19 15 0.2641056 0.7540469 0.7015743
19 34 0.3104273 0.8863 0.6267645
19 17 0.3343727 0.9546664 0.7064027
19 39 0.1029028 0.2937975 0.9997526
19 30 0.2308857 0.6592011 0.7256085
19 25 0.2797313 0.79866 0.7528333
19 44 0.05914355 0.1688605 0.5595464
19 23 0.2950716 0.8424578 0.659202
19 46 0.1231062 0.3514802 0.7618015
19 18 0.3231168 0.9225297 0.6758652
19 3 0.005058875 0.01444358 0.1536605
19 9 0.1604343 0.4580554 0.8465728
19 45 0.2365878 0.6754809 0.9022655
19 0 0.1328946 0.3794269 0.8506333
19 28 0.2586772 0.7385485 0.7638853
19 42 0.2049412 0.5851268 0.8189946
19 48 0 0 0
19 31 0 0 0
19 20 0.2442994 0.6974984 0.8323932
19 32 0.2235903 0.6383721 0.7039872
19 33 0.1107713 0.3162628 0.7052797
19 40 0.1627339 0.4646211 0.9526668
19 4 0.1826046 0.5213537 0.7272104
19 49 0 0 0
19 36 0.2451171 0.6998332 0.7934197
13 2 0.09315604 0.8246649 0.4696777
13 47 0.01427937 0.1264083 0.3444077
13 35 0.02389908 0.2115669 0.2047407
13 8 0 0 0
13 43 0.03529222 0.3124248 0.287816
13 24 0.07999533 0.7081596 0.2687622
13 15 0.1124984 0.9958931 0.2988425
13 34 0.1129623 1 0.2280751
13 17 0.1129623 1 0.2386465
13 39 0.01391962 0.1232236 0.1352361
13 30 0.03363188 0.2977266 0.1056955
13 25 0.1124591 0.9955454 0.3026581
13 44 0.04482195 0.3967868 0.4240523
13 23 0.1098001 0.9720063 0.2452979
13 46 0.06582668 0.5827314 0.4073463
13 18 0.1129623 1 0.2362838
13 3 0 0 0
13 9 0.09011966 0.7977853 0.4755395
13 45 0.0962013 0.8516231 0.3668792
13 0 0.07463572 0.6607136 0.4777292
13 28 0.09413624 0.8333421 0.2779885
13 42 0.06034572 0.5342111 0.2411561
13 48 0 0 0
13 31 0 0 0
13 20 0.105983 0.9382158 0.3611124
13 32 0.08522952 0.7544953 0.2683501
13 33 0.04728239 0.4185679 0.3010464
13 40 0.05596091 0.4953946 0.3276029
13 4 0.05966252 0.5281631 0.237602
13 49 0 0 0
13 36 0.1061838 0.9399933 0.3437063
2 47 0.02173728 0.1095959 0.5242869
2 35 0.04074245 0.2054169 0.3490358
2 8 0 0 0
2 43 0.030997 0.1562819 0.2527875
2 24 0.1342644 0.6769393 0.4510912
2 15 0.1739775 0.8771667 0.4621567
2 34 0.1982146 0.999366 0.4002027
2 17 0.1759599 0.8871616 0.3717365
2 39 0.01488689 0.07505729 0.1446336
2 30 0.1918545 0.9672994 0.6029443
2 25 0.181437 0.9147759 0.4882963
2 44 0.08689059 0.4380884 0.822056
2 23 0.1698179 0.8561944 0.3793801
2 46 0.07062224 0.356066 0.437022
2 18 0.1760591 0.8876619 0.3682638
2 3 0 0 0
2 9 0.134193 0.6765795 0.7081038
2 45 0.1299934 0.6554057 0.4957507
2 0 0.09142485 0.4609494 0.5851933
2 28 0.1275588 0.6431307 0.3766866
2 42 0.08960292 0.4517635 0.358075
2 48 0 0 0
2 31 0.0003401021 0.00171474 0.1150578
2 20 0.1579804 0.7965117 0.5382813
2 32 0.1221102 0.61566 0.3844711
2 33 0.04613457 0.2326031 0.2937382
2 40 0.07610738 0.3837212 0.4455431
2 4 0.07450261 0.3756302 0.2967016
2 49 0 0 0
2 36 0.1413841 0.7128358 0.4576461
47 35 0.01505282 0.3630627 0.1289557
47 8 0.004366938 0.1053273 0.2669114
47 43 0.002557189 0.0616775 0.02085445
47 24 0.03886433 0.9373785 0.1305734
47 15 0.03033845 0.7317407 0.08059154
47 34 0.04146066 1 0.08371063
47 17 0.04146066 1 0.08759063
47 39 0.02580542 0.6224075 0.2507127
47 30 0.03914468 0.9441403 0.1230206
47 25 0.03909352 0.9429065 0.1052113
47 44 0.003796898 0.09157833 0.03592176
47 23 0.04146066 1 0.09262481
47 46 0.00290975 0.07018099 0.01800601
47 18 0.04146066 1 0.08672348
47 3 0 0 0
47 9 0.02597084 0.6263972 0.1370418
47 45 0.04112259 0.991846 0.1568276
47 0 0.02202972 0.5313403 0.1410081
47 28 0.03504656 0.8452967 0.103494
47 42 0.02983876 0.7196886 0.1192429
47 48 0 0 0
47 31 0 0 0
47 20 0.03424924 0.826066 0.1166963
47 32 0.04146066 1 0.1305413
47 33 0.002512844 0.06060791 0.01599924
47 40 0.03733687 0.9005375 0.2185752
47 4 0.03595945 0.8673151 0.1432061
47 49 0 0 0
47 36 0.03892712 0.9388929 0.1260032
35 8 0.01036707 0.08881348 0.633645
35 43 0.02319605 0.1987179 0.189169
35 24 0.1075389 0.9212733 0.361301
35 15 0.07794896 0.6677797 0.2070649
35 34 0.0884914 0.7580955 0.1786675
35 17 0.1073687 0.9198152 0.2268293
35 39 0.05018147 0.4298989 0.4875383
35 30 0.07137424 0.6114548 0.224309
35 25 0.08448056 0.7237352 0.2273602
35 44 0.005008897 0.04291064 0.04738826
35 23 0.09514278 0.8150771 0.2125529
35 46 0.03046225 0.2609666 0.1885054
35 18 0.1058807 0.9070676 0.2214712
35 3 0 0 0
35 9 0.04377729 0.3750349 0.2310021
35 45 0.08108402 0.6946374 0.309227
35 0 0.03566473 0.3055356 0.2282832
35 28 0.0932742 0.7990692 0.2754428
35 42 0.07489441 0.6416118 0.2992963
35 48 0 0 0
35 31 0 0 0
35 20 0.09757324 0.8358986 0.332458
35 32 0.08023365 0.6873524 0.2526203
35 33 0.03547906 0.303945 0.2258948
35 40 0.07915436 0.6781062 0.4633805
35 4 0.08557694 0.7331277 0.3408044
35 49 0 0 0
35 36 0.07795586 0.6678388 0.2523353
8 43 0 0 0
8 24 0.01636101 1 0.05496846
8 15 0 0 0
8 34 0.01352318 0.8265492 0.0273038
8 17 0.01636101 1 0.0345646
8 39 0.01595893 0.9754245 0.155049
8 30 0.005945349 0.3633853 0.01868455
8 25 0.00587822 0.3592823 0.01581989
8 44 0 0 0
8 23 0.01636101 1 0.03655116
8 46 0 0 0
8 18 0.01636101 1 0.0342224
8 3 0 0 0
8 9 0 0 0
8 45 0.01568731 0.9588233 0.05982609
8 0 0 0 0
8 28 0.008712021 0.5324869 0.02572698
8 42 0.005259329 0.3214552 0.02101756
8 48 0 0 0
8 31 0 0 0
8 20 0.008341536 0.5098425 0.02842183
8 32 0.01636101 1 0.05151358
8 33 0 0 0
8 40 0.01572854 0.9613431 0.09207703
8 4 0.01636101 1 0.0651566
8 49 0 0 0
8 36 0.01099055 0.6717527 0.03557531
43 24 0.04372906 0.3566203 0.1469176
43 15 0.1166099 0.9509795 0.3097643
43 34 0.08534931 0.6960427 0.1723235
43 17 0.4047947 3.301191 0.8551776
43 39 0.003517262 0.02868406 0.03417198
43 30 0.0339635 0.2769799 0.1067377
43 25 0.06798316 0.5544178 0.1829612
43 44 0 0 0
43 23 0.08478161 0.691413 0.1894056
43 46 0.09063397 0.7391403 0.5608578
43 18 0.07745938 0.6316986 0.1620222
43 3 0.02119439 0.172845 0.6437678
43 9 0.02446329 0.1995036 0.1290868
43 45 0.06555261 0.5345962 0.2499954
43 0 0.04060933 0.3311782 0.2599327
43 28 0.0800368 0.652718 0.2363522
43 42 0.05006576 0.4082974 0.2000749
43 48 0 0 0
43 31 0 0 0
43 20 0.04707824 0.3839336 0.1604081
43 32 0.01692303 0.1380111 0.05328315
43 33 0.1048613 0.8551675 0.6676508
43 40 0.02990071 0.243847 0.1750429
43 4 0.03629769 0.2960158 0.1445531
43 49 0 0 0
43 36 0.03774109 0.3077871 0.1221641
24 15 0.1976481 0.6640431 0.5250357
24 34 0.2375792 0.7982006 0.4796814
24 17 0.2531506 0.850516 0.5348111
24 39 0.08619566 0.2895936 0.8374344
24 30 0.2038716 0.6849524 0.6407109
24 25 0.2208202 0.7418948 0.5942873
24 44 0.05576439 0.187353 0.5275767
24 23 0.2360374 0.7930203 0.5273172
24 46 0.0764816 0.256957 0.4732806
24 18 0.2507064 0.8423043 0.5244039
24 3 0 0 0
24 9 0.1302003 0.4374369 0.6870351
24 45 0.1919762 0.6449871 0.7321323
24 0 0.09256062 0.3109781 0.5924631
24 28 0.2078538 0.6983314 0.6138014
24 42 0.1646226 0.5530863 0.6578717
24 48 0 0 0
24 31 0 0 0
24 20 0.2214341 0.7439575 0.7544851
24 32 0.211183 0.7095166 0.6649221
24 33 0.06280743 0.2110156 0.3998941
24 40 0.1578607 0.5303683 0.9241381
24 4 0.1736246 0.5833307 0.6914482
24 49 0 0 0
24 36 0.1984338 0.6666826 0.6423102
15 34 0.3076017 0.817118 0.6210594
15 17 0.3270154 0.8686891 0.6908595
15 39 0.06862231 0.1822894 0.6667004
15 30 0.231174 0.6140944 0.7265145
15 25 0.3016434 0.8012903 0.8118045
15 44 0.09301415 0.2470843 0.8799899
15 23 0.2717478 0.7218753 0.6070958
15 46 0.1515025 0.4024536 0.937522
15 18 0.2874858 0.7636818 0.6013355
15 3 0.02406833 0.06393549 0.7310621
15 9 0.1470115 0.3905236 0.7757438
15 45 0.203081 0.5394677 0.7744821
15 0 0.1350006 0.3586177 0.8641132
15 28 0.216987 0.5764078 0.6407722
15 42 0.1628601 0.4326243 0.6508286
15 48 0 0 0
15 31 0 0 0
15 20 0.2008109 0.5334373 0.6842163
15 32 0.1516076 0.4027329 0.4773454
15 33 0.1462262 0.3884376 0.9310204
15 40 0.121764 0.3234559 0.7128234
15 4 0.1354004 0.3596798 0.539223
15 49 0 0 0
15 36 0.2001789 0.5317585 0.6479592
34 17 0.4101268 0.8280615 0.8664423
34 39 0.09597135 0.1937698 0.93241
34 30 0.3138759 0.6337273 0.9864232
34 25 0.3410906 0.6886749 0.9179679
34 44 0.1010355 0.2039946 0.9558787
34 23 0.4004402 0.8085039 0.8945999
34 46 0.1511362 0.3051498 0.9352558
34 18 0.4110155 0.8298559 0.8597233
34 3 0.02676293 0.05403537 0.8129093
34 9 0.1775514 0.3584831 0.9368958
34 45 0.249303 0.5033521 0.950757
34 0 0.1562302 0.3154346 1
34 28 0.269887 0.544912 0.7969882
34 42 0.2335003 0.4714459 0.9331238
34 48 0 0 0
34 31 0.002629662 0.005309387 0.8896244
34 20 0.2608852 0.5267371 0.8889054
34 32 0.2587615 0.5224493 0.8147257
34 33 0.1232937 0.2489346 0.7850092
34 40 0.1656926 0.3345396 0.9699871
34 4 0.2202144 0.4446211 0.8769889
34 49 6.010482E-08 1.213539E-07 1
34 36 0.2983724 0.6024253 0.9658017
17 39 0.1013264 0.2140642 0.9844367
17 30 0.2652115 0.5602913 0.8334848
17 25 0.3275018 0.6918871 0.8813967
17 44 0.07682987 0.1623123 0.7268733
17 23 0.3952897 0.835097 0.8830934
17 46 0.1574209 0.3325707 0.9741465
17 18 0.4119945 0.8703881 0.8617712
17 3 0.02953361 0.06239332 0.8970672
17 9 0.1694564 0.357997 0.89418
17 45 0.2582272 0.545536 0.9847909
17 0 0.1483019 0.3133055 0.9492522
17 28 0.2818001 0.5953366 0.832168
17 42 0.2306346 0.4872433 0.9216717
17 48 0 0 0
17 31 0 0 0
17 20 0.2648335 0.5594926 0.9023582
17 32 0.2680217 0.5662282 0.843882
17 33 0.1510126 0.3190323 0.9614955
17 40 0.1708194 0.3608765 1
17 4 0.2286383 0.483026 0.9105366
17 49 0 0 0
17 36 0.2881134 0.6086743 0.9325942
39 30 0.0735136 0.7142217 0.2310324
39 25 0.08387834 0.8149204 0.2257395
39 44 0 0 0
39 23 0.1027043 0.9978244 0.2294457
39 46 0.01388112 0.134862 0.08589861
39 18 0.1026567 0.9973619 0.2147276
39 3 3.234114E-05 0.0003142105 0.0009823444
39 9 0.03420359 0.3323051 0.180484
39 45 0.09293945 0.9029536 0.3544396
39 0 0.043578 0.4233823 0.2789346
39 28 0.08055491 0.7826316 0.2378822
39 42 0.0843502 0.8195047 0.3370839
39 48 0 0 0
39 31 0 0 0
39 20 0.06318147 0.6138398 0.2152761
39 32 0.08489668 0.824814 0.2673021
39 33 0.01029689 0.1000394 0.06556015
39 40 0.08612718 0.836769 0.5042004
39 4 0.09741022 0.9463894 0.3879296
39 49 0 0 0
39 36 0.08991131 0.8735337 0.2910339
30 25 0.285457 0.8971105 0.7682425
30 44 0.1042823 0.3277297 0.9865957
30 23 0.250839 0.7883161 0.5603847
30 46 0.07694029 0.2418016 0.4761191
30 18 0.2791736 0.8773635 0.5839488
30 3 0 0 0
30 9 0.1665908 0.5235477 0.879059
30 45 0.1977384 0.6214358 0.7541072
30 0 0.1327485 0.4171909 0.8496981
30 28 0.2052357 0.6449978 0.60607
30 42 0.1632083 0.5129175 0.65222
30 48 0 0 0
30 31 0.0003133493 0.0009847683 0.1060072
30 20 0.2246828 0.7061145 0.7655542
30 32 0.2121083 0.6665965 0.6678355
30 33 0.04965451 0.1560501 0.3161497
30 40 0.1500178 0.4714635 0.8782248
30 4 0.156179 0.4908263 0.6219723
30 49 6.010482E-08 1.888924E-07 1
30 36 0.2325993 0.7309937 0.7529006
25 44 0.09553277 0.2571047 0.9038181
25 23 0.2883291 0.7759723 0.6441392
25 46 0.1113828 0.2997615 0.6892551
25 18 0.332793 0.8956366 0.6961048
25 3 0 0 0
25 9 0.1662451 0.4474109 0.877235
25 45 0.2302551 0.6196791 0.8781147
25 0 0.1500131 0.4037262 0.9602059
25 28 0.2387823 0.6426283 0.7051347
25 42 0.1918142 0.5162243 0.7665361
25 48 0 0 0
25 31 0 0 0
25 20 0.2353626 0.6334249 0.801943
25 32 0.214213 0.5765055 0.6744621
25 33 0.1018901 0.274214 0.648733
25 40 0.1509747 0.4063141 0.8838268
25 4 0.1758261 0.4731959 0.7002155
25 49 6.010482E-08 1.617585E-07 1
25 36 0.2532429 0.6815457 0.8197219
44 23 0.06669544 0.6309934 0.1490004
44 46 0.03178815 0.3007419 0.1967103
44 18 0.07880174 0.7455289 0.16483
44 3 0 0 0
44 9 0.04461269 0.4220725 0.2354103
44 45 0.03187893 0.3016007 0.1215754
44 0 0.01921965 0.1818336 0.1230213
44 28 0.03298242 0.3120407 0.09739853
44 42 0.0001364875 0.001291284 0.0005454373
44 48 0 0 0
44 31 0 0 0
44 20 0.06246106 0.5909327 0.2128215
44 32 0.04667776 0.4416098 0.1469676
44 33 0.006462691 0.06114234 0.04114788
44 40 0.002608847 0.02468183 0.01527255
44 4 0.0001618911 0.001531622 0.0006447203
44 49 0 0 0
44 36 0.04822595 0.4562569 0.1561026
23 46 0.1499739 0.3350478 0.9280629
23 18 0.4029087 0.9001147 0.8427663
23 3 0.02676936 0.05980385 0.8131045
23 9 0.160474 0.3585055 0.8467823
23 45 0.2566921 0.5734608 0.9789367
23 0 0.1361832 0.3042389 0.8716829
23 28 0.2449913 0.5473206 0.72347
23 42 0.2245856 0.5017334 0.8974984
23 48 0 0 0
23 31 0 0 0
23 20 0.2404804 0.5372431 0.8193806
23 32 0.2624996 0.5864348 0.8264952
23 33 0.1197185 0.2674561 0.7622464
23 40 0.1708194 0.3816175 1
23 4 0.2443093 0.5457971 0.9729455
23 49 0 0 0
23 36 0.2798642 0.6252282 0.9058924
46 18 0.1306171 0.8082798 0.2732124
46 3 0.02939243 0.1818852 0.8927789
46 9 0.05636034 0.348767 0.2973998
46 45 0.09272566 0.5738016 0.3536243
46 0 0.04749962 0.2939354 0.3040361
46 28 0.09460928 0.5854577 0.2793854
46 42 0.07371323 0.4561495 0.294576
46 48 0 0 0
46 31 0 0 0
46 20 0.08433214 0.5218611 0.2873421
46 32 0.03947695 0.2442898 0.1242955
46 33 0.1204365 0.7452807 0.7668177
46 40 0.03988857 0.246837 0.2335132
46 4 0.04922251 0.304597 0.1960253
46 49 0 0 0
46 36 0.08040947 0.497587 0.2602774
18 3 0.004161949 0.008705571 0.1264169
18 9 0.1810774 0.3787605 0.9555014
18 45 0.2610345 0.5460073 0.9954972
18 0 0.1562302 0.3267875 1
18 28 0.2896484 0.6058592 0.8553445
18 42 0.2353439 0.4922701 0.9404914
18 48 0 0 0
18 31 0 0 0
18 20 0.2761725 0.5776715 0.9409933
18 32 0.2943273 0.615646 0.9267067
18 33 0.1111649 0.2325242 0.7077854
18 40 0.1708194 0.3573038 1
18 4 0.2460582 0.5146812 0.9799102
18 49 0 0 0
18 36 0.3040817 0.6360493 0.984282
3 9 0 0 0
3 45 0 0 0
3 0 0 0 0
3 28 0.0004363012 0.01325241 0.001288417
3 42 0.004648445 0.141194 0.01857631
3 48 0 0 0
3 31 0 0 0
3 20 0 0 0
3 32 0 0 0
3 33 0.02888946 0.8775014 0.1839388
3 40 0 0 0
3 4 0 0 0
3 49 0 0 0
3 36 0 0 0
9 45 0.1381266 0.7288607 0.5267682
9 0 0.1128633 0.5955523 0.7224169
9 28 0.16274 0.8587393 0.4805783
9 42 0.1262872 0.6663867 0.5046741
9 48 0 0 0
9 31 0 0 0
9 20 0.1774737 0.9364855 0.6047001
9 32 0.157933 0.8333738 0.4972611
9 33 0.03482824 0.1837801 0.221751
9 40 0.09443949 0.4983342 0.5528618
9 4 0.09163567 0.4835392 0.3649329
9 49 0 0 0
9 36 0.1785353 0.9420872 0.5779008
45 0 0.1295602 0.4940988 0.8292907
45 28 0.2247497 0.8571191 0.6636956
45 42 0.1742102 0.6643787 0.6961862
45 48 0 0 0
45 31 0 0 0
45 20 0.1996 0.7612067 0.6800903
45 32 0.1960135 0.747529 0.6171599
45 33 0.07979 0.304292 0.508022
45 40 0.1606755 0.612762 0.9406166
45 4 0.179431 0.6842889 0.7145717
45 49 0 0 0
45 36 0.2119182 0.8081844 0.6859581
0 28 0.1547153 0.9903036 0.4568811
0 42 0.1205225 0.7714421 0.4816373
0 48 0 0 0
0 31 0 0 0
0 20 0.1337871 0.8563463 0.4558484
0 32 0.1173163 0.7509193 0.3693771
0 33 0.04793376 0.306815 0.3051937
0 40 0.08299517 0.5312365 0.4858651
0 4 0.09184621 0.5878903 0.3657714
0 49 0 0 0
0 36 0.1385189 0.8866337 0.4483719
28 42 0.2058688 0.6079396 0.8227017
28 48 0 0 0
28 31 0 0 0
28 20 0.2576653 0.760897 0.8779343
28 32 0.2213702 0.653716 0.6969971
28 33 0.09429942 0.2784703 0.6004033
28 40 0.1478507 0.4366095 0.8655381
28 4 0.1578155 0.4660362 0.6284897
28 49 0 0 0
28 36 0.2307938 0.6815441 0.7470563
42 48 0 0 0
42 31 0 0 0
42 20 0.177523 0.7094251 0.6048682
42 32 0.1628172 0.650657 0.5126394
42 33 0.067276 0.2688512 0.4283455
42 40 0.1409662 0.5633353 0.8252357
42 4 0.1674164 0.6690366 0.6667245
42 49 0 0 0
42 36 0.2136549 0.8538169 0.6915795
48 31 0 0 0
48 20 0 0 0
48 32 0 0 0
48 33 0 0 0
48 40 0 0 0
48 4 0 0 0
48 49 0 0 0
48 36 0 0 0
31 20 0 0 0
31 32 0 0 0
31 33 0 0 0
31 40 0 0 0
31 4 0 0 0
31 49 0 0 0
31 36 0 0 0
20 32 0.2346877 0.7996435 0.7389279
20 33 0.06321792 0.2154003 0.4025078
20 40 0.1380855 0.4704941 0.8083715
20 4 0.1413845 0.4817345 0.563054
20 49 0 0 0
20 36 0.2330501 0.7940639 0.7543599
32 33 0.02279988 0.07178675 0.1451665
32 40 0.1475718 0.4646386 0.8639059
32 4 0.1919142 0.6042531 0.7642854
32 49 0 0 0
32 36 0.2292287 0.7217399 0.7419903
33 40 0.0413039 0.2629814 0.2417987
33 4 0.04849539 0.3087696 0.1931296
33 49 0 0 0
33 36 0.1075605 0.6848363 0.3481625
40 4 0.1675697 0.9809762 0.6673352
40 49 0 0 0
40 36 0.1621159 0.9490488 0.5247529
4 49 0 0 0
4 36 0.1930684 0.7688817 0.6249429
49 36 0 0 0
