2 12 0.01091974 0.2007476 0.1859502
2 3 0 0 0
2 1 0.03461609 0.6363794 0.369426
2 11 0 0 0
2 4 0 0 0
2 5 0 0 0
2 14 0 0 0
2 10 0.01030753 0.1894929 0.125075
2 13 0 0 0
2 6 0 0 0
2 16 0 0 0
2 15 0 0 0
2 17 0 0 0
2 19 0 0 0
2 9 0 0 0
2 8 0 0 0
2 7 0 0 0
2 18 0 0 0
12 3 0 0 0
12 1 0.03786081 0.6447247 0.404054
12 11 0 0 0
12 4 0 0 0
12 5 0.00484611 0.08252349 0.1088923
12 14 0 0 0
12 10 0.004356596 0.07418766 0.05286435
12 13 0 0 0
12 6 0 0 0
12 16 0.004661211 0.07937489 0.04101607
12 15 0.0001306231 0.002224356 0.00362215
12 17 0 0 0
12 19 0 0 0
12 9 0.01347422 0.2294499 0.09763454
12 8 0 0 0
12 7 0 0 0
12 18 0 0 0
3 1 0 0 0
3 11 0 0 0
3 4 0 0 0
3 5 0 0 0
3 14 0 0 0
3 10 0 0 0
3 13 0 0 0
3 6 0 0 0
3 16 0 0 0
3 15 0 0 0
3 17 0 0 0
3 19 0.001366482 0.02256308 0.05124741
3 9 0 0 0
3 8 0 0 0
3 7 0 0 0
3 18 0 0 0
1 11 0 0 0
1 4 0 0 0
1 5 0 0 0
1 14 0 0 0
1 10 0.02621238 0.2797409 0.3180695
1 13 0 0 0
1 6 0 0 0
1 16 0.007167143 0.0764884 0.06306688
1 15 0 0 0
1 17 0 0 0
1 19 0 0 0
1 9 4.219374E-07 4.502954E-06 3.05737E-06
1 8 0 0 0
1 7 0 0 0
1 18 0 0 0
11 4 0.000534474 0.1393899 0.01075847
11 5 0 0 0
11 14 0 0 0
11 10 0 0 0
11 13 0 0 0
11 6 0 0 0
11 16 0 0 0
11 15 0 0 0
11 17 0 0 0
11 19 0 0 0
11 9 0 0 0
11 8 0 0 0
11 7 0 0 0
11 18 0 0 0
4 5 0 0 0
4 14 0 0 0
4 10 0 0 0
4 13 0 0 0
4 6 0 0 0
4 16 0 0 0
4 15 0 0 0
4 17 0 0 0
4 19 0 0 0
4 9 0 0 0
4 8 0 0 0
4 7 0 0 0
4 18 0 0 0
5 14 0 0 0
5 10 0 0 0
5 13 0.03052031 0.6857924 0.2674068
5 6 0.003250473 0.07303824 0.070761
5 16 0.0008483828 0.01906319 0.007465297
5 15 0 0 0
5 17 0.0008637291 0.01940802 0.03070894
5 19 0 0 0
5 9 0.02543405 0.5715041 0.1842958
5 8 0 0 0
5 7 0 0 0
5 18 0 0 0
14 10 0 0 0
14 13 0 0 0
14 6 0 0 0
14 16 0 0 0
14 15 0 0 0
14 17 0 0 0
14 19 0.0006394543 0.01871992 0.02398156
14 9 0 0 0
14 8 0 0 0
14 7 0 0 0
14 18 0.002074091 0.06071867 0.1725341
10 13 0 0 0
10 6 0 0 0
10 16 0.03525952 0.4278506 0.3102642
10 15 0.0003192235 0.003873562 0.008851998
10 17 0 0 0
10 19 0 0 0
10 9 0.0009627129 0.01168187 0.006975844
10 8 0 0 0
10 7 0 0 0
10 18 0 0 0
13 6 0.02621947 0.2297246 0.5707834
13 16 0.0139626 0.1223347 0.1228631
13 15 0 0 0
13 17 0.008837717 0.07743256 0.3142153
13 19 0.005174818 0.0453397 0.1940721
13 9 0.02999014 0.2627617 0.2173094
13 8 0 0 0
13 7 0 0 0
13 18 0 0 0
6 16 0 0 0
6 15 0 0 0
6 17 0 0 0
6 19 0 0 0
6 9 0 0 0
6 8 0 0 0
6 7 0 0 0
6 18 0 0 0
16 15 0.03067708 0.2699412 0.8506687
16 17 0 0 0
16 19 0 0 0
16 9 0.07053521 0.6206707 0.5111001
16 8 0 0 0
16 7 0 0 0
16 18 0 0 0
15 17 0 0 0
15 19 0 0 0
15 9 0.03148304 0.8730178 0.2281269
15 8 0 0 0
15 7 0 0 0
15 18 0 0 0
17 19 0 0 0
17 9 0.000196613 0.006990358 0.001424663
17 8 0 0 0
17 7 0.001421497 0.05053978 0.37903
17 18 0 0 0
19 9 0 0 0
19 8 0 0 0
19 7 0 0 0
19 18 0 0 0
9 8 0 0 0
9 7 0 0 0
9 18 0 0 0
8 7 0 0 0
8 18 0 0 0
7 18 0 0 0
