Epiblast Primitive.Streak 8019 4534 12553 0.09351099 0.6050327 0.63473 0.1545553 0.147324 0.121439 0.6621099 0.739502 -0.9867831 0 0.1620469
Epiblast ExE.ectoderm 0 0 0 0 0 0 0.1702947 0.09945028 -0.03431653 0.01693172 0.9992676 -0.9994109 0 -0.03432145
Epiblast Visceral.endoderm 0 0 0 0 0 0 0.1702947 0.02937512 -0.03431653 0.01693172 0.9992676 -0.9994109 0 -0.03432145
Epiblast ExE.endoderm 0 0 0 0 0 0 0.1698087 0.0942564 0.04742682 0.01380628 0.9987793 -0.9988745 0 0.04743133
Epiblast Nascent.mesoderm 0 0 0 0 0 0 0.1698087 0.1117246 0.04742682 0.01380628 0.9987793 -0.9988745 0 0.04743133
Epiblast Rostral.neurectoderm 6487 2259 8746 0.0970505 0.5474824 0.473545 0.1772669 0.2049446 -0.4273793 0.3123837 0.8483887 -0.8930821 0 -0.4498938
Epiblast Blood.progenitors.2 0 0 0 0 0 0 0.1691347 0.03463048 0.06822697 0.1235493 0.9899902 -0.9976337 0 0.06875373
Epiblast Mixed.mesoderm 0 0 0 0 0 0 0.1698087 0.07216295 0.04742682 0.01380628 0.9987793 -0.9988745 0 0.04743133
Epiblast ExE.mesoderm 0 0 0 0 0 0 0.1693529 0.0666812 0.1077844 0.05883846 0.9924316 -0.994154 0 0.1079714
Epiblast Intermediate.mesoderm 0 0 0 0 0 0 0.1702947 0.09192202 -0.03431653 0.01693172 0.9992676 -0.9994109 0 -0.03432145
Epiblast Pharyngeal.mesoderm 0 0 0 0 0 0 0.1698087 0.1332892 0.04742682 0.01380628 0.9987793 -0.9988745 0 0.04743133
Epiblast Caudal.epiblast 0 0 0 0 0 0 0.1690265 0.1059447 0.0169663 0.1090042 0.9938965 -0.9998543 0 0.017068
Epiblast PGC 0 0 0 0 0 0 0.1702947 0.01621416 -0.03431653 0.01693172 0.9992676 -0.9994109 0 -0.03432145
Epiblast Mesenchyme 0 0 0 0 0 0 0.169238 0.1128055 0.2073021 0.003277564 0.9782715 -0.9782767 0 0.2073032
Epiblast Haematoendothelial.progenitors 256 2 258 0.01709864 0.121583 0.1613498 0.1406335 0.1059725 0.3237135 0.8553105 0.404541 -0.7807928 0 0.62479
Epiblast Blood.progenitors.1 0 0 0 0 0 0 0.1498356 0.0425784 0.8055048 0.1354378 0.5769043 -0.5822694 0 0.8129959
Epiblast Surface.ectoderm 63 9 72 0.01001731 0.06981239 0.05888853 0.1434889 0.1701062 0.04510467 0.9985309 -0.03002935 0.5541835 0 0.8323945
Epiblast Gut 0 0 0 0 0 0 0.1635667 0.1207594 0.4518901 0.03573929 0.8913574 -0.8919272 0 0.452179
Epiblast Paraxial.mesoderm 0 0 0 0 0 0 0.1702947 0.1273299 -0.03431653 0.01693172 0.9992676 -0.9994109 0 -0.03432145
Epiblast Caudal.neurectoderm 2 2 4 0.0008880791 0.005134328 0.01241492 0.1729689 0.07153322 -0.2136004 0.03431214 0.9763184 -0.9768936 0 -0.2137263
Epiblast Notochord 0 0 0 0 0 0 0.1702947 0.004717914 -0.03431653 0.01693172 0.9992676 -0.9994109 0 -0.03432145
Epiblast Somitic.mesoderm 0 0 0 0 0 0 0.1702947 0.09019494 -0.03431653 0.01693172 0.9992676 -0.9994109 0 -0.03432145
Epiblast Caudal.Mesoderm 0 0 0 0 0 0 0.1702947 0.03694697 -0.03431653 0.01693172 0.9992676 -0.9994109 0 -0.03432145
Epiblast Erythroid1 0 0 0 0 0 0 0.1772669 0.03244201 -0.4273793 0.3123837 0.8483887 -0.8930821 0 -0.4498938
Epiblast Def.endoderm 15 3 18 0.01114959 0.07369285 0.0995512 0.1512982 0.1119986 0.7438536 0.373919 0.5539551 -0.5972811 0 0.802032
Epiblast Parietal.endoderm 2 0 2 0.002996119 0.01794582 0.2559793 0.1669536 0.01170454 0.3547372 0.01683701 0.9348145 -0.934947 0 0.3547874
Epiblast Allantois 0 0 0 0 0 0 0.1676359 0.06448345 0.3215272 0.05887337 0.9450684 -0.9467105 0 0.3220858
Epiblast Anterior.Primitive.Streak 0 0 0 0 0 0 0.1702947 0.05351395 -0.03431653 0.01693172 0.9992676 -0.9994109 0 -0.03432145
Epiblast Endothelium 0 0 0 0 0 0 0.1505233 0.01893993 0.7145532 0.1112808 0.6906738 -0.6949904 0 0.719019
Epiblast Forebrain/Midbrain/Hindbrain 1 2 3 0.0007356578 0.004397402 0.00656893 0.1672937 0.1119905 -0.003033328 0.2775952 0.9606934 -0.9999951 0 -0.00315742
Epiblast Spinal.cord 0 0 0 0 0 0 0.1702947 0.05654643 -0.03431653 0.01693172 0.9992676 -0.9994109 0 -0.03432145
Epiblast Cardiomyocytes 0 0 0 0 0 0 0.1702947 0.02436689 -0.03431653 0.01693172 0.9992676 -0.9994109 0 -0.03432145
Epiblast Erythroid2 0 0 0 0 0 0 0.1779414 0.02025522 -0.5025711 0.1449677 0.8522949 -0.8613943 0 -0.5079368
Epiblast NMP 0 0 0 0 0 0 0.1702947 0.04528293 -0.03431653 0.01693172 0.9992676 -0.9994109 0 -0.03432145
Epiblast Erythroid3 0 0 0 0 0 0 0.1765704 0.02456375 -0.6017814 0.1010978 0.7922363 -0.7963163 0 -0.6048805
Epiblast Neural.crest 0 0 0 0 0 0 0.1702947 0.01598783 -0.03431653 0.01693172 0.9992676 -0.9994109 0 -0.03432145
Primitive.Streak ExE.ectoderm 0 0 0 0 0 0 0.1621662 0.09945028 -0.03431653 0.01693172 0.9992676 -0.9994109 0 -0.03432145
Primitive.Streak Visceral.endoderm 0 0 0 0 0 0 0.1613531 0.0312064 0.1493689 0.02250491 0.9885254 -0.9887758 0 0.1494068
Primitive.Streak ExE.endoderm 0 0 0 0 0 0 0.1525377 0.08691598 0.4518901 0.03573929 0.8913574 -0.8919272 0 0.452179
Primitive.Streak Nascent.mesoderm 1811 479 2290 0.04514241 0.2884345 0.3574214 0.1565084 0.1263002 0.3215272 0.05887337 0.9450684 -0.9467105 0 0.3220858
Primitive.Streak Rostral.neurectoderm 6750 519 7269 0.0984615 0.7661905 0.4955935 0.1285079 0.1986739 -0.8354717 0.4005559 -0.3762208 0.4105993 0 -0.9118159
Primitive.Streak Blood.progenitors.2 0 0 0 0 0 0 0.1621662 0.03440266 -0.03431653 0.01693172 0.9992676 -0.9994109 0 -0.03432145
Primitive.Streak Mixed.mesoderm 18 2 20 0.002220372 0.01581117 0.03125434 0.1404305 0.07104203 -0.7296213 0.466271 -0.5002441 0.5654764 0 -0.8247645
Primitive.Streak ExE.mesoderm 0 0 0 0 0 0 0.1579465 0.06674327 0.1254137 0.1091319 0.986084 -0.992009 0 0.1261673
Primitive.Streak Intermediate.mesoderm 2 3 5 0.001344914 0.0102144 0.01297186 0.1316684 0.1036794 -0.3415917 0.8309095 0.439209 -0.7893655 0 -0.6139235
Primitive.Streak Pharyngeal.mesoderm 0 1 1 0.004297455 0.03043833 0.06302989 0.1411857 0.06818123 0.01770441 0.9743443 0.2243652 -0.9969012 0 0.07866436
Primitive.Streak Caudal.epiblast 1246 269 1515 0.03748164 0.2193363 0.321613 0.1708866 0.1165427 0.1313523 0.6161342 -0.7766113 0.9859964 0 0.1667667
Primitive.Streak PGC 30 6 36 0.007195489 0.04910173 0.1932868 0.1465425 0.03722701 0.1699505 0.9749045 0.1437989 -0.6459281 0 0.7633982
Primitive.Streak Mesenchyme 0 0 0 0 0 0 0.1502421 0.109837 0.3880356 0.5891652 0.7087402 -0.87714 0 0.4802346
Primitive.Streak Haematoendothelial.progenitors 1408 4 1412 0.03546852 0.2375383 0.3190952 0.1493171 0.1111534 0.3723862 0.7584178 0.5349121 -0.8207085 0 0.5713472
Primitive.Streak Blood.progenitors.1 0 0 0 0 0 0 0.123908 0.02951111 -0.5901289 0.311307 0.744873 -0.7838216 0 -0.620986
Primitive.Streak Surface.ectoderm 2331 898 3229 0.04208926 0.3256295 0.1956519 0.1292551 0.2151231 -0.8310364 0.4989354 -0.2458496 0.2836816 0 -0.9589185
Primitive.Streak Gut 0 3 3 0.004967161 0.03106655 0.1235754 0.1598877 0.04019539 -0.1649725 0.9279414 -0.3342285 0.8967138 0 -0.4426109
Primitive.Streak Paraxial.mesoderm 0 0 0 0 0 0 0.1586533 0.124713 0.0169663 0.1090042 0.9938965 -0.9998543 0 0.017068
Primitive.Streak Caudal.neurectoderm 225 88 313 0.0146174 0.08975034 0.2133466 0.1628674 0.06851482 0.177797 0.1020663 -0.9787598 0.983898 0 0.1787304
Primitive.Streak Notochord 0 0 0 0 0 0 0.1621662 0.004717914 -0.03431653 0.01693172 0.9992676 -0.9994109 0 -0.03432145
Primitive.Streak Somitic.mesoderm 0 0 0 0 0 0 0.1621662 0.09019494 -0.03431653 0.01693172 0.9992676 -0.9994109 0 -0.03432145
Primitive.Streak Caudal.Mesoderm 1 16 17 0.001555919 0.01040534 0.02261191 0.1495308 0.06880972 0.4016821 0.9098263 -0.104248 0.2512065 0 0.9679335
Primitive.Streak Erythroid1 0 0 0 0 0 0 0.1548776 0.03344398 0.05196001 0.2492626 0.967041 -0.9985596 0 0.05365353
Primitive.Streak Def.endoderm 942 33 975 0.03611288 0.2698359 0.2670154 0.1338327 0.1352465 -0.8027294 0.1242692 -0.583252 0.5878083 0 -0.8090003
Primitive.Streak Parietal.endoderm 32 12 44 0.001083797 0.007460955 0.265973 0.1452625 0.004074839 0.8093088 0.3078557 0.5002441 -0.5257797 0 0.8506208
Primitive.Streak Allantois 0 0 0 0 0 0 0.1527652 0.06286111 0.5238841 0.6577106 0.5412598 -0.7185462 0 0.6954792
Primitive.Streak Anterior.Primitive.Streak 1464 413 1877 0.03130274 0.2022143 0.67476 0.1547998 0.04639092 0.3585721 0.09682696 0.9284668 -0.93285 0 0.3602649
Primitive.Streak Endothelium 0 0 0 0 0 0 0.1281953 0.01654911 -0.8348989 0.05034843 0.5480957 -0.5487917 0 -0.8359591
Primitive.Streak Forebrain/Midbrain/Hindbrain 49 5 54 0.01056276 0.06860278 0.08996508 0.1539698 0.1174095 -0.5259146 0.5663887 -0.6345215 0.7699212 0 -0.6381388
Primitive.Streak Spinal.cord 0 0 0 0 0 0 0.1523983 0.05662652 -0.3573058 0.0458512 0.9328613 -0.9338435 0 -0.357682
Primitive.Streak Cardiomyocytes 0 0 0 0 0 0 0.1621662 0.02436689 -0.03431653 0.01693172 0.9992676 -0.9994109 0 -0.03432145
Primitive.Streak Erythroid2 0 0 0 0 0 0 0.1569918 0.0197249 -0.2801453 0.02150143 0.9597168 -0.9599388 0 -0.28021
Primitive.Streak NMP 0 0 0 0 0 0 0.1621662 0.04528293 -0.03431653 0.01693172 0.9992676 -0.9994109 0 -0.03432145
Primitive.Streak Erythroid3 0 0 0 0 0 0 0.149356 0.03001489 -0.3726342 0.09969591 0.9226074 -0.9272269 0 -0.3745
Primitive.Streak Neural.crest 0 0 0 0 0 0 0.1621662 0.01598783 -0.03431653 0.01693172 0.9992676 -0.9994109 0 -0.03432145
ExE.ectoderm Visceral.endoderm 0 0 0 0 0 0 0.09945028 0.02937512 -0.03431653 0.01693172 0.9992676 -0.9994109 0 -0.03432145
ExE.ectoderm ExE.endoderm 0 0 0 0 0 0 0.09945028 0.09550423 -0.03431653 0.01693172 0.9992676 -0.9994109 0 -0.03432145
ExE.ectoderm Nascent.mesoderm 0 0 0 0 0 0 0.09945028 0.1083671 -0.03431653 0.01693172 0.9992676 -0.9994109 0 -0.03432145
ExE.ectoderm Rostral.neurectoderm 0 0 0 0 0 0 0.09945028 0.2164911 -0.03431653 0.01693172 0.9992676 -0.9994109 0 -0.03432145
ExE.ectoderm Blood.progenitors.2 0 0 0 0 0 0 0.09945028 0.03440266 -0.03431653 0.01693172 0.9992676 -0.9994109 0 -0.03432145
ExE.ectoderm Mixed.mesoderm 0 0 0 0 0 0 0.09945028 0.07244898 -0.03431653 0.01693172 0.9992676 -0.9994109 0 -0.03432145
ExE.ectoderm ExE.mesoderm 0 0 0 0 0 0 0.09945028 0.06719238 -0.03431653 0.01693172 0.9992676 -0.9994109 0 -0.03432145
ExE.ectoderm Intermediate.mesoderm 4 0 4 0.0003406986 0.005081336 0.003212563 0.06704902 0.106052 -0.2887 0.9009399 -0.3239746 0.746582 0 -0.6652935
ExE.ectoderm Pharyngeal.mesoderm 0 0 0 0 0 0 0.09708956 0.1256199 -0.1153257 0.02846082 0.9929199 -0.9933223 0 -0.1153724
ExE.ectoderm Caudal.epiblast 0 0 0 0 0 0 0.09945028 0.1026476 -0.03431653 0.01693172 0.9992676 -0.9994109 0 -0.03432145
ExE.ectoderm PGC 0 0 0 0 0 0 0.09945028 0.01621416 -0.03431653 0.01693172 0.9992676 -0.9994109 0 -0.03432145
ExE.ectoderm Mesenchyme 0 0 0 0 0 0 0.09708956 0.1194175 -0.1153257 0.02846082 0.9929199 -0.9933223 0 -0.1153724
ExE.ectoderm Haematoendothelial.progenitors 0 0 0 0 0 0 0.09945028 0.1517019 -0.03431653 0.01693172 0.9992676 -0.9994109 0 -0.03432145
ExE.ectoderm Blood.progenitors.1 0 0 0 0 0 0 0.09945028 0.03632127 -0.03431653 0.01693172 0.9992676 -0.9994109 0 -0.03432145
ExE.ectoderm Surface.ectoderm 0 0 0 0 0 0 0.09945028 0.1388281 -0.03431653 0.01693172 0.9992676 -0.9994109 0 -0.03432145
ExE.ectoderm Gut 0 0 0 0 0 0 0.09945028 0.09658864 -0.03431653 0.01693172 0.9992676 -0.9994109 0 -0.03432145
ExE.ectoderm Paraxial.mesoderm 10 0 10 0.0009397973 0.01027577 0.007773771 0.09145758 0.1208934 -0.3069578 0.06555232 0.9494629 -0.9515095 0 -0.3076195
ExE.ectoderm Caudal.neurectoderm 2 0 2 0.0001868851 0.002213061 0.002017825 0.08444644 0.09261708 -0.2977564 0.445186 0.8444824 -0.9430941 0 -0.332526
ExE.ectoderm Notochord 0 0 0 0 0 0 0.09945028 0.004717914 -0.03431653 0.01693172 0.9992676 -0.9994109 0 -0.03432145
ExE.ectoderm Somitic.mesoderm 18 0 18 0.001345904 0.01466129 0.01570801 0.09179988 0.08568268 -0.3573058 0.0458512 0.9328613 -0.9338435 0 -0.357682
ExE.ectoderm Caudal.Mesoderm 0 0 0 0 0 0 0.09945028 0.03694697 -0.03431653 0.01693172 0.9992676 -0.9994109 0 -0.03432145
ExE.ectoderm Erythroid1 0 0 0 0 0 0 0.09945028 0.0370258 -0.03431653 0.01693172 0.9992676 -0.9994109 0 -0.03432145
ExE.ectoderm Def.endoderm 0 0 0 0 0 0 0.09945028 0.1573092 -0.03431653 0.01693172 0.9992676 -0.9994109 0 -0.03432145
ExE.ectoderm Parietal.endoderm 0 0 0 0 0 0 0.09945028 0.02016908 -0.03431653 0.01693172 0.9992676 -0.9994109 0 -0.03432145
ExE.ectoderm Allantois 0 0 0 0 0 0 0.09945028 0.06759906 -0.03431653 0.01693172 0.9992676 -0.9994109 0 -0.03432145
ExE.ectoderm Anterior.Primitive.Streak 0 0 0 0 0 0 0.09945028 0.05351395 -0.03431653 0.01693172 0.9992676 -0.9994109 0 -0.03432145
ExE.ectoderm Endothelium 0 0 0 0 0 0 0.09945028 0.0230972 -0.03431653 0.01693172 0.9992676 -0.9994109 0 -0.03432145
ExE.ectoderm Forebrain/Midbrain/Hindbrain 0 0 0 0 0 0 0.09945028 0.1183032 -0.03431653 0.01693172 0.9992676 -0.9994109 0 -0.03432145
ExE.ectoderm Spinal.cord 0 0 0 0 0 0 0.103241 0.05705434 0.05644158 0.06422738 0.9963379 -0.9983993 0 0.05655836
ExE.ectoderm Cardiomyocytes 664 24 688 0.005093552 0.05975288 0.2240839 0.08524362 0.02273056 -0.4045722 0.265083 0.8752441 -0.9077172 0 -0.4195826
ExE.ectoderm Erythroid2 0 0 0 0 0 0 0.09945028 0.02114138 -0.03431653 0.01693172 0.9992676 -0.9994109 0 -0.03432145
ExE.ectoderm NMP 0 0 0 0 0 0 0.09945028 0.04528293 -0.03431653 0.01693172 0.9992676 -0.9994109 0 -0.03432145
ExE.ectoderm Erythroid3 0 0 0 0 0 0 0.09945028 0.03596202 -0.03431653 0.01693172 0.9992676 -0.9994109 0 -0.03432145
ExE.ectoderm Neural.crest 0 0 0 0 0 0 0.09945028 0.01598783 -0.03431653 0.01693172 0.9992676 -0.9994109 0 -0.03432145
Visceral.endoderm ExE.endoderm 59 60 119 0.001999132 0.1097476 0.02298257 0.01821573 0.08698469 -0.7248717 0.01499496 0.6887207 -0.6887981 0 -0.7249532
Visceral.endoderm Nascent.mesoderm 0 0 0 0 0 0 0.02937512 0.1083671 -0.03431653 0.01693172 0.9992676 -0.9994109 0 -0.03432145
Visceral.endoderm Rostral.neurectoderm 0 0 0 0 0 0 0.03026359 0.2148986 0.04742682 0.01380628 0.9987793 -0.9988745 0 0.04743133
Visceral.endoderm Blood.progenitors.2 0 0 0 0 0 0 0.02937512 0.03440266 -0.03431653 0.01693172 0.9992676 -0.9994109 0 -0.03432145
Visceral.endoderm Mixed.mesoderm 0 0 0 0 0 0 0.02937512 0.07244898 -0.03431653 0.01693172 0.9992676 -0.9994109 0 -0.03432145
Visceral.endoderm ExE.mesoderm 0 0 0 0 0 0 0.02937512 0.06719238 -0.03431653 0.01693172 0.9992676 -0.9994109 0 -0.03432145
Visceral.endoderm Intermediate.mesoderm 0 0 0 0 0 0 0.02937512 0.09192202 -0.03431653 0.01693172 0.9992676 -0.9994109 0 -0.03432145
Visceral.endoderm Pharyngeal.mesoderm 0 0 0 0 0 0 0.02937512 0.1298583 -0.03431653 0.01693172 0.9992676 -0.9994109 0 -0.03432145
Visceral.endoderm Caudal.epiblast 0 0 0 0 0 0 0.01821573 0.1016054 -0.7248717 0.01499496 0.6887207 -0.6887981 0 -0.7249532
Visceral.endoderm PGC 0 0 0 0 0 0 0.02937512 0.01621416 -0.03431653 0.01693172 0.9992676 -0.9994109 0 -0.03432145
Visceral.endoderm Mesenchyme 0 0 0 0 0 0 0.02937512 0.1186912 -0.03431653 0.01693172 0.9992676 -0.9994109 0 -0.03432145
Visceral.endoderm Haematoendothelial.progenitors 0 0 0 0 0 0 0.02937512 0.1517019 -0.03431653 0.01693172 0.9992676 -0.9994109 0 -0.03432145
Visceral.endoderm Blood.progenitors.1 0 0 0 0 0 0 0.02937512 0.03632127 -0.03431653 0.01693172 0.9992676 -0.9994109 0 -0.03432145
Visceral.endoderm Surface.ectoderm 0 0 0 0 0 0 0.02637771 0.2380052 0.9499839 0.005177998 0.3122559 -0.3122601 0 0.9499967
Visceral.endoderm Gut 48 274 322 0.005805316 0.2743966 0.07190449 0.02115666 0.0807365 0.275734 0.9393683 0.2038574 -0.594493 0 0.8041008
Visceral.endoderm Paraxial.mesoderm 0 0 0 0 0 0 0.02937512 0.1273299 -0.03431653 0.01693172 0.9992676 -0.9994109 0 -0.03432145
Visceral.endoderm Caudal.neurectoderm 0 0 0 0 0 0 0.02937512 0.08237959 -0.03431653 0.01693172 0.9992676 -0.9994109 0 -0.03432145
Visceral.endoderm Notochord 0 0 0 0 0 0 0.02712317 0.006479657 -0.2932903 0.3933842 0.8713379 -0.9477511 0 -0.3190108
Visceral.endoderm Somitic.mesoderm 0 0 0 0 0 0 0.02937512 0.09019494 -0.03431653 0.01693172 0.9992676 -0.9994109 0 -0.03432145
Visceral.endoderm Caudal.Mesoderm 0 0 0 0 0 0 0.02753814 0.03653817 -0.163272 0.004171492 0.9865723 -0.9865808 0 -0.1632735
Visceral.endoderm Erythroid1 0 0 0 0 0 0 0.02937512 0.0370258 -0.03431653 0.01693172 0.9992676 -0.9994109 0 -0.03432145
Visceral.endoderm Def.endoderm 685 2 687 0.008267538 0.4602894 0.09326268 0.01796161 0.08864786 0.9764408 0.03371843 -0.2131347 0.213256 0 0.9769964
Visceral.endoderm Parietal.endoderm 0 0 0 0 0 0 0.02937512 0.02016908 -0.03431653 0.01693172 0.9992676 -0.9994109 0 -0.03432145
Visceral.endoderm Allantois 0 0 0 0 0 0 0.02937512 0.06759906 -0.03431653 0.01693172 0.9992676 -0.9994109 0 -0.03432145
Visceral.endoderm Anterior.Primitive.Streak 0 0 0 0 0 0 0.03102498 0.05117654 0.1077844 0.05883846 0.9924316 -0.994154 0 0.1079714
Visceral.endoderm Endothelium 0 0 0 0 0 0 0.02937512 0.0230972 -0.03431653 0.01693172 0.9992676 -0.9994109 0 -0.03432145
Visceral.endoderm Forebrain/Midbrain/Hindbrain 0 0 0 0 0 0 0.02937512 0.1183032 -0.03431653 0.01693172 0.9992676 -0.9994109 0 -0.03432145
Visceral.endoderm Spinal.cord 0 0 0 0 0 0 0.02937512 0.05654643 -0.03431653 0.01693172 0.9992676 -0.9994109 0 -0.03432145
Visceral.endoderm Cardiomyocytes 0 0 0 0 0 0 0.02937512 0.02436689 -0.03431653 0.01693172 0.9992676 -0.9994109 0 -0.03432145
Visceral.endoderm Erythroid2 0 0 0 0 0 0 0.02937512 0.02114138 -0.03431653 0.01693172 0.9992676 -0.9994109 0 -0.03432145
Visceral.endoderm NMP 0 0 0 0 0 0 0.02937512 0.04528293 -0.03431653 0.01693172 0.9992676 -0.9994109 0 -0.03432145
Visceral.endoderm Erythroid3 0 0 0 0 0 0 0.02937512 0.03596202 -0.03431653 0.01693172 0.9992676 -0.9994109 0 -0.03432145
Visceral.endoderm Neural.crest 0 0 0 0 0 0 0.02937512 0.01598783 -0.03431653 0.01693172 0.9992676 -0.9994109 0 -0.03432145
ExE.endoderm Nascent.mesoderm 0 0 0 0 0 0 0.09254041 0.1075586 -0.6289607 0.05290691 0.7756348 -0.7767226 0 -0.6298428
ExE.endoderm Rostral.neurectoderm 0 0 0 0 0 0 0.08691598 0.1915704 0.4518901 0.03573929 0.8913574 -0.8919272 0 0.452179
ExE.endoderm Blood.progenitors.2 0 0 0 0 0 0 0.09550423 0.03440266 -0.03431653 0.01693172 0.9992676 -0.9994109 0 -0.03432145
ExE.endoderm Mixed.mesoderm 0 0 0 0 0 0 0.09254041 0.0824449 -0.6289607 0.05290691 0.7756348 -0.7767226 0 -0.6298428
ExE.endoderm ExE.mesoderm 0 0 0 0 0 0 0.0847621 0.04880289 -0.9608328 0.00402823 0.2770996 -0.2771018 0 -0.9608406
ExE.endoderm Intermediate.mesoderm 0 0 0 0 0 0 0.08938188 0.1468692 -0.6510513 0.0009098255 0.7590332 -0.7590335 0 -0.6510516
ExE.endoderm Pharyngeal.mesoderm 0 0 0 0 0 0 0.08421097 0.1396014 0.6076496 0.005010491 0.7941895 -0.7941994 0 0.6076573
ExE.endoderm Caudal.epiblast 0 0 0 0 0 0 0.09494677 0.09982579 -0.5698377 0.06613297 0.8190918 -0.8208889 0 -0.571088
ExE.endoderm PGC 0 0 0 0 0 0 0.08938188 0.03242651 -0.6510513 0.0009098255 0.7590332 -0.7590335 0 -0.6510516
ExE.endoderm Mesenchyme 0 0 0 0 0 0 0.08289569 0.1094637 0.7698446 0.04021977 0.6369629 -0.6374787 0 0.770468
ExE.endoderm Haematoendothelial.progenitors 0 0 0 0 0 0 0.08801349 0.137716 0.3547372 0.01683701 0.9348145 -0.934947 0 0.3547874
ExE.endoderm Blood.progenitors.1 0 0 0 0 0 0 0.09550423 0.03632127 -0.03431653 0.01693172 0.9992676 -0.9994109 0 -0.03432145
ExE.endoderm Surface.ectoderm 0 0 0 0 0 0 0.08288243 0.1958866 0.732671 0.01490012 0.6804199 -0.6804954 0 0.7327523
ExE.endoderm Gut 414 67 481 0.002025613 0.0316028 0.05818477 0.06409602 0.03481346 -0.03921622 0.9379733 -0.3444824 0.9935824 0 -0.1131104
ExE.endoderm Paraxial.mesoderm 0 0 0 0 0 0 0.09494677 0.1206725 -0.5698377 0.06613297 0.8190918 -0.8208889 0 -0.571088
ExE.endoderm Caudal.neurectoderm 0 0 0 0 0 0 0.09633849 0.0677788 -0.4001794 0.01801315 0.9162598 -0.9164084 0 -0.4002444
ExE.endoderm Notochord 0 0 0 0 0 0 0.09550423 0.004717914 -0.03431653 0.01693172 0.9992676 -0.9994109 0 -0.03432145
ExE.endoderm Somitic.mesoderm 0 0 0 0 0 0 0.09633849 0.0858022 -0.4001794 0.01801315 0.9162598 -0.9164084 0 -0.4002444
ExE.endoderm Caudal.Mesoderm 0 0 0 0 0 0 0.0920807 0.04236389 -0.5963449 0.01955031 0.8024902 -0.8026436 0 -0.5964589
ExE.endoderm Erythroid1 0 0 0 0 0 0 0.09550423 0.0370258 -0.03431653 0.01693172 0.9992676 -0.9994109 0 -0.03432145
ExE.endoderm Def.endoderm 0 0 0 0 0 0 0.105444 0.08778267 -0.5310066 0.6611362 0.5300292 -0.7064551 0 -0.7077578
ExE.endoderm Parietal.endoderm 0 0 0 0 0 0 0.08585054 0.007546927 0.569857 0.03388599 0.8210449 -0.8215167 0 0.5701845
ExE.endoderm Allantois 0 0 0 0 0 0 0.08152476 0.05077258 0.7923183 0.0008303243 0.6101074 -0.6101077 0 0.7923186
ExE.endoderm Anterior.Primitive.Streak 0 0 0 0 0 0 0.09077445 0.04725894 0.3215272 0.05887337 0.9450684 -0.9467105 0 0.3220858
ExE.endoderm Endothelium 0 0 0 0 0 0 0.0942564 0.02311208 0.04742682 0.01380628 0.9987793 -0.9988745 0 0.04743133
ExE.endoderm Forebrain/Midbrain/Hindbrain 0 0 0 0 0 0 0.08851778 0.1197172 0.3927413 0.05137501 0.9182129 -0.919427 0 0.3932606
ExE.endoderm Spinal.cord 0 0 0 0 0 0 0.09606213 0.05732173 -0.163272 0.004171492 0.9865723 -0.9865808 0 -0.1632735
ExE.endoderm Cardiomyocytes 0 0 0 0 0 0 0.09550423 0.02436689 -0.03431653 0.01693172 0.9992676 -0.9994109 0 -0.03432145
ExE.endoderm Erythroid2 0 0 0 0 0 0 0.09550423 0.02114138 -0.03431653 0.01693172 0.9992676 -0.9994109 0 -0.03432145
ExE.endoderm NMP 0 0 0 0 0 0 0.09633849 0.0649811 -0.4001794 0.01801315 0.9162598 -0.9164084 0 -0.4002444
ExE.endoderm Erythroid3 0 0 0 0 0 0 0.09550423 0.03596202 -0.03431653 0.01693172 0.9992676 -0.9994109 0 -0.03432145
ExE.endoderm Neural.crest 0 0 0 0 0 0 0.09550423 0.01598783 -0.03431653 0.01693172 0.9992676 -0.9994109 0 -0.03432145
Nascent.mesoderm Rostral.neurectoderm 430 1160 1590 0.05149079 0.4842215 0.2322732 0.1063373 0.221682 -0.6510513 0.0009098255 0.7590332 -0.7590335 0 -0.6510516
Nascent.mesoderm Blood.progenitors.2 0 0 0 0 0 0 0.1083671 0.03440266 -0.03431653 0.01693172 0.9992676 -0.9994109 0 -0.03432145
Nascent.mesoderm Mixed.mesoderm 2311 1418 3729 0.04264155 0.3719531 0.5841574 0.1146423 0.07299668 0.3459612 0.6334468 0.6921387 -0.894483 0 0.4471018
Nascent.mesoderm ExE.mesoderm 41 38 79 0.007523956 0.06188313 0.159082 0.1215833 0.04729609 -0.9859611 0.1450203 0.08276362 -0.08364788 0 -0.9964954
Nascent.mesoderm Intermediate.mesoderm 4033 1469 5502 0.05701678 0.6729751 0.4282236 0.08472347 0.1331472 0.3059424 0.922688 -0.2346191 0.6085349 0 0.7935271
Nascent.mesoderm Pharyngeal.mesoderm 549 2 551 0.03113152 0.2600281 0.3218382 0.1197236 0.09673034 -0.5684972 0.6633689 0.4865723 -0.6502435 0 -0.7597259
Nascent.mesoderm Caudal.epiblast 2147 332 2479 0.04822865 0.4475573 0.4992664 0.1077597 0.09659903 -0.03600485 0.484988 0.8737793 -0.9991521 0 -0.04117094
Nascent.mesoderm PGC 93 108 201 0.02118213 0.1744312 0.621173 0.1214354 0.0341002 -0.8303567 0.5501398 -0.08862302 0.1061261 0 -0.9943527
Nascent.mesoderm Mesenchyme 21 0 21 0.003848234 0.03135769 0.02480981 0.1227206 0.1551093 -0.7003639 0.5280859 0.4802246 -0.5655084 0 -0.8247426
Nascent.mesoderm Haematoendothelial.progenitors 960 19 979 0.04017393 0.3922548 0.3285346 0.1024179 0.1222822 0.02583054 0.9988544 0.04028323 -0.8418035 0 0.5397841
Nascent.mesoderm Blood.progenitors.1 0 0 0 0 0 0 0.1083671 0.03632127 -0.03431653 0.01693172 0.9992676 -0.9994109 0 -0.03432145
Nascent.mesoderm Surface.ectoderm 3056 29 3085 0.0466575 0.3813653 0.1679297 0.1223433 0.2778395 0.9661046 0.2355135 -0.1057129 0.1087726 0 0.9940667
Nascent.mesoderm Gut 0 1 1 0.001626368 0.01380558 0.016811 0.1178051 0.09674428 -0.6016312 0.4004183 0.6911621 -0.75427 0 -0.6565644
Nascent.mesoderm Paraxial.mesoderm 110 26 136 0.01169069 0.0950521 0.1598989 0.1229924 0.07311299 -0.8359823 0.523119 0.1657714 -0.1945082 0 -0.9809009
Nascent.mesoderm Caudal.neurectoderm 3267 5 3272 0.02651736 0.3024622 0.3547563 0.08767162 0.07474809 0.6543871 0.620007 -0.4328613 0.5516994 0 0.834043
Nascent.mesoderm Notochord 0 0 0 0 0 0 0.1083671 0.004717914 -0.03431653 0.01693172 0.9992676 -0.9994109 0 -0.03432145
Nascent.mesoderm Somitic.mesoderm 660 148 808 0.02119825 0.2131441 0.4194812 0.09945502 0.05053444 0.04510467 0.9985309 -0.03002935 0.5541835 0 0.8323945
Nascent.mesoderm Caudal.Mesoderm 27 45 72 0.01232065 0.1403365 0.2109937 0.08779366 0.05839347 0.675048 0.5770361 -0.4597168 0.5628827 0 0.8265368
Nascent.mesoderm Erythroid1 0 0 0 0 0 0 0.1083671 0.0370258 -0.03431653 0.01693172 0.9992676 -0.9994109 0 -0.03432145
Nascent.mesoderm Def.endoderm 2019 18 2037 0.04154011 0.355019 0.4504646 0.1170081 0.09221615 -0.9546596 0.1319783 0.2668457 -0.2692005 0 -0.9630842
Nascent.mesoderm Parietal.endoderm 32 1 33 0.007760215 0.05892386 0.6611282 0.131699 0.01173784 0.4227867 0.09136975 0.9016113 -0.9053986 0 0.4245626
Nascent.mesoderm Allantois 0 0 0 0 0 0 0.1022265 0.06314895 -0.5321614 0.03431349 0.8459473 -0.8464457 0 -0.532475
Nascent.mesoderm Anterior.Primitive.Streak 526 338 864 0.02467285 0.2469802 0.6686279 0.09989806 0.03690071 -0.2962347 0.7103907 -0.6384277 0.9071056 0 -0.420903
Nascent.mesoderm Endothelium 0 0 0 0 0 0 0.1083671 0.0230972 -0.03431653 0.01693172 0.9992676 -0.9994109 0 -0.03432145
Nascent.mesoderm Forebrain/Midbrain/Hindbrain 2000 8 2008 0.02227926 0.1870865 0.2154988 0.1190853 0.1033846 -0.4117157 0.4792058 -0.7751464 0.8831539 0 -0.4690834
Nascent.mesoderm Spinal.cord 0 0 0 0 0 0 0.1134127 0.06128151 -0.9203315 0.01453558 0.3908691 -0.3909104 0 -0.9204288
Nascent.mesoderm Cardiomyocytes 0 0 0 0 0 0 0.1083671 0.02436689 -0.03431653 0.01693172 0.9992676 -0.9994109 0 -0.03432145
Nascent.mesoderm Erythroid2 0 0 0 0 0 0 0.1083671 0.02114138 -0.03431653 0.01693172 0.9992676 -0.9994109 0 -0.03432145
Nascent.mesoderm NMP 108 3 111 0.005370235 0.05521788 0.09357125 0.09725536 0.05739194 -0.3069578 0.06555232 0.9494629 -0.9515095 0 -0.3076195
Nascent.mesoderm Erythroid3 0 0 0 0 0 0 0.1083671 0.03596202 -0.03431653 0.01693172 0.9992676 -0.9994109 0 -0.03432145
Nascent.mesoderm Neural.crest 0 0 0 0 0 0 0.102249 0.01464685 -0.163272 0.004171492 0.9865723 -0.9865808 0 -0.1632735
Rostral.neurectoderm Blood.progenitors.2 0 0 0 0 0 0 0.2164911 0.03440266 -0.03431653 0.01693172 0.9992676 -0.9994109 0 -0.03432145
Rostral.neurectoderm Mixed.mesoderm 0 9 9 0.005334883 0.03124764 0.09037066 0.1707291 0.05903335 -0.1900422 0.9811893 0.03393554 -0.1757879 0 -0.9844281
Rostral.neurectoderm ExE.mesoderm 0 0 0 0 0 0 0.1891866 0.06060946 0.5024322 0.0140817 0.864502 -0.8645877 0 0.502482
Rostral.neurectoderm Intermediate.mesoderm 0 1 1 0.006078647 0.03339124 0.05371356 0.1820431 0.1131678 -0.1290565 0.9757124 -0.1770019 0.8080236 0 -0.5891502
Rostral.neurectoderm Pharyngeal.mesoderm 55 0 55 0.004231853 0.02697775 0.03112767 0.1568646 0.1359515 0.7153391 0.2366903 0.6574707 -0.676699 0 0.7362598
Rostral.neurectoderm Caudal.epiblast 112 592 704 0.05303694 0.3490663 0.4223142 0.1519394 0.1255865 0.6696596 0.4269637 0.607666 -0.6719971 0 0.7405537
Rostral.neurectoderm PGC 0 1 1 0.00552537 0.02958797 0.2449795 0.1867438 0.02255442 0.4782434 0.0780088 0.8747559 -0.8774297 0 0.4797053
Rostral.neurectoderm Mesenchyme 0 0 0 0 0 0 0.1823809 0.1076626 0.569857 0.03388599 0.8210449 -0.8215167 0 0.5701845
Rostral.neurectoderm Haematoendothelial.progenitors 2484 18 2502 0.05125196 0.2972111 0.4770507 0.172443 0.107435 0.1781963 0.98317 -0.04028319 0.2204969 0 0.9753876
Rostral.neurectoderm Blood.progenitors.1 0 0 0 0 0 0 0.2025278 0.02913863 -0.4898732 0.3348274 0.8049316 -0.8542387 0 -0.519881
Rostral.neurectoderm Surface.ectoderm 3007 1337 4344 0.07786915 0.3689293 0.469832 0.211068 0.1657383 -0.5729823 0.6328575 -0.520752 0.6725731 0 -0.7400307
Rostral.neurectoderm Gut 13 3 16 0.004718894 0.02361909 0.12109 0.1997916 0.03897015 -0.09501108 0.8971455 -0.4313964 0.9765951 0 -0.2150861
Rostral.neurectoderm Paraxial.mesoderm 0 0 0 0 0 0 0.1687607 0.1150086 0.5642032 0.2114663 0.7980957 -0.816562 0 0.5772578
Rostral.neurectoderm Caudal.neurectoderm 577 927 1504 0.05643105 0.2453768 0.9163842 0.2299771 0.06158012 0.3083924 0.2217628 -0.9250488 0.9486701 0 0.3162673
Rostral.neurectoderm Notochord 0 0 0 0 0 0 0.2164911 0.004717914 -0.03431653 0.01693172 0.9992676 -0.9994109 0 -0.03432145
Rostral.neurectoderm Somitic.mesoderm 0 0 0 0 0 0 0.2043397 0.115568 0.2728818 0.02695352 0.9616699 -0.9620194 0 0.272981
Rostral.neurectoderm Caudal.Mesoderm 0 0 0 0 0 0 0.1828735 0.04799789 0.6076496 0.005010491 0.7941895 -0.7941994 0 0.6076573
Rostral.neurectoderm Erythroid1 0 0 0 0 0 0 0.2141893 0.03630098 -0.06643912 0.06958211 0.9953613 -0.9977797 0 -0.06660055
Rostral.neurectoderm Def.endoderm 36 46 82 0.03219342 0.1910724 0.387819 0.1684881 0.08301146 0.8923963 0.4454681 0.0720215 -0.08044418 0 0.9967591
Rostral.neurectoderm Parietal.endoderm 0 0 0 0.009708872 0.04597383 0.5859205 0.2111826 0.01657029 0.1493689 0.02250491 0.9885254 -0.9887758 0 0.1494068
Rostral.neurectoderm Allantois 0 0 0 0 0 0 0.178685 0.05435564 0.6600751 0.02648859 0.7507324 -0.750996 0 0.6603068
Rostral.neurectoderm Anterior.Primitive.Streak 21 56 77 0.02679736 0.1510168 0.6224055 0.1774462 0.04305451 0.9625259 0.0359316 0.2687988 -0.2689725 0 0.9631479
Rostral.neurectoderm Endothelium 0 0 0 0 0 0 0.2161962 0.01912688 -0.7050791 0.0733761 0.7053223 -0.7072287 0 -0.7069848
Rostral.neurectoderm Forebrain/Midbrain/Hindbrain 3232 2435 5667 0.07350046 0.4130214 0.5818907 0.177958 0.1263132 -0.1999303 0.9765523 -0.07983398 0.3708374 0 -0.9286978
Rostral.neurectoderm Spinal.cord 65 316 381 0.01427953 0.08696873 0.3537174 0.1641915 0.04036988 -0.2243704 0.9587422 0.1745606 -0.6140507 0 -0.7892665
Rostral.neurectoderm Cardiomyocytes 0 0 0 0 0 0 0.2164911 0.02436689 -0.03431653 0.01693172 0.9992676 -0.9994109 0 -0.03432145
Rostral.neurectoderm Erythroid2 0 0 0 0 0 0 0.2080309 0.02020619 -0.1625286 0.1886289 0.9685059 -0.9862099 0 -0.1654996
Rostral.neurectoderm NMP 1 0 1 0.004703768 0.02820713 0.07398885 0.1667581 0.06357401 -0.02523442 0.9974245 0.06713863 -0.9360656 0 -0.3518253
Rostral.neurectoderm Erythroid3 0 0 0 0 0 0 0.2212056 0.03064372 -0.3573058 0.0458512 0.9328613 -0.9338435 0 -0.357682
Rostral.neurectoderm Neural.crest 0 0 0 0 0 0 0.2212056 0.01353259 -0.3573058 0.0458512 0.9328613 -0.9338435 0 -0.357682
Blood.progenitors.2 Mixed.mesoderm 0 0 0 0 0 0 0.03440266 0.07244898 -0.03431653 0.01693172 0.9992676 -0.9994109 0 -0.03432145
Blood.progenitors.2 ExE.mesoderm 0 0 0 0 0 0 0.03440266 0.06719238 -0.03431653 0.01693172 0.9992676 -0.9994109 0 -0.03432145
Blood.progenitors.2 Intermediate.mesoderm 0 0 0 0 0 0 0.03440266 0.09192202 -0.03431653 0.01693172 0.9992676 -0.9994109 0 -0.03432145
Blood.progenitors.2 Pharyngeal.mesoderm 0 0 0 0 0 0 0.03440266 0.1298583 -0.03431653 0.01693172 0.9992676 -0.9994109 0 -0.03432145
Blood.progenitors.2 Caudal.epiblast 0 0 0 0 0 0 0.03440266 0.1026476 -0.03431653 0.01693172 0.9992676 -0.9994109 0 -0.03432145
Blood.progenitors.2 PGC 0 0 0 0 0 0 0.03440266 0.01621416 -0.03431653 0.01693172 0.9992676 -0.9994109 0 -0.03432145
Blood.progenitors.2 Mesenchyme 0 0 0 0 0 0 0.03440266 0.1186912 -0.03431653 0.01693172 0.9992676 -0.9994109 0 -0.03432145
Blood.progenitors.2 Haematoendothelial.progenitors 27 1 28 0.001839356 0.05340003 0.01221675 0.03444485 0.1505602 0.1398998 0.3400812 0.9299316 -0.9888723 0 0.1487669
Blood.progenitors.2 Blood.progenitors.1 172 106 278 0.00388118 0.158339 0.1327398 0.02451185 0.029239 0.9055195 0.2935227 -0.3063965 0.3205144 0 0.9472436
Blood.progenitors.2 Surface.ectoderm 0 0 0 0 0 0 0.03440266 0.1388281 -0.03431653 0.01693172 0.9992676 -0.9994109 0 -0.03432145
Blood.progenitors.2 Gut 0 0 0 0 0 0 0.03440266 0.09658864 -0.03431653 0.01693172 0.9992676 -0.9994109 0 -0.03432145
Blood.progenitors.2 Paraxial.mesoderm 0 0 0 0 0 0 0.03440266 0.1273299 -0.03431653 0.01693172 0.9992676 -0.9994109 0 -0.03432145
Blood.progenitors.2 Caudal.neurectoderm 0 0 0 0 0 0 0.03440266 0.08237959 -0.03431653 0.01693172 0.9992676 -0.9994109 0 -0.03432145
Blood.progenitors.2 Notochord 0 0 0 0 0 0 0.03440266 0.004717914 -0.03431653 0.01693172 0.9992676 -0.9994109 0 -0.03432145
Blood.progenitors.2 Somitic.mesoderm 0 0 0 0 0 0 0.03440266 0.09019494 -0.03431653 0.01693172 0.9992676 -0.9994109 0 -0.03432145
Blood.progenitors.2 Caudal.Mesoderm 0 0 0 0 0 0 0.03440266 0.03694697 -0.03431653 0.01693172 0.9992676 -0.9994109 0 -0.03432145
Blood.progenitors.2 Erythroid1 383 282 665 0.008660776 0.255593 0.2003953 0.03388503 0.04321845 -0.4392914 0.6255301 -0.6447753 0.826423 0 -0.5630497
Blood.progenitors.2 Def.endoderm 0 0 0 0 0 0 0.03440266 0.1573092 -0.03431653 0.01693172 0.9992676 -0.9994109 0 -0.03432145
Blood.progenitors.2 Parietal.endoderm 0 0 0 0 0 0 0.03440266 0.02016908 -0.03431653 0.01693172 0.9992676 -0.9994109 0 -0.03432145
Blood.progenitors.2 Allantois 0 0 0 0 0 0 0.03440266 0.06759906 -0.03431653 0.01693172 0.9992676 -0.9994109 0 -0.03432145
Blood.progenitors.2 Anterior.Primitive.Streak 0 0 0 0 0 0 0.03440266 0.05351395 -0.03431653 0.01693172 0.9992676 -0.9994109 0 -0.03432145
Blood.progenitors.2 Endothelium 0 0 0 0 0 0 0.03440266 0.0230972 -0.03431653 0.01693172 0.9992676 -0.9994109 0 -0.03432145
Blood.progenitors.2 Forebrain/Midbrain/Hindbrain 0 0 0 0 0 0 0.03440266 0.1183032 -0.03431653 0.01693172 0.9992676 -0.9994109 0 -0.03432145
Blood.progenitors.2 Spinal.cord 0 0 0 0 0 0 0.03440266 0.05654643 -0.03431653 0.01693172 0.9992676 -0.9994109 0 -0.03432145
Blood.progenitors.2 Cardiomyocytes 0 0 0 0 0 0 0.03440266 0.02436689 -0.03431653 0.01693172 0.9992676 -0.9994109 0 -0.03432145
Blood.progenitors.2 Erythroid2 0 0 0 0 0 0 0.03440266 0.02114138 -0.03431653 0.01693172 0.9992676 -0.9994109 0 -0.03432145
Blood.progenitors.2 NMP 0 0 0 0 0 0 0.03440266 0.04528293 -0.03431653 0.01693172 0.9992676 -0.9994109 0 -0.03432145
Blood.progenitors.2 Erythroid3 0 0 0 0 0 0 0.03440266 0.03596202 -0.03431653 0.01693172 0.9992676 -0.9994109 0 -0.03432145
Blood.progenitors.2 Neural.crest 0 0 0 0 0 0 0.03440266 0.01598783 -0.03431653 0.01693172 0.9992676 -0.9994109 0 -0.03432145
Mixed.mesoderm ExE.mesoderm 243 233 476 0.01606023 0.1860027 0.2875732 0.08634411 0.05584746 0.8733611 0.4615785 -0.1555175 0.1753102 0 0.9845133
Mixed.mesoderm Intermediate.mesoderm 1121 1049 2170 0.03988885 0.5935461 0.2901519 0.0672043 0.1374757 0.3242456 0.9382219 -0.1208497 0.3492417 0 0.9370327
Mixed.mesoderm Pharyngeal.mesoderm 1514 118 1632 0.04020627 0.512961 0.4217972 0.07838076 0.09532131 -0.5844625 0.5343936 0.6105957 -0.7223969 0 -0.6914786
Mixed.mesoderm Caudal.epiblast 23 10 33 0.007998894 0.1284726 0.08647574 0.06226149 0.0924987 -0.0508519 0.8612591 0.5056152 -0.9949804 0 -0.1000695
Mixed.mesoderm PGC 34 86 120 0.005085499 0.08110652 0.2465018 0.06270148 0.02063068 -0.4841648 0.6194833 -0.6179198 0.7871491 0 -0.6167627
Mixed.mesoderm Mesenchyme 223 105 328 0.01511264 0.1822089 0.1256891 0.08294126 0.1202382 -0.9920814 0.1011424 -0.07446285 0.07484667 0 -0.9971951
Mixed.mesoderm Haematoendothelial.progenitors 831 81 912 0.0239434 0.3590623 0.2359983 0.06668312 0.1014558 0.08333393 0.8382901 -0.5388184 0.9882505 0 0.1528433
Mixed.mesoderm Blood.progenitors.1 0 0 0 0 0 0 0.07244898 0.03632127 -0.03431653 0.01693172 0.9992676 -0.9994109 0 -0.03432145
Mixed.mesoderm Surface.ectoderm 1101 74 1175 0.03188836 0.5191517 0.2169928 0.06142396 0.1469559 -0.4341329 0.7073327 -0.5578613 0.7891871 0 -0.6141528
Mixed.mesoderm Gut 1 0 1 0.006373133 0.08834074 0.07143992 0.07214263 0.08920968 -0.2468787 0.4445057 0.861084 -0.9612715 0 -0.2756031
Mixed.mesoderm Paraxial.mesoderm 1236 174 1410 0.02615209 0.3072991 0.2752762 0.08510303 0.09500307 -0.978779 0.005883305 -0.204834 0.2048375 0 -0.978796
Mixed.mesoderm Caudal.neurectoderm 344 4 348 0.01547934 0.1976632 0.2138119 0.07831165 0.07239696 0.6186911 0.6247737 -0.4763183 0.6100342 0 0.7923751
Mixed.mesoderm Notochord 0 0 0 0 0 0 0.07244898 0.004717914 -0.03431653 0.01693172 0.9992676 -0.9994109 0 -0.03432145
Mixed.mesoderm Somitic.mesoderm 136 2 138 0.0166702 0.2319898 0.1824176 0.07185746 0.09138481 0.005809169 0.1101637 -0.9938965 0.9999829 0 0.005844743
Mixed.mesoderm Caudal.Mesoderm 11 41 52 0.0048476 0.06627277 0.1287406 0.07314618 0.03765402 0.4161026 0.3102973 -0.8547363 0.8991172 0 0.437708
Mixed.mesoderm Erythroid1 0 0 0 0 0 0 0.07244898 0.0370258 -0.03431653 0.01693172 0.9992676 -0.9994109 0 -0.03432145
Mixed.mesoderm Def.endoderm 15 0 15 0.01106548 0.1464982 0.1260553 0.07553317 0.08778267 -0.5310066 0.6611362 0.5300292 -0.7064551 0 -0.7077578
Mixed.mesoderm Parietal.endoderm 0 0 0 0.002518379 0.03496538 0.1019322 0.07202491 0.0247064 -0.1010978 0.1390777 0.9851074 -0.9947752 0 -0.10209
Mixed.mesoderm Allantois 0 0 0 0 0 0 0.08631547 0.05127772 -0.9293076 0.06230199 0.3640136 -0.3647222 0 -0.9311164
Mixed.mesoderm Anterior.Primitive.Streak 0 1 1 0.001022401 0.01405613 0.05440444 0.07273704 0.01879261 0.4461276 0.8498706 0.2805176 -0.5323001 0 0.8465557
Mixed.mesoderm Endothelium 0 0 0 0 0 0 0.07244898 0.0230972 -0.03431653 0.01693172 0.9992676 -0.9994109 0 -0.03432145
Mixed.mesoderm Forebrain/Midbrain/Hindbrain 75 4 79 0.009434473 0.1504558 0.08602723 0.06270595 0.1096684 -0.1205174 0.8717738 -0.4748536 0.9692699 0 -0.2459997
Mixed.mesoderm Spinal.cord 0 0 0 0 0 0 0.08462565 0.05672656 -0.723532 0.2552686 0.6413574 -0.6633335 0 -0.7483239
Mixed.mesoderm Cardiomyocytes 0 0 0 0 0 0 0.07244898 0.02436689 -0.03431653 0.01693172 0.9992676 -0.9994109 0 -0.03432145
Mixed.mesoderm Erythroid2 0 0 0 0 0 0 0.07244898 0.02114138 -0.03431653 0.01693172 0.9992676 -0.9994109 0 -0.03432145
Mixed.mesoderm NMP 0 1 1 0.001161771 0.01595217 0.02320382 0.07282837 0.05006808 -0.2036511 0.1137582 0.9724121 -0.9787658 0 -0.2049817
Mixed.mesoderm Erythroid3 0 0 0 0 0 0 0.07244898 0.03596202 -0.03431653 0.01693172 0.9992676 -0.9994109 0 -0.03432145
Mixed.mesoderm Neural.crest 0 0 0 0 0 0 0.07238118 0.01464685 -0.163272 0.004171492 0.9865723 -0.9865808 0 -0.1632735
ExE.mesoderm Intermediate.mesoderm 1228 862 2090 0.01940795 0.3151841 0.1265444 0.06157655 0.1533687 0.5686203 0.7057434 -0.4226075 0.5965095 0 0.8026061
ExE.mesoderm Pharyngeal.mesoderm 504 207 711 0.01465398 0.235756 0.2033603 0.06215742 0.0720592 0.3641683 0.7568563 -0.5427247 0.8303857 0 0.5571889
ExE.mesoderm Caudal.epiblast 0 0 0 0 0 0 0.06495392 0.09684453 -0.0542891 0.4311725 0.9006348 -0.9981881 0 -0.06016949
ExE.mesoderm PGC 2 2 4 0.0005273771 0.008012591 0.0212448 0.06581855 0.02482382 0.06051695 0.5443539 0.8366699 -0.9973943 0 0.07214226
ExE.mesoderm Mesenchyme 254 224 478 0.01656549 0.2898825 0.1511058 0.05714554 0.1096284 -0.2088478 0.9585929 -0.1936035 0.679835 0 -0.7333651
ExE.mesoderm Haematoendothelial.progenitors 67 36 103 0.0101868 0.1782095 0.0691822 0.05716193 0.147246 -0.4619934 0.3256035 -0.8249512 0.8724967 0 -0.4886201
ExE.mesoderm Blood.progenitors.1 0 0 0 0 0 0 0.06719238 0.03632127 -0.03431653 0.01693172 0.9992676 -0.9994109 0 -0.03432145
ExE.mesoderm Surface.ectoderm 963 0 963 0.0279507 0.4659954 0.141796 0.05998063 0.1971191 0.7935495 0.2732548 0.5437012 -0.5652122 0 0.8249456
ExE.mesoderm Gut 278 0 278 0.01279155 0.210409 0.1570476 0.06079374 0.08145017 -0.1708078 0.7919695 0.5861816 -0.9600712 0 -0.2797557
ExE.mesoderm Paraxial.mesoderm 49 14 63 0.007566666 0.1478279 0.07139149 0.05118563 0.1059883 0.9105859 0.244492 -0.3332519 0.3436822 0 0.939086
ExE.mesoderm Caudal.neurectoderm 0 0 0 0 0 0 0.0507916 0.08883198 -0.7248717 0.01499496 0.6887207 -0.6887981 0 -0.7249532
ExE.mesoderm Notochord 0 0 0 0 0 0 0.06719238 0.004717914 -0.03431653 0.01693172 0.9992676 -0.9994109 0 -0.03432145
ExE.mesoderm Somitic.mesoderm 27 2 29 0.003339568 0.06739873 0.03205451 0.04954942 0.104184 0.7797252 0.04133477 -0.6247559 0.6252903 0 0.7803922
ExE.mesoderm Caudal.Mesoderm 0 0 0 0 0 0 0.06712446 0.04112178 0.0169663 0.1090042 0.9938965 -0.9998543 0 0.017068
ExE.mesoderm Erythroid1 0 0 0 0 0 0 0.06719238 0.0370258 -0.03431653 0.01693172 0.9992676 -0.9994109 0 -0.03432145
ExE.mesoderm Def.endoderm 0 0 0 0 0 0 0.05905541 0.1190349 -0.3483714 0.486822 0.8010254 -0.9170284 0 -0.3988219
ExE.mesoderm Parietal.endoderm 0 0 0 0 0 0 0.06697112 0.02327484 -0.0522557 0.1195248 0.9914551 -0.9986139 0 -0.05263302
ExE.mesoderm Allantois 608 351 959 0.01470624 0.3065056 0.2308229 0.04798032 0.06371222 -0.7315425 0.3457126 0.5876465 -0.6262615 0 -0.7796131
ExE.mesoderm Anterior.Primitive.Streak 0 0 0 0 0 0 0.06220984 0.04448754 0.4782434 0.0780088 0.8747559 -0.8774297 0 0.4797053
ExE.mesoderm Endothelium 0 0 0 0 0 0 0.06719238 0.0230972 -0.03431653 0.01693172 0.9992676 -0.9994109 0 -0.03432145
ExE.mesoderm Forebrain/Midbrain/Hindbrain 0 0 0 0 0 0 0.06079468 0.1356091 0.5880368 0.08416376 0.8044434 -0.8073078 0 0.5901307
ExE.mesoderm Spinal.cord 0 0 0 0 0 0 0.06228432 0.05581931 -0.4550163 0.0438203 0.8894043 -0.8902594 0 -0.4554538
ExE.mesoderm Cardiomyocytes 0 0 0 0 0 0 0.06719238 0.02436689 -0.03431653 0.01693172 0.9992676 -0.9994109 0 -0.03432145
ExE.mesoderm Erythroid2 0 0 0 0 0 0 0.06719238 0.02114138 -0.03431653 0.01693172 0.9992676 -0.9994109 0 -0.03432145
ExE.mesoderm NMP 0 0 0 0 0 0 0.06650268 0.04170242 -0.105826 0.196116 0.9748535 -0.9941594 0 -0.1079217
ExE.mesoderm Erythroid3 0 0 0 0 0 0 0.06719238 0.03596202 -0.03431653 0.01693172 0.9992676 -0.9994109 0 -0.03432145
ExE.mesoderm Neural.crest 0 0 0 0 0 0 0.06716186 0.01464685 -0.163272 0.004171492 0.9865723 -0.9865808 0 -0.1632735
Intermediate.mesoderm Pharyngeal.mesoderm 801 358 1159 0.03299707 0.2014458 0.3957572 0.1638012 0.08337705 0.6972991 0.6722223 -0.2487793 0.3360296 0 0.9418514
Intermediate.mesoderm Caudal.epiblast 544 283 827 0.02686923 0.2544586 0.311211 0.1055937 0.08633767 -0.3760676 0.8378267 0.395752 -0.7249051 0 -0.6888489
Intermediate.mesoderm PGC 40 50 90 0.005883123 0.0535634 0.2196422 0.1098347 0.02678503 -0.329484 0.5770281 0.7473145 -0.9150143 0 -0.4034213
Intermediate.mesoderm Mesenchyme 13 15 28 0.00587095 0.03755872 0.08851352 0.1563139 0.06632829 0.6032152 0.7016954 -0.3791504 0.532158 0 0.8466451
Intermediate.mesoderm Haematoendothelial.progenitors 0 1 1 0.01050573 0.07474788 0.09560586 0.1405489 0.1098858 0.3704263 0.9170428 -0.1477051 0.3703844 0 0.9288785
Intermediate.mesoderm Blood.progenitors.1 0 0 0 0 0 0 0.09192202 0.03632127 -0.03431653 0.01693172 0.9992676 -0.9994109 0 -0.03432145
Intermediate.mesoderm Surface.ectoderm 332 17 349 0.02743747 0.2423517 0.2032984 0.1132134 0.1349615 -0.3048701 0.6171982 -0.7253418 0.9218793 0 -0.3874772
Intermediate.mesoderm Gut 0 0 0 0 0 0 0.09192202 0.09658864 -0.03431653 0.01693172 0.9992676 -0.9994109 0 -0.03432145
Intermediate.mesoderm Paraxial.mesoderm 636 206 842 0.04802006 0.2752811 0.4613725 0.1744401 0.1040809 0.9330035 0.170988 -0.3166504 0.3213834 0 0.9469492
Intermediate.mesoderm Caudal.neurectoderm 2 3 5 0.05417138 0.3071292 0.4752571 0.1763798 0.1139833 0.8680545 0.01140375 0.4963379 -0.4963702 0 0.868111
Intermediate.mesoderm Notochord 0 0 0 0 0 0 0.09192202 0.004717914 -0.03431653 0.01693172 0.9992676 -0.9994109 0 -0.03432145
Intermediate.mesoderm Somitic.mesoderm 2466 1688 4154 0.05462287 0.5175431 0.9314628 0.1055427 0.05864204 -0.236237 0.833621 0.4992675 -0.9039186 0 -0.4277045
Intermediate.mesoderm Caudal.Mesoderm 407 270 677 0.0131921 0.1446763 0.4157868 0.09118356 0.03172805 0.07571365 0.1062274 -0.9914551 0.9970968 0 0.07614449
Intermediate.mesoderm Erythroid1 0 0 0 0 0 0 0.09192202 0.0370258 -0.03431653 0.01693172 0.9992676 -0.9994109 0 -0.03432145
Intermediate.mesoderm Def.endoderm 118 5 123 0.01713573 0.1620568 0.1858172 0.1057391 0.09221822 -0.3607619 0.8970848 0.255127 -0.5773952 0 -0.8164648
Intermediate.mesoderm Parietal.endoderm 0 0 0 0.005165095 0.04855272 0.1143446 0.1063812 0.04517129 -0.3799918 0.9141249 0.1413574 -0.3486581 0 -0.93725
Intermediate.mesoderm Allantois 0 0 0 0 0 0 0.1223322 0.06462029 -0.4001794 0.01801315 0.9162598 -0.9164084 0 -0.4002444
Intermediate.mesoderm Anterior.Primitive.Streak 1 0 1 0.005209851 0.03838148 0.1248248 0.1357386 0.04173729 0.4162301 0.3345917 0.845459 -0.8971689 0 0.4416876
Intermediate.mesoderm Endothelium 0 0 0 0 0 0 0.09192202 0.0230972 -0.03431653 0.01693172 0.9992676 -0.9994109 0 -0.03432145
Intermediate.mesoderm Forebrain/Midbrain/Hindbrain 1 1 2 0.0282459 0.2603885 0.2282165 0.108476 0.123768 -0.3584706 0.8691989 -0.3405762 0.6887804 0 -0.72497
Intermediate.mesoderm Spinal.cord 0 0 0 0 0 0 0.1799435 0.07229228 0.9097187 0.06916691 0.4094238 -0.4104066 0 0.9119026
Intermediate.mesoderm Cardiomyocytes 0 0 0 0.00667454 0.05105356 0.2569735 0.130736 0.02597365 -0.5041463 0.4260328 0.7512207 -0.8303463 0 -0.5572478
Intermediate.mesoderm Erythroid2 0 0 0 0 0 0 0.09192202 0.02114138 -0.03431653 0.01693172 0.9992676 -0.9994109 0 -0.03432145
Intermediate.mesoderm NMP 334 174 508 0.02895011 0.2010586 0.4920753 0.1439885 0.05883269 0.5184171 0.2251652 0.8249512 -0.8466937 0 0.5320805
Intermediate.mesoderm Erythroid3 0 0 0 0 0 0 0.09192202 0.03596202 -0.03431653 0.01693172 0.9992676 -0.9994109 0 -0.03432145
Intermediate.mesoderm Neural.crest 0 0 0 0 0 0 0.1115308 0.01881843 0.2728818 0.02695352 0.9616699 -0.9620194 0 0.272981
Pharyngeal.mesoderm Caudal.epiblast 0 0 0 0 0 0 0.1065931 0.09043631 -0.5349042 0.3039954 0.7883301 -0.8274924 0 -0.5614769
Pharyngeal.mesoderm PGC 0 81 81 0.008522185 0.07300076 0.4276553 0.1167411 0.0199277 -0.328724 0.1702439 0.9289551 -0.942717 0 -0.3335938
Pharyngeal.mesoderm Mesenchyme 769 603 1372 0.01861241 0.2627248 0.2758352 0.07084376 0.06747658 0.573013 0.7399624 -0.3522949 0.5237432 0 0.8518763
Pharyngeal.mesoderm Haematoendothelial.progenitors 169 71 240 0.05946773 0.4914479 0.3791579 0.1210051 0.1568416 -0.0542891 0.4311725 0.9006348 -0.9981881 0 -0.06016949
Pharyngeal.mesoderm Blood.progenitors.1 0 0 0 0 0 0 0.1298583 0.03632127 -0.03431653 0.01693172 0.9992676 -0.9994109 0 -0.03432145
Pharyngeal.mesoderm Surface.ectoderm 2 151 153 0.002397268 0.02697851 0.0135324 0.08885843 0.1771502 0.2200899 0.6619008 -0.7165527 0.9559243 0 0.2936131
Pharyngeal.mesoderm Gut 1 0 1 0.01336555 0.1118133 0.158822 0.1195346 0.08415432 -0.2801453 0.02150143 0.9597168 -0.9599388 0 -0.28021
Pharyngeal.mesoderm Paraxial.mesoderm 2244 812 3056 0.07867674 0.5882961 0.7204301 0.1337366 0.109208 -0.6799656 0.1934125 -0.7072753 0.7208875 0 -0.6930521
Pharyngeal.mesoderm Caudal.neurectoderm 2 2 4 0.004048993 0.05263278 0.04875297 0.07692911 0.08305121 0.6362455 0.7244063 -0.2653809 0.3849597 0 0.9229334
Pharyngeal.mesoderm Notochord 0 0 0 0 0 0 0.1298583 0.004717914 -0.03431653 0.01693172 0.9992676 -0.9994109 0 -0.03432145
Pharyngeal.mesoderm Somitic.mesoderm 39 0 39 0.02467433 0.2839407 0.2603931 0.08689961 0.09475803 0.5387784 0.8348296 0.1130371 -0.2053321 0 0.9786924
Pharyngeal.mesoderm Caudal.Mesoderm 1 0 1 0.001831533 0.02111789 0.02727279 0.08672898 0.06715607 0.6950746 0.6964345 -0.1784668 0.2486925 0 0.9685825
Pharyngeal.mesoderm Erythroid1 0 0 0 0 0 0 0.1298583 0.0370258 -0.03431653 0.01693172 0.9992676 -0.9994109 0 -0.03432145
Pharyngeal.mesoderm Def.endoderm 1 0 1 0.02726712 0.235513 0.2057557 0.1157776 0.1325218 -0.3071743 0.2834916 0.9084473 -0.947311 0 -0.3203154
Pharyngeal.mesoderm Parietal.endoderm 0 0 0 0.004726968 0.03640096 0.2343671 0.1298583 0.02016908 -0.03431653 0.01693172 0.9992676 -0.9994109 0 -0.03432145
Pharyngeal.mesoderm Allantois 0 0 0 0 0 0 0.1018859 0.06010825 -0.6510513 0.0009098255 0.7590332 -0.7590335 0 -0.6510516
Pharyngeal.mesoderm Anterior.Primitive.Streak 0 0 0 0 0 0 0.1396014 0.04312909 0.6076496 0.005010491 0.7941895 -0.7941994 0 0.6076573
Pharyngeal.mesoderm Endothelium 0 0 0 0 0 0 0.1298583 0.0230972 -0.03431653 0.01693172 0.9992676 -0.9994109 0 -0.03432145
Pharyngeal.mesoderm Forebrain/Midbrain/Hindbrain 16 2 18 0.003468072 0.05254484 0.02838106 0.06600215 0.1221967 0.366246 0.9298068 0.03637699 -0.09883759 0 0.9951036
Pharyngeal.mesoderm Spinal.cord 0 0 0 0 0 0 0.1117829 0.05351618 -0.4626331 0.1760384 0.8688965 -0.8826811 0 -0.4699725
Pharyngeal.mesoderm Cardiomyocytes 143 134 277 0.00616709 0.0502735 0.2805766 0.1226708 0.02198006 -0.1624894 0.4200781 -0.8928223 0.9838393 0 -0.179054
Pharyngeal.mesoderm Erythroid2 0 0 0 0 0 0 0.1298583 0.02114138 -0.03431653 0.01693172 0.9992676 -0.9994109 0 -0.03432145
Pharyngeal.mesoderm NMP 0 0 0 0 0 0 0.1283299 0.04481165 -0.06643912 0.06958211 0.9953613 -0.9977797 0 -0.06660055
Pharyngeal.mesoderm Erythroid3 0 0 0 0 0 0 0.1298583 0.03596202 -0.03431653 0.01693172 0.9992676 -0.9994109 0 -0.03432145
Pharyngeal.mesoderm Neural.crest 0 0 0 0 0 0 0.117609 0.01384824 -0.3232228 0.1158166 0.939209 -0.9455721 0 -0.3254126
Caudal.epiblast PGC 179 59 238 0.01311962 0.1524306 0.5130639 0.08606943 0.02557111 -0.5031364 0.4713266 0.7243652 -0.8213142 0 -0.5704761
Caudal.epiblast Mesenchyme 0 0 0 0 0 0 0.09196349 0.1296099 -0.2180506 0.1634182 0.9621582 -0.9752688 0 -0.2210218
Caudal.epiblast Haematoendothelial.progenitors 21 1 22 0.01066468 0.1028402 0.1002244 0.1037015 0.1064081 0.3023786 0.9205449 0.2473144 -0.6331055 0 0.7740656
Caudal.epiblast Blood.progenitors.1 0 0 0 0 0 0 0.1026476 0.03632127 -0.03431653 0.01693172 0.9992676 -0.9994109 0 -0.03432145
Caudal.epiblast Surface.ectoderm 1839 56 1895 0.04992344 0.5724773 0.306182 0.08720597 0.1630515 -0.1426988 0.915876 0.3752442 -0.9346959 0 -0.3554485
Caudal.epiblast Gut 1 0 1 0.0001951467 0.001920633 0.001857649 0.1016054 0.1050504 -0.7248717 0.01499496 0.6887207 -0.6887981 0 -0.7249532
Caudal.epiblast Paraxial.mesoderm 0 0 0 0 0 0 0.1064812 0.118383 0.05196001 0.2492626 0.967041 -0.9985596 0 0.05365353
Caudal.epiblast Caudal.neurectoderm 358 502 860 0.03521265 0.3207472 0.4102505 0.1097832 0.08583208 0.7584661 0.3879262 -0.5236817 0.5681753 0 0.8229076
Caudal.epiblast Notochord 0 3 3 0.0002727547 0.002637469 0.04657273 0.1034153 0.005856533 0.0673444 0.4699376 0.880127 -0.9970854 0 0.07629368
Caudal.epiblast Somitic.mesoderm 37 60 97 0.0209496 0.2047519 0.304037 0.102317 0.06890476 0.2476887 0.9554695 0.1604004 -0.5435647 0 0.8393673
Caudal.epiblast Caudal.Mesoderm 713 680 1393 0.02372241 0.1583979 0.6947514 0.1497647 0.03414518 -0.6436687 0.4783195 -0.5974121 0.6802797 0 -0.7329526
Caudal.epiblast Erythroid1 0 0 0 0 0 0 0.1026476 0.0370258 -0.03431653 0.01693172 0.9992676 -0.9994109 0 -0.03432145
Caudal.epiblast Def.endoderm 582 88 670 0.04172529 0.4649955 0.4748555 0.08973268 0.08786945 -0.5909894 0.6221924 0.5134277 -0.6558323 0 -0.7549066
Caudal.epiblast Parietal.endoderm 13 2 15 0.001700933 0.01601431 0.3616067 0.1062133 0.004703822 0.7538237 0.6146896 -0.2321778 0.2943546 0 0.9556963
Caudal.epiblast Allantois 0 0 0 0 0 0 0.09196349 0.07153039 -0.2180506 0.1634182 0.9621582 -0.9752688 0 -0.2210218
Caudal.epiblast Anterior.Primitive.Streak 4 14 18 0.01602593 0.1276923 0.4827715 0.1255043 0.03319568 -0.05486461 0.8184017 -0.5720214 0.9954318 0 -0.0954754
Caudal.epiblast Endothelium 0 0 0 0 0 0 0.1026476 0.0230972 -0.03431653 0.01693172 0.9992676 -0.9994109 0 -0.03432145
Caudal.epiblast Forebrain/Midbrain/Hindbrain 106 2 108 0.0378161 0.3306054 0.2700842 0.1143844 0.140016 0.3608508 0.6044796 -0.710205 0.8915222 0 0.452977
Caudal.epiblast Spinal.cord 47 33 80 0.0110078 0.103194 0.1939935 0.1066709 0.05674312 0.6719337 0.1346315 -0.7282715 0.7349628 0 0.6781074
Caudal.epiblast Cardiomyocytes 0 0 0 0 0 0 0.1026476 0.02436689 -0.03431653 0.01693172 0.9992676 -0.9994109 0 -0.03432145
Caudal.epiblast Erythroid2 0 0 0 0 0 0 0.1026476 0.02114138 -0.03431653 0.01693172 0.9992676 -0.9994109 0 -0.03432145
Caudal.epiblast NMP 912 375 1287 0.028542 0.2740249 0.6659995 0.1041584 0.04285588 -0.01288601 0.06498964 0.9978027 -0.9999166 0 -0.01291331
Caudal.epiblast Erythroid3 0 0 0 0 0 0 0.1026476 0.03596202 -0.03431653 0.01693172 0.9992676 -0.9994109 0 -0.03432145
Caudal.epiblast Neural.crest 0 0 0 0 0 0 0.1026476 0.01598783 -0.03431653 0.01693172 0.9992676 -0.9994109 0 -0.03432145
PGC Mesenchyme 0 0 0 0 0 0 0.01680035 0.1205756 -0.0522557 0.1195248 0.9914551 -0.9986139 0 -0.05263302
PGC Haematoendothelial.progenitors 1 1 2 0.006836921 0.3068002 0.04868385 0.0222846 0.1404351 0.358859 0.2264027 0.9055176 -0.9296573 0 0.3684256
PGC Blood.progenitors.1 0 0 0 0 0 0 0.01621416 0.03632127 -0.03431653 0.01693172 0.9992676 -0.9994109 0 -0.03432145
PGC Surface.ectoderm 2 112 114 0.003622049 0.1243796 0.0194031 0.02912091 0.1866737 -0.5769207 0.7905728 0.2053223 -0.3352923 0 -0.9421142
PGC Gut 0 0 0 0 0 0 0.0187541 0.08746999 -0.2472899 0.07461375 0.9660645 -0.9687648 0 -0.2479811
PGC Paraxial.mesoderm 0 0 0 0 0 0 0.01621416 0.1273299 -0.03431653 0.01693172 0.9992676 -0.9994109 0 -0.03432145
PGC Caudal.neurectoderm 1 0 1 0.001567549 0.05756809 0.02224039 0.02722947 0.07048206 -0.4880287 0.006581897 0.8728027 -0.8728217 0 -0.4880393
PGC Notochord 0 0 0 0 0 0 0.01621416 0.004717914 -0.03431653 0.01693172 0.9992676 -0.9994109 0 -0.03432145
PGC Somitic.mesoderm 1 0 1 0.001993618 0.1229554 0.02210344 0.01621416 0.09019494 -0.03431653 0.01693172 0.9992676 -0.9994109 0 -0.03432145
PGC Caudal.Mesoderm 6 120 126 0.003738621 0.201986 0.1122814 0.01850931 0.03329688 -0.3917661 0.5789376 -0.7150878 0.8770082 0 -0.4804754
PGC Erythroid1 0 0 0 0 0 0 0.01621416 0.0370258 -0.03431653 0.01693172 0.9992676 -0.9994109 0 -0.03432145
PGC Def.endoderm 55 0 55 0.01309252 0.4647485 0.149147 0.02817119 0.08778267 -0.5310066 0.6611362 0.5300292 -0.7064551 0 -0.7077578
PGC Parietal.endoderm 0 0 0 0.00440897 0.1834906 0.1221511 0.02402832 0.03609441 -0.1425354 0.4767033 0.8674316 -0.9867671 0 -0.1621445
PGC Allantois 0 0 0 0 0 0 0.01863871 0.07315579 -0.2184915 0.2148015 0.9519043 -0.9746549 0 -0.2237135
PGC Anterior.Primitive.Streak 0 0 0 0.003604942 0.1104636 0.08336811 0.03263467 0.04324126 0.7923183 0.0008303243 0.6101074 -0.6101077 0 0.7923186
PGC Endothelium 0 0 0 0 0 0 0.01621416 0.0230972 -0.03431653 0.01693172 0.9992676 -0.9994109 0 -0.03432145
PGC Forebrain/Midbrain/Hindbrain 0 0 0 0.002997874 0.1404054 0.02425613 0.02135156 0.1235924 0.4518901 0.03573929 0.8913574 -0.8919272 0 0.452179
PGC Spinal.cord 0 0 0 0 0 0 0.01621416 0.05654643 -0.03431653 0.01693172 0.9992676 -0.9994109 0 -0.03432145
PGC Cardiomyocytes 0 0 0 0 0 0 0.01621416 0.02436689 -0.03431653 0.01693172 0.9992676 -0.9994109 0 -0.03432145
PGC Erythroid2 0 0 0 0 0 0 0.01621416 0.02114138 -0.03431653 0.01693172 0.9992676 -0.9994109 0 -0.03432145
PGC NMP 1 0 1 0.0001698134 0.01047316 0.003750054 0.01621416 0.04528293 -0.03431653 0.01693172 0.9992676 -0.9994109 0 -0.03432145
PGC Erythroid3 0 0 0 0 0 0 0.01621416 0.03596202 -0.03431653 0.01693172 0.9992676 -0.9994109 0 -0.03432145
PGC Neural.crest 0 0 0 0 0 0 0.01621416 0.01598783 -0.03431653 0.01693172 0.9992676 -0.9994109 0 -0.03432145
Mesenchyme Haematoendothelial.progenitors 429 379 808 0.01903434 0.1929296 0.1463901 0.09865949 0.1300248 -0.05869447 0.9598884 -0.2741699 0.9778435 0 -0.2093373
Mesenchyme Blood.progenitors.1 0 0 0 0 0 0 0.1085493 0.03889128 0.3547372 0.01683701 0.9348145 -0.934947 0 0.3547874
Mesenchyme Surface.ectoderm 1336 144 1480 0.06185763 0.4052345 0.3255186 0.1526465 0.1900279 -0.5136341 0.7408178 0.4328613 -0.6444208 0 -0.764671
Mesenchyme Gut 378 1 379 0.02854082 0.1986207 0.4056772 0.1436951 0.07035352 -0.3696506 0.8703147 0.3254394 -0.660796 0 -0.7505656
Mesenchyme Paraxial.mesoderm 35 1 36 0.008880293 0.1027134 0.08919065 0.08645698 0.0995653 0.3704263 0.9170428 -0.1477051 0.3703844 0 0.9288785
Mesenchyme Caudal.neurectoderm 0 0 0 0 0 0 0.1296429 0.07239167 -0.267615 0.1216898 0.9558105 -0.9629672 0 -0.2696187
Mesenchyme Notochord 0 0 0 0 0 0 0.1186912 0.004717914 -0.03431653 0.01693172 0.9992676 -0.9994109 0 -0.03432145
Mesenchyme Somitic.mesoderm 0 0 0 0 0 0 0.138894 0.08582413 -0.5025711 0.1449677 0.8522949 -0.8613943 0 -0.5079368
Mesenchyme Caudal.Mesoderm 0 0 0 0 0 0 0.1186912 0.03694697 -0.03431653 0.01693172 0.9992676 -0.9994109 0 -0.03432145
Mesenchyme Erythroid1 0 0 0 0 0 0 0.1186912 0.0370258 -0.03431653 0.01693172 0.9992676 -0.9994109 0 -0.03432145
Mesenchyme Def.endoderm 0 0 0 0 0 0 0.1419184 0.1290857 -0.3300464 0.3374392 0.8815918 -0.9365213 0 -0.3506107
Mesenchyme Parietal.endoderm 0 0 0 0 0 0 0.1186912 0.02016908 -0.03431653 0.01693172 0.9992676 -0.9994109 0 -0.03432145
Mesenchyme Allantois 145 1284 1429 0.02552942 0.2349546 0.7822549 0.1086569 0.03263569 -0.6467661 0.6612089 -0.3801269 0.5066995 0 -0.8621227
Mesenchyme Anterior.Primitive.Streak 0 0 0 0 0 0 0.1281218 0.05759166 -0.1625286 0.1886289 0.9685059 -0.9862099 0 -0.1654996
Mesenchyme Endothelium 0 2 2 0.0004543722 0.004180715 0.02049289 0.1086829 0.02217219 0.4227867 0.09136975 0.9016113 -0.9053986 0 0.4245626
Mesenchyme Forebrain/Midbrain/Hindbrain 0 0 0 0 0 0 0.107712 0.1356638 0.6076496 0.005010491 0.7941895 -0.7941994 0 0.6076573
Mesenchyme Spinal.cord 0 0 0 0 0 0 0.1296429 0.05554763 -0.267615 0.1216898 0.9558105 -0.9629672 0 -0.2696187
Mesenchyme Cardiomyocytes 13 218 231 0.00758742 0.05514399 0.1481288 0.1375929 0.05122178 -0.1861478 0.8964736 0.4020996 -0.907475 0 -0.4201061
Mesenchyme Erythroid2 0 0 0 0 0 0 0.1186912 0.02114138 -0.03431653 0.01693172 0.9992676 -0.9994109 0 -0.03432145
Mesenchyme NMP 0 0 0 0 0 0 0.1186912 0.04528293 -0.03431653 0.01693172 0.9992676 -0.9994109 0 -0.03432145
Mesenchyme Erythroid3 0 0 0 0 0 0 0.1186912 0.03596202 -0.03431653 0.01693172 0.9992676 -0.9994109 0 -0.03432145
Mesenchyme Neural.crest 0 0 0 0 0 0 0.1316315 0.01384824 -0.3232228 0.1158166 0.939209 -0.9455721 0 -0.3254126
Haematoendothelial.progenitors Blood.progenitors.1 213 352 565 0.007381727 0.066764 0.38566 0.1105645 0.01914051 0.3667601 0.8014448 -0.4724121 0.789896 0 0.6132408
Haematoendothelial.progenitors Surface.ectoderm 724 2337 3061 0.07362419 0.6547747 0.3985084 0.112442 0.1847494 0.2820447 0.6561397 -0.6999511 0.9275305 0 0.3737476
Haematoendothelial.progenitors Gut 343 4 347 0.01622062 0.1490155 0.2956679 0.1088519 0.05486095 0.2569422 0.693486 -0.6730957 0.9342452 0 0.3566314
Haematoendothelial.progenitors Paraxial.mesoderm 125 843 968 0.03988808 0.3571015 0.3197526 0.1116995 0.1247467 -0.03492077 0.492038 -0.869873 0.9991952 0 -0.04011237
Haematoendothelial.progenitors Caudal.neurectoderm 0 4 4 0.02373831 0.1914127 0.272569 0.1240164 0.08709101 0.5367349 0.8042548 -0.2551269 0.429301 0 0.9031615
Haematoendothelial.progenitors Notochord 0 0 0 0 0 0 0.1517019 0.004717914 -0.03431653 0.01693172 0.9992676 -0.9994109 0 -0.03432145
Haematoendothelial.progenitors Somitic.mesoderm 0 0 0 0 0 0 0.1517019 0.09019494 -0.03431653 0.01693172 0.9992676 -0.9994109 0 -0.03432145
Haematoendothelial.progenitors Caudal.Mesoderm 0 0 0 0 0 0 0.1478446 0.03913239 0.1077844 0.05883846 0.9924316 -0.994154 0 0.1079714
Haematoendothelial.progenitors Erythroid1 0 0 0 0 0 0 0.1517019 0.0370258 -0.03431653 0.01693172 0.9992676 -0.9994109 0 -0.03432145
Haematoendothelial.progenitors Def.endoderm 1 1 2 0.04254142 0.2439031 0.3202571 0.1744194 0.1328352 -0.2310716 0.3312947 0.9147949 -0.9695479 0 -0.2449018
Haematoendothelial.progenitors Parietal.endoderm 1 1 2 0.004731669 0.02622152 0.6260377 0.1804499 0.007558121 0.8528498 0.126538 0.5065918 -0.5106969 0 0.8597608
Haematoendothelial.progenitors Allantois 492 93 585 0.00969841 0.09295277 0.2588429 0.104337 0.03746833 0.1802237 0.9576949 -0.2243652 0.7796274 0 0.6262437
Haematoendothelial.progenitors Anterior.Primitive.Streak 0 0 0 0.02396887 0.1579998 0.4478995 0.1517019 0.05351395 -0.03431653 0.01693172 0.9992676 -0.9994109 0 -0.03432145
Haematoendothelial.progenitors Endothelium 270 395 665 0.007747938 0.06600807 0.3965323 0.1173787 0.01953924 0.3363048 0.7215278 0.6052246 -0.874115 0 0.4857189
Haematoendothelial.progenitors Forebrain/Midbrain/Hindbrain 8 17 25 0.09159917 0.4014983 0.434048 0.2281434 0.2110347 -0.9357927 0.2096416 0.2834472 -0.289889 0 -0.9570602
Haematoendothelial.progenitors Spinal.cord 0 0 0 0 0 0 0.16568 0.05700076 -0.2136004 0.03431214 0.9763184 -0.9768936 0 -0.2137263
Haematoendothelial.progenitors Cardiomyocytes 0 0 0 0 0 0 0.1517019 0.02436689 -0.03431653 0.01693172 0.9992676 -0.9994109 0 -0.03432145
Haematoendothelial.progenitors Erythroid2 0 0 0 0 0 0 0.1517019 0.02114138 -0.03431653 0.01693172 0.9992676 -0.9994109 0 -0.03432145
Haematoendothelial.progenitors NMP 0 0 0 0 0 0 0.1517019 0.04528293 -0.03431653 0.01693172 0.9992676 -0.9994109 0 -0.03432145
Haematoendothelial.progenitors Erythroid3 0 0 0 0 0 0 0.1695889 0.03266675 -0.2472899 0.07461375 0.9660645 -0.9687648 0 -0.2479811
Haematoendothelial.progenitors Neural.crest 0 0 0 0 0 0 0.1517019 0.01598783 -0.03431653 0.01693172 0.9992676 -0.9994109 0 -0.03432145
Blood.progenitors.1 Surface.ectoderm 0 0 0 0 0 0 0.03632127 0.1388281 -0.03431653 0.01693172 0.9992676 -0.9994109 0 -0.03432145
Blood.progenitors.1 Gut 0 0 0 0 0 0 0.03632127 0.09658864 -0.03431653 0.01693172 0.9992676 -0.9994109 0 -0.03432145
Blood.progenitors.1 Paraxial.mesoderm 0 0 0 0 0 0 0.03632127 0.1273299 -0.03431653 0.01693172 0.9992676 -0.9994109 0 -0.03432145
Blood.progenitors.1 Caudal.neurectoderm 0 0 0 0 0 0 0.03632127 0.08237959 -0.03431653 0.01693172 0.9992676 -0.9994109 0 -0.03432145
Blood.progenitors.1 Notochord 0 0 0 0 0 0 0.03632127 0.004717914 -0.03431653 0.01693172 0.9992676 -0.9994109 0 -0.03432145
Blood.progenitors.1 Somitic.mesoderm 0 0 0 0 0 0 0.03632127 0.09019494 -0.03431653 0.01693172 0.9992676 -0.9994109 0 -0.03432145
Blood.progenitors.1 Caudal.Mesoderm 0 0 0 0 0 0 0.03632127 0.03694697 -0.03431653 0.01693172 0.9992676 -0.9994109 0 -0.03432145
Blood.progenitors.1 Erythroid1 0 0 0 0 0 0 0.03632127 0.0370258 -0.03431653 0.01693172 0.9992676 -0.9994109 0 -0.03432145
Blood.progenitors.1 Def.endoderm 0 0 0 0 0 0 0.03632127 0.1573092 -0.03431653 0.01693172 0.9992676 -0.9994109 0 -0.03432145
Blood.progenitors.1 Parietal.endoderm 0 0 0 0 0 0 0.03632127 0.02016908 -0.03431653 0.01693172 0.9992676 -0.9994109 0 -0.03432145
Blood.progenitors.1 Allantois 0 0 0 0 0 0 0.03964494 0.061034 0.4518901 0.03573929 0.8913574 -0.8919272 0 0.452179
Blood.progenitors.1 Anterior.Primitive.Streak 0 0 0 0 0 0 0.03632127 0.05351395 -0.03431653 0.01693172 0.9992676 -0.9994109 0 -0.03432145
Blood.progenitors.1 Endothelium 8 7 15 0.0002786684 0.01373499 0.02589147 0.02028893 0.01076294 0.6670113 0.6853422 -0.2922363 0.4013015 0 0.915946
Blood.progenitors.1 Forebrain/Midbrain/Hindbrain 0 0 0 0 0 0 0.03632127 0.1183032 -0.03431653 0.01693172 0.9992676 -0.9994109 0 -0.03432145
Blood.progenitors.1 Spinal.cord 0 0 0 0 0 0 0.03632127 0.05654643 -0.03431653 0.01693172 0.9992676 -0.9994109 0 -0.03432145
Blood.progenitors.1 Cardiomyocytes 0 0 0 0 0 0 0.03632127 0.02436689 -0.03431653 0.01693172 0.9992676 -0.9994109 0 -0.03432145
Blood.progenitors.1 Erythroid2 0 0 0 0 0 0 0.03632127 0.02114138 -0.03431653 0.01693172 0.9992676 -0.9994109 0 -0.03432145
Blood.progenitors.1 NMP 0 0 0 0 0 0 0.03632127 0.04528293 -0.03431653 0.01693172 0.9992676 -0.9994109 0 -0.03432145
Blood.progenitors.1 Erythroid3 0 0 0 0 0 0 0.03323505 0.0323148 -0.2801453 0.02150143 0.9597168 -0.9599388 0 -0.28021
Blood.progenitors.1 Neural.crest 0 0 0 0 0 0 0.03632127 0.01598783 -0.03431653 0.01693172 0.9992676 -0.9994109 0 -0.03432145
Surface.ectoderm Gut 322 246 568 0.03553763 0.1941874 0.4994577 0.1830069 0.07115243 0.2203551 0.9683841 0.1169433 -0.4687791 0 0.8833154
Surface.ectoderm Paraxial.mesoderm 0 1 1 0.01601701 0.08577704 0.1987566 0.1867284 0.08058607 -0.4128125 0.6272617 0.6604004 -0.8479624 0 -0.5300564
Surface.ectoderm Caudal.neurectoderm 80 202 282 0.04568771 0.2651681 0.4151031 0.1722972 0.1100635 -0.4244189 0.8897039 0.1682129 -0.3684532 0 -0.9296463
Surface.ectoderm Notochord 0 0 0 0 0 0 0.1388281 0.004717914 -0.03431653 0.01693172 0.9992676 -0.9994109 0 -0.03432145
Surface.ectoderm Somitic.mesoderm 0 3 3 0.0141959 0.08706389 0.2519563 0.1630515 0.05634271 -0.1426988 0.915876 0.3752442 -0.9346959 0 -0.3554485
Surface.ectoderm Caudal.Mesoderm 61 530 591 0.01882287 0.09951867 0.3307081 0.189139 0.05691686 0.5641872 0.2663826 0.7814941 -0.8107901 0 0.585337
Surface.ectoderm Erythroid1 0 0 0 0 0 0 0.1388281 0.0370258 -0.03431653 0.01693172 0.9992676 -0.9994109 0 -0.03432145
Surface.ectoderm Def.endoderm 753 64 817 0.06402064 0.2609039 0.7205887 0.2453802 0.08884491 -0.7492541 0.4729397 0.4636231 -0.5261897 0 -0.8503672
Surface.ectoderm Parietal.endoderm 5 1 6 0.01483614 0.06135326 0.5967607 0.2418149 0.02486111 -0.9525867 0.1845048 -0.2419434 0.2461697 0 -0.9692267
Surface.ectoderm Allantois 362 364 726 0.01254121 0.07385838 0.3387763 0.1698008 0.03701915 0.2190861 0.8732197 -0.4353027 0.8932465 0 0.4495673
Surface.ectoderm Anterior.Primitive.Streak 12 9 21 0.03224377 0.175817 0.57838 0.1833939 0.05574841 -0.5465135 0.7996448 0.2487793 -0.4143054 0 -0.9101379
Surface.ectoderm Endothelium 0 5 5 0.00119388 0.0067689 0.1007429 0.1763773 0.01185076 0.146388 0.9856765 -0.0837402 0.4965409 0 0.8680133
Surface.ectoderm Forebrain/Midbrain/Hindbrain 53 52 105 0.03979914 0.2522001 0.3316611 0.1578078 0.1199994 -0.5285601 0.6093169 -0.5910644 0.7454212 0 -0.6665938
Surface.ectoderm Spinal.cord 6 85 91 0.004103935 0.02368351 0.08607988 0.1732824 0.0476759 -0.5417745 0.8405051 -0.005615248 0.01036399 0 -0.9999463
Surface.ectoderm Cardiomyocytes 0 0 0 0 0 0 0.1388281 0.02436689 -0.03431653 0.01693172 0.9992676 -0.9994109 0 -0.03432145
Surface.ectoderm Erythroid2 0 0 0 0 0 0 0.1388281 0.02114138 -0.03431653 0.01693172 0.9992676 -0.9994109 0 -0.03432145
Surface.ectoderm NMP 9 38 47 0.01544834 0.1127911 0.3051636 0.1369641 0.05062314 -0.1312659 0.2070582 -0.9694824 0.9909578 0 -0.1341736
Surface.ectoderm Erythroid3 0 0 0 0 0 0 0.1388281 0.03596202 -0.03431653 0.01693172 0.9992676 -0.9994109 0 -0.03432145
Surface.ectoderm Neural.crest 0 0 0 0 0 0 0.1388281 0.01598783 -0.03431653 0.01693172 0.9992676 -0.9994109 0 -0.03432145
Gut Paraxial.mesoderm 0 1 1 0.003259657 0.03617446 0.02604742 0.09010934 0.1251432 -0.163272 0.004171492 0.9865723 -0.9865808 0 -0.1632735
Gut Caudal.neurectoderm 0 0 0 0 0 0 0.08746999 0.07129315 -0.2472899 0.07461375 0.9660645 -0.9687648 0 -0.2479811
Gut Notochord 0 0 0 0 0 0 0.08493559 0.006056404 -0.4165192 0.07526719 0.9060059 -0.9085831 0 -0.417704
Gut Somitic.mesoderm 0 0 0 0 0 0 0.09658864 0.09019494 -0.03431653 0.01693172 0.9992676 -0.9994109 0 -0.03432145
Gut Caudal.Mesoderm 0 0 0 0 0 0 0.09658864 0.03694697 -0.03431653 0.01693172 0.9992676 -0.9994109 0 -0.03432145
Gut Erythroid1 0 0 0 0 0 0 0.09658864 0.0370258 -0.03431653 0.01693172 0.9992676 -0.9994109 0 -0.03432145
Gut Def.endoderm 1220 175 1395 0.04241121 0.3361397 0.3610375 0.1261714 0.1174704 -0.8770314 0.4739171 0.07885744 -0.08955278 0 -0.9959821
Gut Parietal.endoderm 0 0 0 0.007013614 0.06655762 0.4232644 0.1053766 0.01657029 0.1493689 0.02250491 0.9885254 -0.9887758 0 0.1494068
Gut Allantois 0 304 304 0.02544338 0.3561473 0.4650705 0.0714406 0.05470864 -0.455502 0.8814499 0.1247558 -0.2641579 0 -0.9644794
Gut Anterior.Primitive.Streak 0 0 0 0 0 0 0.1404086 0.0420521 0.7772095 0.1053434 0.6203613 -0.6238324 0 0.7815582
Gut Endothelium 0 5 5 0.002601293 0.02854128 0.1176192 0.09114144 0.02211622 -0.5025711 0.1449677 0.8522949 -0.8613943 0 -0.5079368
Gut Forebrain/Midbrain/Hindbrain 0 0 0 0 0 0 0.1466574 0.1964641 0.9719496 0.06734289 0.2253418 -0.2258545 0 0.974161
Gut Spinal.cord 0 0 0 0 0 0 0.09658864 0.05654643 -0.03431653 0.01693172 0.9992676 -0.9994109 0 -0.03432145
Gut Cardiomyocytes 0 0 0 0 0 0 0.09658864 0.02436689 -0.03431653 0.01693172 0.9992676 -0.9994109 0 -0.03432145
Gut Erythroid2 0 0 0 0 0 0 0.09658864 0.02114138 -0.03431653 0.01693172 0.9992676 -0.9994109 0 -0.03432145
Gut NMP 0 0 0 0 0 0 0.09658864 0.04528293 -0.03431653 0.01693172 0.9992676 -0.9994109 0 -0.03432145
Gut Erythroid3 0 0 0 0 0 0 0.09658864 0.03596202 -0.03431653 0.01693172 0.9992676 -0.9994109 0 -0.03432145
Gut Neural.crest 0 0 0 0 0 0 0.09658864 0.01598783 -0.03431653 0.01693172 0.9992676 -0.9994109 0 -0.03432145
Paraxial.mesoderm Caudal.neurectoderm 23 0 23 0.01527764 0.1506062 0.1429298 0.101441 0.1068891 0.4981055 0.7635846 0.4108887 -0.6363384 0 0.77141
Paraxial.mesoderm Notochord 0 0 0 0 0 0 0.1273299 0.004717914 -0.03431653 0.01693172 0.9992676 -0.9994109 0 -0.03432145
Paraxial.mesoderm Somitic.mesoderm 297 99 396 0.04930141 0.3995124 0.5106423 0.1234039 0.09654783 -0.1756046 0.4977367 -0.8493652 0.9792893 0 -0.2024661
Paraxial.mesoderm Caudal.Mesoderm 0 0 0 0 0 0 0.1273299 0.03694697 -0.03431653 0.01693172 0.9992676 -0.9994109 0 -0.03432145
Paraxial.mesoderm Erythroid1 0 0 0 0 0 0 0.1273299 0.0370258 -0.03431653 0.01693172 0.9992676 -0.9994109 0 -0.03432145
Paraxial.mesoderm Def.endoderm 0 0 0 0 0 0 0.09782878 0.1173591 0.09455039 0.5790171 0.8098145 -0.9932529 0 0.1159679
Paraxial.mesoderm Parietal.endoderm 0 0 0 0 0 0 0.1273299 0.02016908 -0.03431653 0.01693172 0.9992676 -0.9994109 0 -0.03432145
Paraxial.mesoderm Allantois 0 0 0 0 0 0 0.1198267 0.0619542 -0.6289607 0.05290691 0.7756348 -0.7767226 0 -0.6298428
Paraxial.mesoderm Anterior.Primitive.Streak 0 0 0 0 0 0 0.09695914 0.05076384 0.01599294 0.572042 0.8200684 -0.9998099 0 0.01949825
Paraxial.mesoderm Endothelium 0 0 0 0 0 0 0.1273299 0.0230972 -0.03431653 0.01693172 0.9992676 -0.9994109 0 -0.03432145
Paraxial.mesoderm Forebrain/Midbrain/Hindbrain 1516 7 1523 0.02470348 0.2640364 0.2028075 0.0935609 0.1218075 0.1616692 0.6826405 0.7126465 -0.9752203 0 0.221236
Paraxial.mesoderm Spinal.cord 0 0 0 0 0 0 0.09695914 0.04658008 0.01599294 0.572042 0.8200684 -0.9998099 0 0.01949825
Paraxial.mesoderm Cardiomyocytes 2 1 3 0.02549696 0.2152845 0.6903099 0.1184338 0.03693553 -0.4619934 0.3256035 -0.8249512 0.8724967 0 -0.4886201
Paraxial.mesoderm Erythroid2 0 0 0 0 0 0 0.1273299 0.02114138 -0.03431653 0.01693172 0.9992676 -0.9994109 0 -0.03432145
Paraxial.mesoderm NMP 0 0 0 0 0 0 0.1242631 0.04331845 0.06822697 0.1235493 0.9899902 -0.9976337 0 0.06875373
Paraxial.mesoderm Erythroid3 0 0 0 0 0 0 0.1273299 0.03596202 -0.03431653 0.01693172 0.9992676 -0.9994109 0 -0.03432145
Paraxial.mesoderm Neural.crest 0 0 0 0 0 0 0.1229708 0.01325686 -0.4001794 0.01801315 0.9162598 -0.9164084 0 -0.4002444
Caudal.neurectoderm Notochord 0 0 0 0 0 0 0.08237959 0.004717914 -0.03431653 0.01693172 0.9992676 -0.9994109 0 -0.03432145
Caudal.neurectoderm Somitic.mesoderm 0 0 0 0.0289098 0.2814869 0.2481966 0.1027039 0.1164794 0.2810331 0.09154117 0.9553223 -0.9593503 0 0.282218
Caudal.neurectoderm Caudal.Mesoderm 0 0 0 0 0 0 0.1121593 0.04796404 0.569857 0.03388599 0.8210449 -0.8215167 0 0.5701845
Caudal.neurectoderm Erythroid1 0 0 0 0 0 0 0.08237959 0.0370258 -0.03431653 0.01693172 0.9992676 -0.9994109 0 -0.03432145
Caudal.neurectoderm Def.endoderm 0 0 0 0.01861385 0.1743732 0.2020234 0.1067472 0.09213711 -0.9348913 0.1109171 0.3371582 -0.3392515 0 -0.9406958
Caudal.neurectoderm Parietal.endoderm 0 0 0 0.003508744 0.04182953 0.1507526 0.083882 0.02327484 -0.0522557 0.1195248 0.9914551 -0.9986139 0 -0.05263302
Caudal.neurectoderm Allantois 0 0 0 0 0 0 0.07239167 0.0698133 -0.267615 0.1216898 0.9558105 -0.9629672 0 -0.2696187
Caudal.neurectoderm Anterior.Primitive.Streak 0 2 2 0.01829918 0.1714194 0.3166467 0.1067509 0.05779055 -0.9466467 0.03322056 0.3205566 -0.3207336 0 -0.9471695
Caudal.neurectoderm Endothelium 0 0 0 0 0 0 0.08237959 0.0230972 -0.03431653 0.01693172 0.9992676 -0.9994109 0 -0.03432145
Caudal.neurectoderm Forebrain/Midbrain/Hindbrain 259 173 432 0.02074664 0.3409116 0.1345551 0.06085636 0.154187 0.4089106 0.1378709 -0.9020996 0.9107975 0 0.4128533
Caudal.neurectoderm Spinal.cord 163 354 517 0.01159868 0.1207626 0.2618126 0.09604529 0.04430145 -0.3312744 0.849369 -0.4108886 0.778494 0 -0.6276521
Caudal.neurectoderm Cardiomyocytes 1 0 1 0.007837445 0.08249258 0.1783039 0.09500788 0.04395554 0.06631152 0.3776181 0.923584 -0.9974325 0 0.07161369
Caudal.neurectoderm Erythroid2 0 0 0 0 0 0 0.08237959 0.02114138 -0.03431653 0.01693172 0.9992676 -0.9994109 0 -0.03432145
Caudal.neurectoderm NMP 144 21 165 0.02323518 0.2990979 0.3925517 0.07768419 0.05919012 -0.1549444 0.7208619 -0.6755371 0.9746903 0 -0.2235596
Caudal.neurectoderm Erythroid3 0 0 0 0 0 0 0.08237959 0.03596202 -0.03431653 0.01693172 0.9992676 -0.9994109 0 -0.03432145
Caudal.neurectoderm Neural.crest 0 0 0 0 0 0 0.06791646 0.01353259 -0.3573058 0.0458512 0.9328613 -0.9338435 0 -0.357682
Notochord Somitic.mesoderm 0 0 0 0 0 0 0.004717914 0.09019494 -0.03431653 0.01693172 0.9992676 -0.9994109 0 -0.03432145
Notochord Caudal.Mesoderm 0 0 0 0 0 0 0.004717914 0.03694697 -0.03431653 0.01693172 0.9992676 -0.9994109 0 -0.03432145
Notochord Erythroid1 0 0 0 0 0 0 0.004717914 0.0370258 -0.03431653 0.01693172 0.9992676 -0.9994109 0 -0.03432145
Notochord Def.endoderm 57 25 82 0.00179116 0.3318326 0.01457713 0.00539778 0.1228746 0.6341189 0.4522354 -0.6271971 0.7032158 0 0.7109765
Notochord Parietal.endoderm 0 0 0 0 0 0 0.004717914 0.02016908 -0.03431653 0.01693172 0.9992676 -0.9994109 0 -0.03432145
Notochord Allantois 0 0 0 0 0 0 0.004717914 0.06759906 -0.03431653 0.01693172 0.9992676 -0.9994109 0 -0.03432145
Notochord Anterior.Primitive.Streak 0 0 0 0 0 0 0.004717914 0.05351395 -0.03431653 0.01693172 0.9992676 -0.9994109 0 -0.03432145
Notochord Endothelium 0 0 0 0 0 0 0.004717914 0.0230972 -0.03431653 0.01693172 0.9992676 -0.9994109 0 -0.03432145
Notochord Forebrain/Midbrain/Hindbrain 0 0 0 0 0 0 0.004717914 0.1183032 -0.03431653 0.01693172 0.9992676 -0.9994109 0 -0.03432145
Notochord Spinal.cord 0 0 0 0 0 0 0.004717914 0.05654643 -0.03431653 0.01693172 0.9992676 -0.9994109 0 -0.03432145
Notochord Cardiomyocytes 0 0 0 0 0 0 0.004717914 0.02436689 -0.03431653 0.01693172 0.9992676 -0.9994109 0 -0.03432145
Notochord Erythroid2 0 0 0 0 0 0 0.004717914 0.02114138 -0.03431653 0.01693172 0.9992676 -0.9994109 0 -0.03432145
Notochord NMP 0 0 0 0 0 0 0.004717914 0.04528293 -0.03431653 0.01693172 0.9992676 -0.9994109 0 -0.03432145
Notochord Erythroid3 0 0 0 0 0 0 0.004717914 0.03596202 -0.03431653 0.01693172 0.9992676 -0.9994109 0 -0.03432145
Notochord Neural.crest 0 0 0 0 0 0 0.004717914 0.01598783 -0.03431653 0.01693172 0.9992676 -0.9994109 0 -0.03432145
Somitic.mesoderm Caudal.Mesoderm 189 409 598 0.02617919 0.2014662 0.6399019 0.1299433 0.04091126 -0.7345009 0.5382068 -0.4133301 0.4904175 0 -0.8714876
Somitic.mesoderm Erythroid1 0 0 0 0 0 0 0.09019494 0.0370258 -0.03431653 0.01693172 0.9992676 -0.9994109 0 -0.03432145
Somitic.mesoderm Def.endoderm 4 4 8 0.02500048 0.2088819 0.1557275 0.1196871 0.1605399 0.3215272 0.05887337 0.9450684 -0.9467105 0 0.3220858
Somitic.mesoderm Parietal.endoderm 0 0 0 0 0 0 0.1487826 0.00974837 0.8733603 0.08423122 0.4797363 -0.4814472 0 0.876475
Somitic.mesoderm Allantois 0 0 0 0 0 0 0.09019494 0.06759906 -0.03431653 0.01693172 0.9992676 -0.9994109 0 -0.03432145
Somitic.mesoderm Anterior.Primitive.Streak 0 0 0 0 0 0 0.09019494 0.05351395 -0.03431653 0.01693172 0.9992676 -0.9994109 0 -0.03432145
Somitic.mesoderm Endothelium 0 0 0 0 0 0 0.09019494 0.0230972 -0.03431653 0.01693172 0.9992676 -0.9994109 0 -0.03432145
Somitic.mesoderm Forebrain/Midbrain/Hindbrain 0 0 0 0 0 0 0.1196871 0.1150566 0.3215272 0.05887337 0.9450684 -0.9467105 0 0.3220858
Somitic.mesoderm Spinal.cord 0 0 0 0 0 0 0.1295363 0.06776617 0.4518901 0.03573929 0.8913574 -0.8919272 0 0.452179
Somitic.mesoderm Cardiomyocytes 0 0 0 0.01729159 0.1334884 0.3459343 0.1295363 0.0499852 0.4518901 0.03573929 0.8913574 -0.8919272 0 0.452179
Somitic.mesoderm Erythroid2 0 0 0 0 0 0 0.09019494 0.02114138 -0.03431653 0.01693172 0.9992676 -0.9994109 0 -0.03432145
Somitic.mesoderm NMP 57 14 71 0.01634772 0.3089702 0.2828143 0.05291035 0.05780373 -0.06243 0.9761848 0.2077637 -0.9576982 0 -0.2877745
Somitic.mesoderm Erythroid3 0 0 0 0 0 0 0.09019494 0.03596202 -0.03431653 0.01693172 0.9992676 -0.9994109 0 -0.03432145
Somitic.mesoderm Neural.crest 0 0 0 0 0 0 0.1026683 0.01758842 0.1077844 0.05883846 0.9924316 -0.994154 0 0.1079714
Caudal.Mesoderm Erythroid1 0 0 0 0 0 0 0.03694697 0.0370258 -0.03431653 0.01693172 0.9992676 -0.9994109 0 -0.03432145
Caudal.Mesoderm Def.endoderm 235 6 241 0.02257597 0.3097675 0.2466223 0.07288037 0.09154069 0.2351575 0.7522547 0.6154785 -0.9341391 0 0.356909
Caudal.Mesoderm Parietal.endoderm 0 0 0 0.0006223811 0.01442959 0.05375468 0.04313228 0.01157818 0.3927413 0.05137501 0.9182129 -0.919427 0 0.3932606
Caudal.Mesoderm Allantois 0 0 0 0 0 0 0.03694697 0.06759906 -0.03431653 0.01693172 0.9992676 -0.9994109 0 -0.03432145
Caudal.Mesoderm Anterior.Primitive.Streak 0 0 0 0 0 0 0.03705573 0.05208637 0.04742682 0.01380628 0.9987793 -0.9988745 0 0.04743133
Caudal.Mesoderm Endothelium 0 0 0 0 0 0 0.03694697 0.0230972 -0.03431653 0.01693172 0.9992676 -0.9994109 0 -0.03432145
Caudal.Mesoderm Forebrain/Midbrain/Hindbrain 0 0 0 0 0 0 0.04076503 0.1148356 0.3547372 0.01683701 0.9348145 -0.934947 0 0.3547874
Caudal.Mesoderm Spinal.cord 0 0 0 0 0 0 0.03759171 0.06160576 0.2073021 0.003277564 0.9782715 -0.9782767 0 0.2073032
Caudal.Mesoderm Cardiomyocytes 0 0 0 0 0 0 0.03694697 0.02436689 -0.03431653 0.01693172 0.9992676 -0.9994109 0 -0.03432145
Caudal.Mesoderm Erythroid2 0 0 0 0 0 0 0.03694697 0.02114138 -0.03431653 0.01693172 0.9992676 -0.9994109 0 -0.03432145
Caudal.Mesoderm NMP 450 306 756 0.01264929 0.430248 0.2506717 0.02939999 0.05046157 -0.01501084 0.1795047 -0.9836426 0.9998836 0 -0.01525869
Caudal.Mesoderm Erythroid3 0 0 0 0 0 0 0.03694697 0.03596202 -0.03431653 0.01693172 0.9992676 -0.9994109 0 -0.03432145
Caudal.Mesoderm Neural.crest 0 0 0 0 0 0 0.03694697 0.01598783 -0.03431653 0.01693172 0.9992676 -0.9994109 0 -0.03432145
Erythroid1 Def.endoderm 0 0 0 0 0 0 0.0370258 0.1573092 -0.03431653 0.01693172 0.9992676 -0.9994109 0 -0.03432145
Erythroid1 Parietal.endoderm 0 0 0 0 0 0 0.0370258 0.02016908 -0.03431653 0.01693172 0.9992676 -0.9994109 0 -0.03432145
Erythroid1 Allantois 0 0 0 0 0 0 0.0370258 0.06759906 -0.03431653 0.01693172 0.9992676 -0.9994109 0 -0.03432145
Erythroid1 Anterior.Primitive.Streak 0 0 0 0 0 0 0.0370258 0.05351395 -0.03431653 0.01693172 0.9992676 -0.9994109 0 -0.03432145
Erythroid1 Endothelium 0 0 0 0 0 0 0.0370258 0.0230972 -0.03431653 0.01693172 0.9992676 -0.9994109 0 -0.03432145
Erythroid1 Forebrain/Midbrain/Hindbrain 0 0 0 0 0 0 0.0370258 0.1183032 -0.03431653 0.01693172 0.9992676 -0.9994109 0 -0.03432145
Erythroid1 Spinal.cord 0 0 0 0 0 0 0.0370258 0.05654643 -0.03431653 0.01693172 0.9992676 -0.9994109 0 -0.03432145
Erythroid1 Cardiomyocytes 0 0 0 0 0 0 0.0370258 0.02436689 -0.03431653 0.01693172 0.9992676 -0.9994109 0 -0.03432145
Erythroid1 Erythroid2 182 159 341 0.004189264 0.09695084 0.1723109 0.04321019 0.02431225 -0.9920814 0.1011424 -0.07446285 0.07484667 0 -0.9971951
Erythroid1 NMP 0 0 0 0 0 0 0.0370258 0.04528293 -0.03431653 0.01693172 0.9992676 -0.9994109 0 -0.03432145
Erythroid1 Erythroid3 0 0 0 0 0 0 0.03976224 0.03973338 0.4518901 0.03573929 0.8913574 -0.8919272 0 0.452179
Erythroid1 Neural.crest 0 0 0 0 0 0 0.0370258 0.01598783 -0.03431653 0.01693172 0.9992676 -0.9994109 0 -0.03432145
Def.endoderm Parietal.endoderm 0 1 1 0.006979725 0.04398404 0.7222416 0.1586877 0.009663975 0.4518901 0.03573929 0.8913574 -0.8919272 0 0.452179
Def.endoderm Allantois 0 0 0 0 0 0 0.1290857 0.07530025 -0.3300464 0.3374392 0.8815918 -0.9365213 0 -0.3506107
Def.endoderm Anterior.Primitive.Streak 142 595 737 0.01352301 0.1192156 0.5385456 0.1134332 0.02511025 -0.02841646 0.9726068 -0.2307129 0.9925001 0 -0.1222443
Def.endoderm Endothelium 0 0 0 0 0 0 0.1294382 0.02395023 -0.2434996 0.3902198 0.8879395 -0.964395 0 -0.264466
Def.endoderm Forebrain/Midbrain/Hindbrain 1 0 1 0.02047187 0.2220154 0.09808291 0.09220923 0.20872 -0.9466467 0.03322056 0.3205566 -0.3207336 0 -0.9471695
Def.endoderm Spinal.cord 0 0 0 0 0 0 0.1320412 0.0733107 0.7923183 0.0008303243 0.6101074 -0.6101077 0 0.7923186
Def.endoderm Cardiomyocytes 0 0 0 0 0 0 0.1573092 0.02436689 -0.03431653 0.01693172 0.9992676 -0.9994109 0 -0.03432145
Def.endoderm Erythroid2 0 0 0 0 0 0 0.1573092 0.02114138 -0.03431653 0.01693172 0.9992676 -0.9994109 0 -0.03432145
Def.endoderm NMP 4 0 4 0.009592474 0.09685315 0.213104 0.09904142 0.04501311 -0.01161461 0.7486693 0.6628418 -0.9998465 0 -0.01751976
Def.endoderm Erythroid3 0 0 0 0 0 0 0.1529979 0.03534684 -0.06643912 0.06958211 0.9953613 -0.9977797 0 -0.06660055
Def.endoderm Neural.crest 0 0 0 0 0 0 0.1509278 0.01464685 -0.163272 0.004171492 0.9865723 -0.9865808 0 -0.1632735
Parietal.endoderm Allantois 0 0 0 0 0 0 0.02016908 0.06759906 -0.03431653 0.01693172 0.9992676 -0.9994109 0 -0.03432145
Parietal.endoderm Anterior.Primitive.Streak 2 9 11 0.0007251889 0.3131062 0.02412844 0.002316112 0.03005536 0.8532929 0.5184785 0.05541996 -0.06481179 0 0.9978976
Parietal.endoderm Endothelium 0 0 0 0 0 0 0.02016908 0.0230972 -0.03431653 0.01693172 0.9992676 -0.9994109 0 -0.03432145
Parietal.endoderm Forebrain/Midbrain/Hindbrain 0 0 0 0.002140194 0.1061127 0.01809076 0.02016908 0.1183032 -0.03431653 0.01693172 0.9992676 -0.9994109 0 -0.03432145
Parietal.endoderm Spinal.cord 0 0 0 0.0007719804 0.03827544 0.01365215 0.02016908 0.05654643 -0.03431653 0.01693172 0.9992676 -0.9994109 0 -0.03432145
Parietal.endoderm Cardiomyocytes 0 0 0 0 0 0 0.02016908 0.02436689 -0.03431653 0.01693172 0.9992676 -0.9994109 0 -0.03432145
Parietal.endoderm Erythroid2 0 0 0 0 0 0 0.02016908 0.02114138 -0.03431653 0.01693172 0.9992676 -0.9994109 0 -0.03432145
Parietal.endoderm NMP 0 0 0 0.001288898 0.06390466 0.02846323 0.02016908 0.04528293 -0.03431653 0.01693172 0.9992676 -0.9994109 0 -0.03432145
Parietal.endoderm Erythroid3 0 0 0 0 0 0 0.02016908 0.03596202 -0.03431653 0.01693172 0.9992676 -0.9994109 0 -0.03432145
Parietal.endoderm Neural.crest 0 0 0 0 0 0 0.02016908 0.01598783 -0.03431653 0.01693172 0.9992676 -0.9994109 0 -0.03432145
Allantois Anterior.Primitive.Streak 0 0 0 0 0 0 0.06983061 0.05796058 -0.2036511 0.1137582 0.9724121 -0.9787658 0 -0.2049817
Allantois Endothelium 1 0 1 0.001610697 0.04047559 0.1184737 0.03979428 0.0135954 -0.04784778 0.9858916 -0.1604004 0.9582729 0 -0.2858549
Allantois Forebrain/Midbrain/Hindbrain 0 0 0 0 0 0 0.06169638 0.1802265 -0.5963449 0.01955031 0.8024902 -0.8026436 0 -0.5964589
Allantois Spinal.cord 0 0 0 0 0 0 0.06935184 0.05595881 -0.06643912 0.06958211 0.9953613 -0.9977797 0 -0.06660055
Allantois Cardiomyocytes 0 0 0 0 0 0 0.06759906 0.02436689 -0.03431653 0.01693172 0.9992676 -0.9994109 0 -0.03432145
Allantois Erythroid2 0 0 0 0 0 0 0.06759906 0.02114138 -0.03431653 0.01693172 0.9992676 -0.9994109 0 -0.03432145
Allantois NMP 0 0 0 0 0 0 0.06759906 0.04528293 -0.03431653 0.01693172 0.9992676 -0.9994109 0 -0.03432145
Allantois Erythroid3 0 0 0 0 0 0 0.06759906 0.03596202 -0.03431653 0.01693172 0.9992676 -0.9994109 0 -0.03432145
Allantois Neural.crest 0 0 0 0 0 0 0.06759906 0.01598783 -0.03431653 0.01693172 0.9992676 -0.9994109 0 -0.03432145
Anterior.Primitive.Streak Endothelium 0 0 0 0 0 0 0.05351395 0.0230972 -0.03431653 0.01693172 0.9992676 -0.9994109 0 -0.03432145
Anterior.Primitive.Streak Forebrain/Midbrain/Hindbrain 2 0 2 0.02215125 0.3622808 0.1192959 0.06114385 0.1856832 -0.6510513 0.0009098255 0.7590332 -0.7590335 0 -0.6510516
Anterior.Primitive.Streak Spinal.cord 0 0 0 0 0 0 0.06077746 0.05616884 -0.4880287 0.006581897 0.8728027 -0.8728217 0 -0.4880393
Anterior.Primitive.Streak Cardiomyocytes 0 0 0 0 0 0 0.05351395 0.02436689 -0.03431653 0.01693172 0.9992676 -0.9994109 0 -0.03432145
Anterior.Primitive.Streak Erythroid2 0 0 0 0 0 0 0.05351395 0.02114138 -0.03431653 0.01693172 0.9992676 -0.9994109 0 -0.03432145
Anterior.Primitive.Streak NMP 0 0 0 0 0 0 0.05351395 0.04528293 -0.03431653 0.01693172 0.9992676 -0.9994109 0 -0.03432145
Anterior.Primitive.Streak Erythroid3 0 0 0 0 0 0 0.05351395 0.03596202 -0.03431653 0.01693172 0.9992676 -0.9994109 0 -0.03432145
Anterior.Primitive.Streak Neural.crest 0 0 0 0 0 0 0.05351395 0.01598783 -0.03431653 0.01693172 0.9992676 -0.9994109 0 -0.03432145
Endothelium Forebrain/Midbrain/Hindbrain 0 0 0 0 0 0 0.0230972 0.1183032 -0.03431653 0.01693172 0.9992676 -0.9994109 0 -0.03432145
Endothelium Spinal.cord 0 0 0 0 0 0 0.0230972 0.05654643 -0.03431653 0.01693172 0.9992676 -0.9994109 0 -0.03432145
Endothelium Cardiomyocytes 0 0 0 0 0 0 0.0230972 0.02436689 -0.03431653 0.01693172 0.9992676 -0.9994109 0 -0.03432145
Endothelium Erythroid2 0 0 0 0 0 0 0.0230972 0.02114138 -0.03431653 0.01693172 0.9992676 -0.9994109 0 -0.03432145
Endothelium NMP 0 0 0 0 0 0 0.0230972 0.04528293 -0.03431653 0.01693172 0.9992676 -0.9994109 0 -0.03432145
Endothelium Erythroid3 0 0 0 0 0 0 0.02306575 0.03097213 -0.3232228 0.1158166 0.939209 -0.9455721 0 -0.3254126
Endothelium Neural.crest 0 0 0 0 0 0 0.0230972 0.01598783 -0.03431653 0.01693172 0.9992676 -0.9994109 0 -0.03432145
Forebrain/Midbrain/Hindbrain Spinal.cord 279 385 664 0.008495796 0.06081223 0.1740349 0.1397054 0.04881663 0.4874801 0.8727432 0.02612301 -0.05351108 0 0.9985673
Forebrain/Midbrain/Hindbrain Cardiomyocytes 0 0 0 0 0 0 0.1138551 0.02713569 0.04742682 0.01380628 0.9987793 -0.9988745 0 0.04743133
Forebrain/Midbrain/Hindbrain Erythroid2 0 0 0 0 0 0 0.1183032 0.02114138 -0.03431653 0.01693172 0.9992676 -0.9994109 0 -0.03432145
Forebrain/Midbrain/Hindbrain NMP 2 86 88 0.004429413 0.03309519 0.07093359 0.1338386 0.06244452 0.3885726 0.6799585 0.6218262 -0.8480405 0 0.5299315
Forebrain/Midbrain/Hindbrain Erythroid3 0 0 0 0 0 0 0.1183032 0.03596202 -0.03431653 0.01693172 0.9992676 -0.9994109 0 -0.03432145
Forebrain/Midbrain/Hindbrain Neural.crest 117 168 285 0.003526896 0.02445239 0.334088 0.1442352 0.01055679 -0.3799918 0.9141249 0.1413574 -0.3486581 0 -0.93725
Spinal.cord Cardiomyocytes 0 0 0 0 0 0 0.05690957 0.02713569 0.04742682 0.01380628 0.9987793 -0.9988745 0 0.04743133
Spinal.cord Erythroid2 0 0 0 0 0 0 0.05654643 0.02114138 -0.03431653 0.01693172 0.9992676 -0.9994109 0 -0.03432145
Spinal.cord NMP 37 120 157 0.006282119 0.1151741 0.06419168 0.05454453 0.09786502 0.7263591 0.5254059 -0.4431151 0.5207901 0 0.8536847
Spinal.cord Erythroid3 0 0 0 0 0 0 0.05654643 0.03596202 -0.03431653 0.01693172 0.9992676 -0.9994109 0 -0.03432145
Spinal.cord Neural.crest 3 7 10 0.01233987 0.1806171 0.5605529 0.06832059 0.02201375 0.6910905 0.3642579 0.6242676 -0.6703199 0 0.7420723
Cardiomyocytes Erythroid2 0 0 0 0 0 0 0.02436689 0.02114138 -0.03431653 0.01693172 0.9992676 -0.9994109 0 -0.03432145
Cardiomyocytes NMP 0 0 0 0 0 0 0.02436689 0.04528293 -0.03431653 0.01693172 0.9992676 -0.9994109 0 -0.03432145
Cardiomyocytes Erythroid3 0 0 0 0 0 0 0.02436689 0.03596202 -0.03431653 0.01693172 0.9992676 -0.9994109 0 -0.03432145
Cardiomyocytes Neural.crest 0 0 0 0 0 0 0.02713569 0.01683602 0.04742682 0.01380628 0.9987793 -0.9988745 0 0.04743133
Erythroid2 NMP 0 0 0 0 0 0 0.02114138 0.04528293 -0.03431653 0.01693172 0.9992676 -0.9994109 0 -0.03432145
Erythroid2 Erythroid3 399 195 594 0.007976442 0.4472004 0.2483678 0.01783639 0.03211544 0.7757911 0.6275627 0.06567381 -0.08435228 0 0.9964359
Erythroid2 Neural.crest 0 0 0 0 0 0 0.02114138 0.01598783 -0.03431653 0.01693172 0.9992676 -0.9994109 0 -0.03432145
NMP Erythroid3 0 0 0 0 0 0 0.04528293 0.03596202 -0.03431653 0.01693172 0.9992676 -0.9994109 0 -0.03432145
NMP Neural.crest 0 0 0 0 0 0 0.04528293 0.01598783 -0.03431653 0.01693172 0.9992676 -0.9994109 0 -0.03432145
Erythroid3 Neural.crest 0 0 0 0 0 0 0.03596202 0.01598783 -0.03431653 0.01693172 0.9992676 -0.9994109 0 -0.03432145
