5 2 1372 3067 4439 0.01693977 0.3346601 0.5086734
5 0 0 0 0 0 0 0
5 9 2472 1383 3855 0.007699064 0.1521018 0.48357
5 17 0 0 0 0 0 0
5 3 0 0 0 0 0 0
5 18 0 0 0 0 0 0
5 7 1 2 3 0.00151122 0.02985548 0.02981774
5 10 1286 4964 6250 0.02702543 0.5339113 0.7116886
5 11 0 0 0 0 0 0
5 8 19 0 19 0.008116542 0.1603495 0.1131595
5 12 4 4 8 0.01929498 0.3811894 0.2185819
5 1 537 0 537 0.02827528 0.558603 0.1620524
5 4 0 0 0 0 0 0
5 14 1 2 3 0.01656845 0.3273244 0.1175273
5 15 0 486 486 0.01898939 0.3751521 0.1644518
5 13 46 821 867 0.02322266 0.4587842 0.2595181
5 20 1 1 2 0.02221024 0.4387829 0.2726189
5 6 0 3857 3857 0.01173728 0.2318802 0.465053
5 19 0 0 0 0 0 0
5 16 0 0 0 0 0 0
2 0 0 0 0 0 0 0
2 9 2218 1308 3526 0.006600259 0.1981949 0.4145553
2 17 0 0 0 0 0 0
2 3 0 0 0 0 0 0
2 18 0 0 0 0 0 0
2 7 2133 566 2699 0.009491483 0.2850136 0.1872755
2 10 4790 2252 7042 0.01996314 0.5994604 0.52571
2 11 0 0 0 0 0 0
2 8 2541 0 2541 0.01588801 0.4770907 0.2215079
2 12 1248 272 1520 0.01109436 0.3331453 0.1256817
2 1 8017 0 8017 0.02993543 0.8989117 0.1715671
2 4 0 0 0 0 0 0
2 14 1817 0 1817 0.01166157 0.3501778 0.08272067
2 15 1627 72 1699 0.01135955 0.3411085 0.0983759
2 13 2783 757 3540 0.01785332 0.5361059 0.1995146
2 20 553 1 554 0.00825571 0.2479054 0.1013345
2 6 0 0 0 0 0 0
2 19 0 0 0 0 0 0
2 16 0 0 0 0 0 0
0 9 0 0 0 0 0 0
0 17 0 0 0 0 0 0
0 3 0 0 0 0 0 0
0 18 356 1761 2117 0.008697011 0.2765503 0.7729354
0 7 0 0 0 0 0 0
0 10 0 0 0 0 0 0
0 11 0 0 0 0 0 0
0 8 0 0 0 0 0 0
0 12 0 0 0 0 0 0
0 1 0 0 0 0 0 0
0 4 0 0 0 0 0 0
0 14 0 0 0 0 0 0
0 15 0 0 0 0 0 0
0 13 0 0 0 0 0 0
0 20 0 0 0 0 0 0
0 6 0 0 0 0 0 0
0 19 0 0 0 0 0 0
0 16 0 0 0 0 0 0
9 17 0 0 0 0 0 0
9 3 0 0 0 0 0 0
9 18 0 0 0 0 0 0
9 7 0 0 0 0 0 0
9 10 251 118 369 0.003749316 0.2354906 0.09873459
9 11 0 0 0 0 0 0
9 8 0 0 0 0 0 0
9 12 0 0 0 0 0 0
9 1 219 0 219 0.003726212 0.2340394 0.02135581
9 4 0 0 0 0 0 0
9 14 0 0 0 0 0 0
9 15 0 0 0 0 0 0
9 13 0 0 0 0 0 0
9 20 0 0 0 0 0 0
9 6 0 0 0 0 0 0
9 19 0 0 0 0 0 0
9 16 0 0 0 0 0 0
17 3 138 1174 1312 0.0052969 0.2126656 0.1754157
17 18 0 0 0 0 0 0
17 7 0 0 0 0 0 0
17 10 0 0 0 0 0 0
17 11 0 0 0 0 0 0
17 8 0 0 0 0 0 0
17 12 0 0 0 0 0 0
17 1 0 0 0 0 0 0
17 4 0 0 0 0 0 0
17 14 0 0 0 0 0 0
17 15 0 13 13 3.80653E-05 0.001528286 0.000329653
17 13 33 45 78 0.001455251 0.05842699 0.01626274
17 20 0 0 0 0 0 0
17 6 0 0 0 0 0 0
17 19 0 0 0 0 0 0
17 16 0 0 0 0 0 0
3 18 0 0 0 0 0 0
3 7 0 0 0 0 0 0
3 10 0 0 0 0 0 0
3 11 0 0 0 0 0 0
3 8 0 0 0 0 0 0
3 12 0 0 0 0 0 0
3 1 0 0 0 0 0 0
3 4 0 0 0 0 0 0
3 14 0 0 0 0 0 0
3 15 0 0 0 0 0 0
3 13 0 0 0 0 0 0
3 20 0 0 0 0 0 0
3 6 0 0 0 0 0 0
3 19 0 0 0 0 0 0
3 16 0 0 0 0 0 0
18 7 0 0 0 0 0 0
18 10 0 0 0 0 0 0
18 11 0 0 0 0 0 0
18 8 0 0 0 0 0 0
18 12 0 0 0 0 0 0
18 1 0 0 0 0 0 0
18 4 0 0 0 0 0 0
18 14 0 0 0 0 0 0
18 15 0 0 0 0 0 0
18 13 0 0 0 0 0 0
18 20 13 0 13 4.871345E-05 0.004329344 0.0005979318
18 6 0 0 0 0 0 0
18 19 0 0 0 0 0 0
18 16 0 0 0 0 0 0
7 10 5 444 449 0.003963772 0.0782088 0.1043821
7 11 0 0 0 0 0 0
7 8 6063 2869 8932 0.04249307 0.8384268 0.5924312
7 12 1795 509 2304 0.0279021 0.5505337 0.316087
7 1 6873 1480 8353 0.04590492 0.9057457 0.2630921
7 4 334 2320 2654 0.01292125 0.254948 0.3664691
7 14 6928 224 7152 0.04954269 0.9775221 0.3514281
7 15 6716 403 7119 0.04069276 0.802905 0.3524073
7 13 896 123 1019 0.01124768 0.2219269 0.1256951
7 20 1525 1 1526 0.01485111 0.2930259 0.1822896
7 6 0 0 0 0 0 0
7 19 233 0 233 0.01134188 0.2237857 0.2084814
7 16 0 0 0 0 0 0
10 11 0 0 0 0 0 0
10 8 2218 0 2218 0.01238924 0.3262587 0.1727287
10 12 5243 386 5629 0.02498537 0.6579654 0.2830451
10 1 5921 0 5921 0.03366959 0.8866561 0.1929685
10 4 0 0 0 0 0 0
10 14 4908 2 4910 0.02267784 0.5971988 0.1608639
10 15 4991 559 5550 0.02388998 0.6291196 0.206892
10 13 5624 483 6107 0.02782333 0.7327003 0.3109315
10 20 4898 1 4899 0.02195756 0.578231 0.2695174
10 6 776 1981 2757 0.007557244 0.1990127 0.2994322
10 19 0 0 0 0 0 0
10 16 0 0 0 0 0 0
11 8 0 0 0 0 0 0
11 12 0 0 0 0 0 0
11 1 0 0 0 0 0 0
11 4 0 0 0 0 0 0
11 14 108 74 182 0.000454782 0.01928851 0.003225969
11 15 0 0 0 0 0 0
11 13 0 0 0 0 0 0
11 20 0 0 0 0 0 0
11 6 0 0 0 0 0 0
11 19 0 0 0 0 0 0
11 16 214 133 347 0.001245509 0.05282536 0.08822609
8 12 5104 2320 7424 0.0488002 0.6803641 0.5528298
8 1 2778 1309 4087 0.05408663 0.7540666 0.3099834
8 4 1161 1243 2404 0.01091489 0.1521736 0.3095652
8 14 4107 130 4237 0.0560398 0.7812974 0.397515
8 15 3097 484 3581 0.05063299 0.7059166 0.4384916
8 13 2 629 631 0.02457303 0.342593 0.2746087
8 20 532 1 533 0.02832367 0.3948839 0.3476581
8 6 0 0 0 0 0 0
8 19 4274 0 4274 0.02029718 0.2829798 0.3730936
8 16 0 0 0 0 0 0
12 1 2387 252 2639 0.05595769 0.6339129 0.3207069
12 4 1 2073 2074 0.00906903 0.1027379 0.2572134
12 14 3227 7 3234 0.0655159 0.7421925 0.4647331
12 15 3708 1974 5682 0.06369091 0.7215182 0.5515758
12 13 2775 248 3023 0.04261042 0.4827093 0.4761804
12 20 4912 0 4912 0.0550892 0.6240743 0.6761907
12 6 55 4567 4622 0.01402989 0.1589367 0.5558909
12 19 1559 0 1559 0.02446921 0.2771978 0.449782
12 16 0 0 0 0 0 0
1 4 595 1780 2375 0.01364547 0.07820544 0.3870092
1 14 5190 2002 7192 0.1054438 0.6043234 0.7479591
1 15 4348 3676 8024 0.09578609 0.548973 0.8295264
1 13 1 1705 1706 0.05824616 0.3338226 0.650913
1 20 93 2 95 0.04032917 0.2311361 0.4950191
1 6 0 2706 2706 0.009016882 0.0516779 0.3572659
1 19 183 99 282 0.01150985 0.06596572 0.211569
1 16 0 0 0 0 0 0
4 14 3738 632 4370 0.02135874 0.6057708 0.1515069
4 15 333 0 333 0.007678492 0.2177754 0.06649724
4 13 0 0 0 0 0 0
4 20 0 0 0 0 0 0
4 6 0 0 0 0 0 0
4 19 7071 165 7236 0.02901395 0.8228861 0.5333215
4 16 0 0 0 0 0 0
14 15 1388 3201 4589 0.09771197 0.693114 0.8462048
14 13 5 320 325 0.04913386 0.3485281 0.5490811
14 20 3 1 4 0.04393249 0.3116325 0.539248
14 6 1 2825 2826 0.009535304 0.06763811 0.3778067
14 19 551 515 1066 0.02333463 0.1655228 0.4289267
14 16 0 0 0 0 0 0
15 13 3574 150 3724 0.05282851 0.4575052 0.5903696
15 20 833 1 834 0.05085329 0.4403995 0.6241972
15 6 104 4876 4980 0.01601471 0.1386905 0.6345329
15 19 1 8 9 0.006792281 0.05882249 0.1248527
15 16 0 0 0 0 0 0
13 20 5 1 6 0.03306716 0.3695324 0.4058819
13 6 1 2839 2840 0.009762384 0.1090967 0.386804
13 19 0 0 0 0 0 0
13 16 0 0 0 0 0 0
20 6 0 5596 5596 0.01879463 0.2306941 0.7446786
20 19 0 1 1 0.005536287 0.06795499 0.1017655
20 16 0 0 0 0 0 0
6 19 193 1 194 0.001041999 0.04128597 0.01915356
6 16 0 0 0 0 0 0
19 16 0 0 0 0 0 0
