Endothelial.cells Definitive.erythroid.lineage 0 0 0 0.07840548 0.04734403 -0.4001794 0.01801315 0.9162598 -0.9164084 0 -0.4002444
Endothelial.cells Neural.progenitor.cells 0 0 0 0.02518193 0.03218849 -0.03431653 0.01693172 0.9992676 -0.9994109 0 -0.03432145
Endothelial.cells Connective.tissue.progenitors 0.01667054 0.6177398 0.2329936 0.02698635 0.07154937 -0.04178947 0.1348071 -0.9899902 0.9991103 0 -0.04217444
Endothelial.cells Sensory.neurons 0 0 0 0.02518193 0.1166176 -0.03431653 0.01693172 0.9992676 -0.9994109 0 -0.03432145
Endothelial.cells Ependymal.cell 0.001054609 0.02227608 0.008908763 0.04734267 0.1183788 0.3585721 0.09682696 0.9284668 -0.93285 0 0.3602649
Endothelial.cells Limb.mesenchyme 0.001434781 0.03546785 0.02222494 0.040453 0.06455725 0.3431962 0.5840508 0.7355957 -0.9062217 0 0.4228027
Endothelial.cells Epithelial.cells 0.009604249 0.2713763 0.03006765 0.03539089 0.3194213 0.2401736 0.9159328 -0.3215333 0.8011662 0 0.5984418
Endothelial.cells Chondrocytes.&.osteoblasts 0.01347932 0.5309994 0.09462881 0.02538481 0.1424441 -0.01288601 0.06498964 0.9978027 -0.9999166 0 -0.01291331
Endothelial.cells Early.mesenchyme 0.00441848 0.1024809 0.05677677 0.04311518 0.07782197 0.390893 0.6360824 0.6652832 -0.8621889 0 0.5065868
Endothelial.cells Melanocytes 0.006499303 0.1407968 0.09220945 0.04616087 0.07048412 0.4247407 0.541733 0.7253418 -0.8629364 0 0.5053124
Endothelial.cells Radial.glia 0 0 0 0.02518193 0.04248907 -0.03431653 0.01693172 0.9992676 -0.9994109 0 -0.03432145
Endothelial.cells Neural.Tube 0.001227704 0.02964502 0.01642632 0.04141348 0.07474001 0.1616692 0.6826405 0.7126465 -0.9752203 0 0.221236
Endothelial.cells Schwann.cell.precursor 0.0002833719 0.007476877 0.001332554 0.03789977 0.2126532 0.2274065 0.9408371 -0.2512207 0.7413719 0 0.6710944
Endothelial.cells Myocytes 0.01966968 0.9975645 0.1022711 0.0197177 0.1923288 0.09735354 0.3149809 -0.9440918 0.9947253 0 0.1025748
Endothelial.cells Excitatory.neurons 0.0009438281 0.02666867 0.00303501 0.03539089 0.3109802 0.2401736 0.9159328 -0.3215333 0.8011662 0 0.5984418
Endothelial.cells Oligodendrocyte.Progenitors 0.00503005 0.2204473 0.04493309 0.02281747 0.1119453 0.02592657 0.06097143 -0.9978027 0.9996626 0 0.0259749
Endothelial.cells Intermediate.Mesoderm 0.0197177 1 0.08374156 0.0197177 0.2354589 0.09735354 0.3149809 -0.9440918 0.9947253 0 0.1025748
Endothelial.cells Jaw.and.tooth.progenitors 0.007728972 0.3916589 0.09352662 0.01973394 0.08263928 0.08225829 0.2247108 -0.9709473 0.9964305 0 0.08441722
Endothelial.cells Inhibitory.neurons 0 0 0 0.02518193 0.02026667 -0.03431653 0.01693172 0.9992676 -0.9994109 0 -0.03432145
Endothelial.cells Primitive.erythroid.lineage 0.005034265 0.2191636 0.347784 0.02297035 0.01447527 0.02825321 0.2099914 -0.9772949 0.9995824 0 0.02889754
Endothelial.cells Inhibitory.interneurons 0 0 0 0.02518193 0.01852104 -0.03431653 0.01693172 0.9992676 -0.9994109 0 -0.03432145
Endothelial.cells Osteoblasts 0.01779949 0.2288465 0.05161744 0.07777917 0.3448348 0.6066954 0.1926376 0.7712402 -0.7859613 0 0.6182757
Endothelial.cells Lens 0 0 0 0.05985628 0.022464 -0.2472899 0.07461375 0.9660645 -0.9687648 0 -0.2479811
Endothelial.cells Chondroctye.progenitors 0.00487314 0.1073885 0.05969915 0.0453786 0.0816283 0.4339459 0.6765358 0.5949707 -0.8079344 0 0.5892724
Endothelial.cells Postmitotic.premature.neurons 0 0 0 0.02518193 0.03514274 -0.03431653 0.01693172 0.9992676 -0.9994109 0 -0.03432145
Endothelial.cells Stromal.cells 0.01157227 0.4838524 0.04122321 0.02391694 0.2807222 0.03704995 0.00957133 -0.9992676 0.9993133 0 0.03705164
Endothelial.cells Inhibitory.neuron.progenitors 0 0 0 0.02518193 0.01898637 -0.03431653 0.01693172 0.9992676 -0.9994109 0 -0.03432145
Endothelial.cells Cholinergic.neurons 0 0 0 0.02518193 0.01146259 -0.03431653 0.01693172 0.9992676 -0.9994109 0 -0.03432145
Endothelial.cells Granule.neurons 0 0 0 0.04322708 0.04445375 -0.163272 0.004171492 0.9865723 -0.9865808 0 -0.1632735
Endothelial.cells Notochord.cells 0 0 0 0.02518193 0.03686045 -0.03431653 0.01693172 0.9992676 -0.9994109 0 -0.03432145
Endothelial.cells Premature.oligodendrocyte 0.003551323 0.1003457 0.0161575 0.03539089 0.2197941 0.2401736 0.9159328 -0.3215333 0.8011662 0 0.5984418
Endothelial.cells Isthmic.organizer.cells 0.004229625 0.1193501 0.02530876 0.03543879 0.167121 0.2450287 0.3779277 0.8928223 -0.9643426 0 0.264657
Endothelial.cells White.blood.cells 0.009229396 0.4676915 0.219658 0.01973394 0.04201711 0.08225829 0.2247108 -0.9709473 0.9964305 0 0.08441722
Endothelial.cells Cardiac.muscle.lineages 0.003906708 0.08878915 0.08423643 0.04399984 0.04637789 0.358859 0.2264027 0.9055176 -0.9296573 0 0.3684256
Endothelial.cells Megakaryocytes 0.004644203 0.08850013 0.2724788 0.05247679 0.01704427 0.5170336 0.8360976 0.1833496 -0.3342254 0 0.9424932
Endothelial.cells Hepatocytes 0.008741993 0.4429928 0.0765155 0.01973394 0.1142513 0.08225829 0.2247108 -0.9709473 0.9964305 0 0.08441722
Definitive.erythroid.lineage Neural.progenitor.cells 0 0 0 0.04375856 0.03218849 -0.03431653 0.01693172 0.9992676 -0.9994109 0 -0.03432145
Definitive.erythroid.lineage Connective.tissue.progenitors 0.00214776 0.08996531 0.02360473 0.02387321 0.09098855 -0.1887233 0.8502091 -0.4914551 0.9335352 0 -0.358486
Definitive.erythroid.lineage Sensory.neurons 0 0 0 0.04517859 0.1069942 -0.1153257 0.02846082 0.9929199 -0.9933223 0 -0.1153724
Definitive.erythroid.lineage Ependymal.cell 0 0 0 0.0314992 0.118194 0.569857 0.03388599 0.8210449 -0.8215167 0 0.5701845
Definitive.erythroid.lineage Limb.mesenchyme 0.0007954055 0.02277011 0.01953864 0.034932 0.04070937 0.9798083 0.1931892 0.05151371 -0.05250277 0 0.9986207
Definitive.erythroid.lineage Epithelial.cells 0.008761953 1 0.02673467 0.008761953 0.3277374 0.4462402 0.8852579 -0.1311035 0.2818822 0 0.959449
Definitive.erythroid.lineage Chondrocytes.&.osteoblasts 0.004561812 0.4136547 0.02091445 0.01102807 0.2181177 0.5740326 0.8183676 -0.02758789 0.04800439 0 0.9988471
Definitive.erythroid.lineage Early.mesenchyme 0.001714664 0.1243095 0.01236275 0.01379351 0.138696 0.6401166 0.7681991 -0.01098627 0.01716039 0 0.9998527
Definitive.erythroid.lineage Melanocytes 0.004129196 0.1482048 0.04623301 0.02786143 0.08931272 -0.76491 0.03262137 -0.6433105 0.6436531 0 -0.7653174
Definitive.erythroid.lineage Radial.glia 0 0 0 0.04375856 0.04248907 -0.03431653 0.01693172 0.9992676 -0.9994109 0 -0.03432145
Definitive.erythroid.lineage Neural.Tube 0.0005746781 0.05480959 0.003732316 0.01048499 0.1539736 0.5464944 0.8344438 -0.07104491 0.1289164 0 0.9916555
Definitive.erythroid.lineage Schwann.cell.precursor 0.002282756 0.2177165 0.0100948 0.01048499 0.226132 0.5464944 0.8344438 -0.07104491 0.1289164 0 0.9916555
Definitive.erythroid.lineage Myocytes 0.008761953 1 0.03664912 0.008761953 0.2390768 0.4462402 0.8852579 -0.1311035 0.2818822 0 0.959449
Definitive.erythroid.lineage Excitatory.neurons 0.0028176 0.2554935 0.01070326 0.01102807 0.2632468 0.5740326 0.8183676 -0.02758789 0.04800439 0 0.9988471
Definitive.erythroid.lineage Oligodendrocyte.Progenitors 0.002365875 0.225644 0.008192437 0.01048499 0.2887877 0.5464944 0.8344438 -0.07104491 0.1289164 0 0.9916555
Definitive.erythroid.lineage Intermediate.Mesoderm 0.006415496 0.501024 0.02164601 0.01280477 0.2963824 0.4983387 0.8363914 -0.2282715 0.416453 0 0.9091573
Definitive.erythroid.lineage Jaw.and.tooth.progenitors 5.482449E-05 0.001879359 0.0005226111 0.0291719 0.1049049 -0.6278604 0.3383663 -0.7009277 0.7448639 0 -0.6672165
Definitive.erythroid.lineage Inhibitory.neurons 0 0 0 0.04375856 0.02026667 -0.03431653 0.01693172 0.9992676 -0.9994109 0 -0.03432145
Definitive.erythroid.lineage Primitive.erythroid.lineage 0.003136327 0.3244537 0.1864917 0.009666486 0.01681751 0.3384471 0.9213635 -0.1911621 0.4917958 0 0.8707106
Definitive.erythroid.lineage Inhibitory.interneurons 0 0 0 0.04375856 0.01852104 -0.03431653 0.01693172 0.9992676 -0.9994109 0 -0.03432145
Definitive.erythroid.lineage Osteoblasts 0.008761953 1 0.0238902 0.008761953 0.3667593 0.4462402 0.8852579 -0.1311035 0.2818822 0 0.959449
Definitive.erythroid.lineage Lens 0 0 0 0.04933088 0.01817534 -0.4191188 0.2005808 0.885498 -0.9038672 0 -0.4278132
Definitive.erythroid.lineage Chondroctye.progenitors 0 0 0 0.0470847 0.1031204 -0.9203315 0.01453558 0.3908691 -0.3909104 0 -0.9204288
Definitive.erythroid.lineage Postmitotic.premature.neurons 0 0 0 0.04375856 0.03514274 -0.03431653 0.01693172 0.9992676 -0.9994109 0 -0.03432145
Definitive.erythroid.lineage Stromal.cells 0.002269704 0.2391414 0.008648067 0.009491052 0.2624522 0.3555141 0.9314613 -0.07739252 0.21271 0 0.9771154
Definitive.erythroid.lineage Inhibitory.neuron.progenitors 0 0 0 0.04375856 0.01898637 -0.03431653 0.01693172 0.9992676 -0.9994109 0 -0.03432145
Definitive.erythroid.lineage Cholinergic.neurons 0 0 0 0.04375856 0.01146259 -0.03431653 0.01693172 0.9992676 -0.9994109 0 -0.03432145
Definitive.erythroid.lineage Granule.neurons 0 0 0 0.04863164 0.02999125 -0.328724 0.1702439 0.9289551 -0.942717 0 -0.3335938
Definitive.erythroid.lineage Notochord.cells 0 0 0 0.04834733 0.03683253 -0.2756583 0.1730177 0.9455566 -0.9600352 0 -0.2798792
Definitive.erythroid.lineage Premature.oligodendrocyte 0.00268117 0.09853422 0.03606372 0.02721054 0.07434535 0.7698446 0.04021977 0.6369629 -0.6374787 0 0.770468
Definitive.erythroid.lineage Isthmic.organizer.cells 0.001251003 0.1193137 0.006158815 0.01048499 0.203124 0.5464944 0.8344438 -0.07104491 0.1289164 0 0.9916555
Definitive.erythroid.lineage White.blood.cells 0.004577984 0.4151212 0.1105622 0.01102807 0.04140642 0.5740326 0.8183676 -0.02758789 0.04800439 0 0.9988471
Definitive.erythroid.lineage Cardiac.muscle.lineages 0 0 0 0.04827186 0.07909219 -0.5698377 0.06613297 0.8190918 -0.8208889 0 -0.571088
Definitive.erythroid.lineage Megakaryocytes 0.005832311 0.4615524 0.2921996 0.01263629 0.01996003 0.6241196 0.7790732 0.0593262 -0.09462927 0 0.9955125
Definitive.erythroid.lineage Hepatocytes 0.008686909 0.2977834 0.08647452 0.0291719 0.1004563 -0.6278604 0.3383663 -0.7009277 0.7448639 0 -0.6672165
Neural.progenitor.cells Connective.tissue.progenitors 0 0 0 0.03218849 0.06874802 -0.03431653 0.01693172 0.9992676 -0.9994109 0 -0.03432145
Neural.progenitor.cells Sensory.neurons 0.01615355 0.2506923 0.1728306 0.06443577 0.09346464 -0.5360071 0.7696365 -0.3469238 0.5433569 0 -0.8395018
Neural.progenitor.cells Ependymal.cell 0.01578271 0.3169942 0.1303037 0.04978862 0.1211225 -0.280432 0.3385359 0.8981934 -0.9545566 0 -0.2980296
Neural.progenitor.cells Limb.mesenchyme 0.002695372 0.04385332 0.07131303 0.06146336 0.03779635 -0.8043286 0.273325 0.5275878 -0.5484727 0 -0.8361685
Neural.progenitor.cells Epithelial.cells 0.01697801 0.514624 0.04054719 0.0329911 0.4187224 -0.1540272 0.1550202 -0.9758301 0.987771 0 -0.155912
Neural.progenitor.cells Chondrocytes.&.osteoblasts 0.006763953 0.1214085 0.04509186 0.05571237 0.1500039 -0.6668757 0.2209135 0.7116699 -0.7296983 0 -0.6837693
Neural.progenitor.cells Early.mesenchyme 0.0005148143 0.005960278 0.006714299 0.08637422 0.07667432 -0.3367673 0.8663158 0.3688965 -0.7385366 0 -0.6742134
Neural.progenitor.cells Melanocytes 0.0003964288 0.007403429 0.003349198 0.05354665 0.1183653 0.2810331 0.09154117 0.9553223 -0.9593503 0 0.282218
Neural.progenitor.cells Radial.glia 0.02292114 0.5056805 0.5579399 0.04532731 0.04108173 -0.4230307 0.1366509 0.895752 -0.9042343 0 -0.4270366
Neural.progenitor.cells Neural.Tube 0.01720417 0.256846 0.1681451 0.06698242 0.1023174 -0.2727041 0.5848631 0.763916 -0.94179 0 -0.3362018
Neural.progenitor.cells Schwann.cell.precursor 0.03093632 1 0.09288877 0.03093632 0.333047 0.03704995 0.00957133 -0.9992676 0.9993133 0 0.03705164
Neural.progenitor.cells Myocytes 0.001899392 0.04640666 0.01219294 0.0409293 0.155778 -0.2420993 0.3645291 -0.8991699 0.9656117 0 -0.2599885
Neural.progenitor.cells Excitatory.neurons 0.02737582 0.6962177 0.2318352 0.03932077 0.1180831 -0.2180506 0.1634182 0.9621582 -0.9752688 0 -0.2210218
Neural.progenitor.cells Oligodendrocyte.Progenitors 0.02377904 0.7207712 0.2142892 0.0329911 0.110967 -0.1540272 0.1550202 -0.9758301 0.987771 0 -0.155912
Neural.progenitor.cells Intermediate.Mesoderm 0.003626575 0.1120032 0.01406897 0.0323792 0.2577713 -0.1153257 0.02846082 0.9929199 -0.9933223 0 -0.1153724
Neural.progenitor.cells Jaw.and.tooth.progenitors 0 0 0 0.03218849 0.084637 -0.03431653 0.01693172 0.9992676 -0.9994109 0 -0.03432145
Neural.progenitor.cells Inhibitory.neurons 0.007200104 0.1649566 0.4414727 0.04364847 0.01630929 -0.05303492 0.1855574 0.9812012 -0.9985424 0 -0.05397223
Neural.progenitor.cells Primitive.erythroid.lineage 0 0 0 0.03218849 0.0232434 -0.03431653 0.01693172 0.9992676 -0.9994109 0 -0.03432145
Neural.progenitor.cells Inhibitory.interneurons 0.004558322 0.05026378 0.2280094 0.090688 0.01999181 0.1234206 0.8153408 -0.5656738 0.9770154 0 0.2131685
Neural.progenitor.cells Osteoblasts 0.01369975 0.4428372 0.03512637 0.03093632 0.3900133 0.03704995 0.00957133 -0.9992676 0.9993133 0 0.03705164
Neural.progenitor.cells Lens 0 0 0 0.03218849 0.02520848 -0.03431653 0.01693172 0.9992676 -0.9994109 0 -0.03432145
Neural.progenitor.cells Chondroctye.progenitors 0 0 0 0.03218849 0.1259615 -0.03431653 0.01693172 0.9992676 -0.9994109 0 -0.03432145
Neural.progenitor.cells Postmitotic.premature.neurons 0.0215179 0.5223996 0.6622341 0.04119051 0.03249289 -0.3499093 0.2146281 -0.9118653 0.9336225 0 -0.3582582
Neural.progenitor.cells Stromal.cells 0.009634418 0.2920308 0.03550088 0.0329911 0.2713854 -0.1540272 0.1550202 -0.9758301 0.987771 0 -0.155912
Neural.progenitor.cells Inhibitory.neuron.progenitors 0.01169558 0.3264908 0.6228309 0.03582208 0.0187781 -0.01288601 0.06498964 0.9978027 -0.9999166 0 -0.01291331
Neural.progenitor.cells Cholinergic.neurons 0.005644302 0.09990209 0.5704862 0.05649834 0.009893845 -0.611925 0.5368491 -0.5808105 0.6884265 0 -0.7253061
Neural.progenitor.cells Granule.neurons 0.01509216 0.2609845 0.6257657 0.0578278 0.0241179 -0.7132199 0.2116808 0.6682129 -0.6837065 0 -0.7297571
Neural.progenitor.cells Notochord.cells 0.01165753 0.179472 0.6743786 0.06495463 0.01728633 -0.9412404 0.2817204 0.1862793 -0.1941428 0 -0.9809733
Neural.progenitor.cells Premature.oligodendrocyte 0.02876755 0.9174557 0.1816614 0.03135579 0.1583581 -0.04202883 0.07446051 -0.9963379 0.9991115 0 -0.04214583
Neural.progenitor.cells Isthmic.organizer.cells 0.02607557 0.7903817 0.1196213 0.0329911 0.2179843 -0.1540272 0.1550202 -0.9758301 0.987771 0 -0.155912
Neural.progenitor.cells White.blood.cells 0 0 0 0.03218849 0.04905194 -0.03431653 0.01693172 0.9992676 -0.9994109 0 -0.03432145
Neural.progenitor.cells Cardiac.muscle.lineages 0 0 0 0.03218849 0.06065431 -0.03431653 0.01693172 0.9992676 -0.9994109 0 -0.03432145
Neural.progenitor.cells Megakaryocytes 0 0 0 0.03218849 0.06724701 -0.03431653 0.01693172 0.9992676 -0.9994109 0 -0.03432145
Neural.progenitor.cells Hepatocytes 0.00701126 0.1505662 0.08368166 0.04656597 0.08378492 -0.4523226 0.1738 -0.8747559 0.8882746 0 -0.4593129
Connective.tissue.progenitors Sensory.neurons 0 0 0 0.06874802 0.1166176 -0.03431653 0.01693172 0.9992676 -0.9994109 0 -0.03432145
Connective.tissue.progenitors Ependymal.cell 0.03412538 0.3051442 0.2360616 0.1118336 0.1445613 0.3587441 0.7935835 0.491455 -0.8077012 0 0.5895922
Connective.tissue.progenitors Limb.mesenchyme 0.01961401 0.2284019 0.3440605 0.08587502 0.05700745 -0.07506518 0.7594332 0.6462402 -0.9933213 0 -0.115381
Connective.tissue.progenitors Epithelial.cells 0.02497765 0.3183815 0.06323631 0.07845196 0.3949891 -0.105826 0.196116 0.9748535 -0.9941594 0 -0.1079217
Connective.tissue.progenitors Chondrocytes.&.osteoblasts 0.05122293 0.7468248 0.3362883 0.06858761 0.1523185 -0.009749388 0.1570104 0.9875488 -0.9999513 0 -0.009871829
Connective.tissue.progenitors Early.mesenchyme 0.009755986 0.08166301 0.1349338 0.1194664 0.072302 0.4520864 0.7771731 0.4377441 -0.6956193 0 0.7184106
Connective.tissue.progenitors Melanocytes 0.03475673 0.3886479 0.452935 0.08942986 0.07673668 0.0683542 0.7901185 0.6091309 -0.9937626 0 0.111516
Connective.tissue.progenitors Radial.glia 0 0 0 0.06874802 0.04248907 -0.03431653 0.01693172 0.9992676 -0.9994109 0 -0.03432145
Connective.tissue.progenitors Neural.Tube 0.01020823 0.1199774 0.122775 0.08508465 0.08314585 -0.109921 0.7313409 0.6730957 -0.9869264 0 -0.1611716
Connective.tissue.progenitors Schwann.cell.precursor 0.009870857 0.09221405 0.04663117 0.1070429 0.2116794 0.03221953 0.9890823 -0.1437988 0.9758058 0 0.2186388
Connective.tissue.progenitors Myocytes 0.04920254 0.7354223 0.2658562 0.0669038 0.185072 -0.01288601 0.06498964 0.9978027 -0.9999166 0 -0.01291331
Connective.tissue.progenitors Excitatory.neurons 0.01374625 0.1615415 0.08806406 0.08509425 0.1560938 -0.1284424 0.5262455 0.8405762 -0.9885262 0 -0.1510496
Connective.tissue.progenitors Oligodendrocyte.Progenitors 0.0125679 0.1756536 0.1139721 0.07154937 0.1102718 -0.04178947 0.1348071 -0.9899902 0.9991103 0 -0.04217444
Connective.tissue.progenitors Intermediate.Mesoderm 0.0288296 0.4309112 0.1121252 0.0669038 0.2571197 -0.01288601 0.06498964 0.9978027 -0.9999166 0 -0.01291331
Connective.tissue.progenitors Jaw.and.tooth.progenitors 0.04840025 0.6162111 0.6402931 0.07854492 0.07559077 -0.1030388 0.5004377 -0.8596192 0.9928926 0 -0.1190137
Connective.tissue.progenitors Inhibitory.neurons 0 0 0 0.06874802 0.02026667 -0.03431653 0.01693172 0.9992676 -0.9994109 0 -0.03432145
Connective.tissue.progenitors Primitive.erythroid.lineage 0.001569352 0.02250944 0.1039047 0.06971975 0.01510377 -0.04357429 0.0232634 -0.9987793 0.9990497 0 -0.04358609
Connective.tissue.progenitors Inhibitory.interneurons 0 0 0 0.06874802 0.01852104 -0.03431653 0.01693172 0.9992676 -0.9994109 0 -0.03432145
Connective.tissue.progenitors Osteoblasts 0.027834 0.3329279 0.07319934 0.08360369 0.3802493 -0.1366432 0.2874514 0.947998 -0.9897711 0 -0.1426644
Connective.tissue.progenitors Lens 0.0008378074 0.006530222 0.08080398 0.1282969 0.01036839 -0.5501624 0.4834101 0.6809082 -0.7778305 0 -0.628474
Connective.tissue.progenitors Chondroctye.progenitors 0.02165988 0.1634693 0.2509976 0.1325012 0.08629514 0.4595172 0.8879997 -0.01733399 0.03769537 0 0.9992893
Connective.tissue.progenitors Postmitotic.premature.neurons 0 0 0 0.06874802 0.03514274 -0.03431653 0.01693172 0.9992676 -0.9994109 0 -0.03432145
Connective.tissue.progenitors Stromal.cells 0.05484962 0.8198283 0.1974886 0.0669038 0.2777356 -0.01288601 0.06498964 0.9978027 -0.9999166 0 -0.01291331
Connective.tissue.progenitors Inhibitory.neuron.progenitors 0 0 0 0.06874802 0.01898637 -0.03431653 0.01693172 0.9992676 -0.9994109 0 -0.03432145
Connective.tissue.progenitors Cholinergic.neurons 0 0 0 0.06874802 0.01146259 -0.03431653 0.01693172 0.9992676 -0.9994109 0 -0.03432145
Connective.tissue.progenitors Granule.neurons 2.218131E-05 0.0001495927 0.0009166979 0.148278 0.02419696 -0.6987849 0.1690549 0.6950684 -0.7052189 0 -0.7089897
Connective.tissue.progenitors Notochord.cells 0 0 0 0.06874802 0.03686045 -0.03431653 0.01693172 0.9992676 -0.9994109 0 -0.03432145
Connective.tissue.progenitors Premature.oligodendrocyte 0.004147173 0.04103915 0.03109995 0.1010541 0.1333498 -0.1920017 0.9568719 0.2180175 -0.7504637 0 -0.6609117
Connective.tissue.progenitors Isthmic.organizer.cells 0.0306851 0.35766 0.1703868 0.08579405 0.1800908 -0.1398858 0.7641905 0.6296387 -0.9761982 0 -0.2168804
Connective.tissue.progenitors White.blood.cells 0.008969638 0.1286528 0.1977709 0.06971975 0.04535369 -0.04357429 0.0232634 -0.9987793 0.9990497 0 -0.04358609
Connective.tissue.progenitors Cardiac.muscle.lineages 0.02372624 0.2283983 0.6893409 0.103881 0.03441873 -0.2962347 0.7103907 -0.6384277 0.9071056 0 -0.420903
Connective.tissue.progenitors Megakaryocytes 0.003925921 0.02927546 0.2233675 0.1341028 0.01757606 0.561738 0.8123792 0.1564942 -0.2683695 0 0.963316
Connective.tissue.progenitors Hepatocytes 0.01347412 0.1959928 0.1239623 0.06874802 0.1086953 -0.03431653 0.01693172 0.9992676 -0.9994109 0 -0.03432145
Sensory.neurons Ependymal.cell 0.02877463 0.4528356 0.2303238 0.06354322 0.1249312 -0.546433 0.3486652 0.7614746 -0.8124586 0 -0.583019
Sensory.neurons Limb.mesenchyme 0.01039172 0.1800003 0.2582224 0.05773166 0.04024329 -0.7695604 0.3341178 0.5441895 -0.5773702 0 -0.8164825
Sensory.neurons Epithelial.cells 0.03207233 0.4342338 0.09622877 0.07385959 0.3332925 0.0275753 0.7795502 -0.6257324 0.9990304 0 0.04402611
Sensory.neurons Chondrocytes.&.osteoblasts 0.01595249 0.2657903 0.1063472 0.06001908 0.1500039 -0.6668757 0.2209135 0.7116699 -0.7296983 0 -0.6837693
Sensory.neurons Early.mesenchyme 0.006670528 0.09914929 0.08404005 0.06727761 0.0793732 -0.4809066 0.8099622 0.3356934 -0.5723848 0 -0.8199852
Sensory.neurons Melanocytes 0.006884238 0.09891579 0.07192589 0.06959696 0.09571294 -0.4761472 0.8383656 0.2653808 -0.4868405 0 -0.8734909
Sensory.neurons Radial.glia 0.0009012526 0.01289634 0.01959043 0.06988436 0.04600475 0.3325373 0.384647 -0.861084 0.9328543 0 0.3602539
Sensory.neurons Neural.Tube 0.008553607 0.127139 0.1030645 0.06727761 0.08299275 -0.4809066 0.8099622 0.3356934 -0.5723848 0 -0.8199852
Sensory.neurons Schwann.cell.precursor 0.05145069 0.5666839 0.256302 0.09079256 0.2007424 -0.8263634 0.5625755 0.02514653 -0.03041627 0 -0.9995373
Sensory.neurons Myocytes 0.01489658 0.2026979 0.05361138 0.07349153 0.2778623 0.813541 0.01557847 -0.5812989 0.5813695 0 0.8136398
Sensory.neurons Excitatory.neurons 0.004093243 0.03422053 0.01668177 0.1196137 0.2453723 -0.6917386 0.4936231 -0.5270995 0.6060873 0 -0.7953982
Sensory.neurons Oligodendrocyte.Progenitors 0.03047401 0.4864727 0.2125239 0.06264279 0.143391 0.4089106 0.1378709 -0.9020996 0.9107975 0 0.4128533
Sensory.neurons Intermediate.Mesoderm 0.03580537 0.5322034 0.1386995 0.06727761 0.2581508 -0.4809066 0.8099622 0.3356934 -0.5723848 0 -0.8199852
Sensory.neurons Jaw.and.tooth.progenitors 0.006570572 0.09766357 0.03726077 0.06727761 0.1763402 -0.4809066 0.8099622 0.3356934 -0.5723848 0 -0.8199852
Sensory.neurons Inhibitory.neurons 0.005724739 0.07883435 0.343531 0.07261731 0.0166644 -0.3573058 0.0458512 0.9328613 -0.9338435 0 -0.357682
Sensory.neurons Primitive.erythroid.lineage 0 0 0 0.1166176 0.0232434 -0.03431653 0.01693172 0.9992676 -0.9994109 0 -0.03432145
Sensory.neurons Inhibitory.interneurons 0.0009673625 0.01265192 0.0507409 0.07645976 0.01906475 0.1003278 0.5634024 -0.8200683 0.9925993 0 0.1214354
Sensory.neurons Osteoblasts 0.03378684 0.3984253 0.09948479 0.08480096 0.3396182 0.2632535 0.8044704 -0.5324706 0.8964262 0 0.4431931
Sensory.neurons Lens 0.0003824796 0.005685095 0.1131893 0.06727761 0.003379114 -0.4809066 0.8099622 0.3356934 -0.5723848 0 -0.8199852
Sensory.neurons Chondroctye.progenitors 0 0 0 0.1303123 0.1199489 0.05644158 0.06422738 0.9963379 -0.9983993 0 0.05655836
Sensory.neurons Postmitotic.premature.neurons 0.01862999 0.1531759 0.4926185 0.1216248 0.03781829 -0.4342819 0.4295744 -0.7917481 0.8767669 0 -0.4809155
Sensory.neurons Stromal.cells 0.00134721 0.01522127 0.003679154 0.08850837 0.3661737 0.7972558 0.3274955 -0.50708 0.5366761 0 0.8437883
Sensory.neurons Inhibitory.neuron.progenitors 0.007195008 0.117319 0.2728668 0.06132856 0.02636821 -0.5963449 0.01955031 0.8024902 -0.8026436 0 -0.5964589
Sensory.neurons Cholinergic.neurons 0.001929915 0.02609026 0.100802 0.07397071 0.0191456 -0.03501304 0.7656246 -0.642334 0.9985177 0 -0.05442829
Sensory.neurons Granule.neurons 0.002262038 0.03825026 0.09348437 0.05913785 0.02419696 -0.6987849 0.1690549 0.6950684 -0.7052189 0 -0.7089897
Sensory.neurons Notochord.cells 0 0 0 0.05835291 0.03651736 -0.4880287 0.006581897 0.8728027 -0.8728217 0 -0.4880393
Sensory.neurons Premature.oligodendrocyte 0.03192109 0.5052447 0.1749595 0.06317946 0.1824485 0.4909688 0.1472498 -0.8586426 0.8681055 0 0.4963796
Sensory.neurons Isthmic.organizer.cells 0.031694 0.4710928 0.1695129 0.06727761 0.186971 -0.4809066 0.8099622 0.3356934 -0.5723848 0 -0.8199852
Sensory.neurons White.blood.cells 0 0 0 0.1158382 0.0514623 -0.06643912 0.06958211 0.9953613 -0.9977797 0 -0.06660055
Sensory.neurons Cardiac.muscle.lineages 0 0 0 0.1166176 0.06065431 -0.03431653 0.01693172 0.9992676 -0.9994109 0 -0.03432145
Sensory.neurons Megakaryocytes 0 0 0 0.1166176 0.06724701 -0.03431653 0.01693172 0.9992676 -0.9994109 0 -0.03432145
Sensory.neurons Hepatocytes 0.01773676 0.2724331 0.1136728 0.06510503 0.1560335 0.3588521 0.2143566 -0.9084473 0.9300662 0 0.367392
Ependymal.cell Limb.mesenchyme 0.02704554 0.2770585 0.7429767 0.09761675 0.0364016 0.9366183 0.2926449 -0.1926269 0.201446 0 0.9794996
Ependymal.cell Epithelial.cells 0.01579862 0.2064571 0.04152115 0.07652254 0.3804958 0.6696596 0.4269637 0.607666 -0.6719971 0 0.7405537
Ependymal.cell Chondrocytes.&.osteoblasts 0.03310762 0.366499 0.1579944 0.09033481 0.2095492 0.9097187 0.06916691 0.4094238 -0.4104066 0 0.9119026
Ependymal.cell Early.mesenchyme 0.03766735 0.4922387 0.4662136 0.07652254 0.08079419 0.6696596 0.4269637 0.607666 -0.6719971 0 0.7405537
Ependymal.cell Melanocytes 0.03520183 0.4351138 0.4741136 0.08090256 0.07424767 0.6006798 0.3073843 0.7380371 -0.7755868 0 0.631241
Ependymal.cell Radial.glia 0.0105921 0.08546788 0.25783 0.1239308 0.04108173 -0.4230307 0.1366509 0.895752 -0.9042343 0 -0.4270366
Ependymal.cell Neural.Tube 0.03348232 0.4568626 0.435098 0.0732875 0.07695352 0.7975191 0.412553 0.4401855 -0.4832246 0 0.8754964
Ependymal.cell Schwann.cell.precursor 0.01116847 0.112663 0.03662473 0.0991317 0.3049436 0.5142819 0.5333161 0.6716309 -0.7939687 0 0.6079586
Ependymal.cell Myocytes 0.0250903 0.3278812 0.1268652 0.07652254 0.1977714 0.6696596 0.4269637 0.607666 -0.6719971 0 0.7405537
Ependymal.cell Excitatory.neurons 0.03784411 0.3244738 0.2222179 0.1166323 0.1703018 0.2988574 0.5738924 0.7624512 -0.9310325 0 0.3649361
Ependymal.cell Oligodendrocyte.Progenitors 0.0436554 0.5320048 0.3446165 0.08205827 0.1266782 0.7783453 0.1721995 0.6037598 -0.6129154 0 0.7901485
Ependymal.cell Intermediate.Mesoderm 0.05013375 0.6778485 0.1819194 0.07396011 0.2755822 0.7076743 0.4023136 0.5808105 -0.6344177 0 0.7729905
Ependymal.cell Jaw.and.tooth.progenitors 0.03354485 0.3775209 0.3908745 0.08885562 0.08582 0.4162301 0.3345917 0.845459 -0.8971689 0 0.4416876
Ependymal.cell Inhibitory.neurons 0.0001728717 0.001491042 0.009834403 0.1159402 0.01757826 0.01518935 0.2113384 0.9772949 -0.9998792 0 0.01554036
Ependymal.cell Primitive.erythroid.lineage 0 0 0 0.1353229 0.0232434 -0.03431653 0.01693172 0.9992676 -0.9994109 0 -0.03432145
Ependymal.cell Inhibitory.interneurons 0.003629058 0.03105989 0.2051975 0.1168407 0.01768568 -0.1560896 0.2395605 0.958252 -0.9869917 0 -0.160771
Ependymal.cell Osteoblasts 0.05096706 0.6891156 0.150585 0.07396011 0.3384604 0.7076743 0.4023136 0.5808105 -0.6344177 0 0.7729905
Ependymal.cell Lens 0.0008248475 0.004492903 0.1954767 0.183589 0.004219673 -0.581514 0.7654195 0.2756348 -0.4283158 0 -0.9036292
Ependymal.cell Chondroctye.progenitors 0.03709138 0.4190445 0.4440403 0.08851419 0.08353156 0.9410086 0.3343628 -0.0520019 0.05517768 0 0.9984766
Ependymal.cell Postmitotic.premature.neurons 0.009593455 0.09465116 0.2117171 0.1013559 0.04531262 0.1398998 0.3400812 0.9299316 -0.9888723 0 0.1487669
Ependymal.cell Stromal.cells 0.05679572 0.6253815 0.2587886 0.0908177 0.2194677 0.4810571 0.439538 0.7585449 -0.8444942 0 0.5355647
Ependymal.cell Inhibitory.neuron.progenitors 0.004182473 0.03533126 0.1931225 0.1183788 0.0216571 0.3585721 0.09682696 0.9284668 -0.93285 0 0.3602649
Ependymal.cell Cholinergic.neurons 0.001587904 0.02054686 0.1086441 0.07728206 0.01461565 0.7153391 0.2366903 0.6574707 -0.676699 0 0.7362598
Ependymal.cell Granule.neurons 0.006565307 0.05292709 0.247225 0.1240444 0.026556 -0.6406876 0.3123059 0.701416 -0.7383469 0 -0.6744211
Ependymal.cell Notochord.cells 0.008343335 0.06379146 0.4439156 0.1307908 0.01879487 -0.8871642 0.3081288 0.3435059 -0.3610741 0 -0.9325371
Ependymal.cell Premature.oligodendrocyte 0.03844728 0.4181653 0.5087506 0.09194278 0.07557195 0.8295746 0.09618837 0.5500488 -0.5526112 0 0.8334392
Ependymal.cell Isthmic.organizer.cells 0.06722938 0.947822 0.4878765 0.07093038 0.1378 0.8209547 0.3426062 0.4567871 -0.4862131 0 0.8738403
Ependymal.cell White.blood.cells 0 0 0 0.1315815 0.06364032 0.2073021 0.003277564 0.9782715 -0.9782767 0 0.2073032
Ependymal.cell Cardiac.muscle.lineages 0.02303704 0.1068808 0.6632544 0.2155396 0.03473334 -0.09876587 0.8324898 -0.545166 0.9839826 0 -0.1782648
Ependymal.cell Megakaryocytes 0 0 0 0.1196837 0.05143526 -0.1625286 0.1886289 0.9685059 -0.9862099 0 -0.1654996
Ependymal.cell Hepatocytes 0.02063628 0.223252 0.1276924 0.09243491 0.1616093 0.9799444 0.01766762 0.1984864 -0.1985174 0 0.9800974
Limb.mesenchyme Epithelial.cells 0.03016042 0.6092124 0.09148283 0.04950723 0.329684 -0.7934193 0.4131072 0.4470215 -0.4908643 0 -0.871236
Limb.mesenchyme Chondrocytes.&.osteoblasts 0.008309586 0.2038337 0.04468445 0.0407665 0.1859615 0.9101382 0.3903213 -0.1389161 0.1508844 0 0.9885514
Limb.mesenchyme Early.mesenchyme 0.02541854 0.422746 0.2462757 0.06012722 0.1032117 -0.5059996 0.7005573 0.5031739 -0.7051241 0 -0.7090839
Limb.mesenchyme Melanocytes 0.003935628 0.1142372 0.02321252 0.03445137 0.1695476 0.9779851 0.1346446 -0.1594238 0.1608889 0 0.9869726
Limb.mesenchyme Radial.glia 0.0004613596 0.01220646 0.008197079 0.03779635 0.05628342 -0.8043286 0.273325 0.5275878 -0.5484727 0 -0.8361685
Limb.mesenchyme Neural.Tube 0.01742494 0.3593246 0.178414 0.04849358 0.09766573 -0.6252393 0.5361246 0.5671387 -0.6718547 0 -0.740683
Limb.mesenchyme Schwann.cell.precursor 0.01690629 0.4610636 0.06495465 0.03666801 0.2602783 -0.8640565 0.1866084 0.4675292 -0.4758886 0 -0.8795056
Limb.mesenchyme Myocytes 0.02086503 0.483516 0.07414475 0.04315271 0.2814094 0.915449 0.3998916 0.04516598 -0.04927758 0 0.9987851
Limb.mesenchyme Excitatory.neurons 0.02808795 0.7431391 0.2195023 0.03779635 0.127962 -0.8043286 0.273325 0.5275878 -0.5484727 0 -0.8361685
Limb.mesenchyme Oligodendrocyte.Progenitors 0.01625803 0.4433845 0.0937732 0.03666801 0.1733761 -0.8640565 0.1866084 0.4675292 -0.4758886 0 -0.8795056
Limb.mesenchyme Intermediate.Mesoderm 0.02176702 0.4187671 0.07197928 0.05197882 0.3024067 -0.7492541 0.4729397 0.4636231 -0.5261897 0 -0.8503672
Limb.mesenchyme Jaw.and.tooth.progenitors 0.02347962 0.428527 0.2477117 0.05479145 0.09478606 0.4830657 0.7947588 0.3674316 -0.6053983 0 0.7959228
Limb.mesenchyme Inhibitory.neurons 0 0 0 0.1210089 0.01828765 0.05119072 0.1727043 0.9836426 -0.9986485 0 0.05197166
Limb.mesenchyme Primitive.erythroid.lineage 5.339835E-05 0.0008208727 0.003582428 0.06505071 0.01490563 0.2155367 0.5970518 0.7727051 -0.9632292 0 0.268681
Limb.mesenchyme Inhibitory.interneurons 0.0003266861 0.008643323 0.009371347 0.03779635 0.0348601 -0.8043286 0.273325 0.5275878 -0.5484727 0 -0.8361685
Limb.mesenchyme Osteoblasts 0.003158105 0.05359317 0.007736184 0.05892738 0.4082252 0.7698525 0.636407 -0.04809566 0.0623523 0 0.9980542
Limb.mesenchyme Lens 2.058462E-05 0.0003795122 0.001035783 0.05423968 0.01987348 0.2280836 0.8590594 0.4582519 -0.8952402 0 0.4455838
Limb.mesenchyme Chondroctye.progenitors 0.01726233 0.5106514 0.2263546 0.03380454 0.07626235 0.9877878 0.1040534 -0.1159668 0.1165997 0 0.993179
Limb.mesenchyme Postmitotic.premature.neurons 0.002233975 0.05910558 0.04489821 0.03779635 0.04975645 -0.8043286 0.273325 0.5275878 -0.5484727 0 -0.8361685
Limb.mesenchyme Stromal.cells 0.03380454 1 0.09507293 0.03380454 0.3555642 0.9877878 0.1040534 -0.1159668 0.1165997 0 0.993179
Limb.mesenchyme Inhibitory.neuron.progenitors 0.001675544 0.04433085 0.04580342 0.03779635 0.0365812 -0.8043286 0.273325 0.5275878 -0.5484727 0 -0.8361685
Limb.mesenchyme Cholinergic.neurons 0.00186314 0.04929418 0.1064812 0.03779635 0.01749736 -0.8043286 0.273325 0.5275878 -0.5484727 0 -0.8361685
Limb.mesenchyme Granule.neurons 0.0002689842 0.00711667 0.009569208 0.03779635 0.02810935 -0.8043286 0.273325 0.5275878 -0.5484727 0 -0.8361685
Limb.mesenchyme Notochord.cells 0 0 0 0.114073 0.03556962 -0.4001794 0.01801315 0.9162598 -0.9164084 0 -0.4002444
Limb.mesenchyme Premature.oligodendrocyte 0.02204792 0.5833346 0.1594542 0.03779635 0.1382712 -0.8043286 0.273325 0.5275878 -0.5484727 0 -0.8361685
Limb.mesenchyme Isthmic.organizer.cells 0.03303158 0.6958257 0.1750063 0.04747105 0.188745 -0.7597435 0.4268731 0.4904785 -0.5423778 0 -0.8401347
Limb.mesenchyme White.blood.cells 0.0006715129 0.01040182 0.01616756 0.06455725 0.04153459 0.3431962 0.5840508 0.7355957 -0.9062217 0 0.4228027
Limb.mesenchyme Cardiac.muscle.lineages 0.01647301 0.1726907 0.4716215 0.09539023 0.03492845 -0.2243704 0.9587422 0.1745606 -0.6140507 0 -0.7892665
Limb.mesenchyme Megakaryocytes 0 0 0 0.1146451 0.05496176 -0.105826 0.196116 0.9748535 -0.9941594 0 -0.1079217
Limb.mesenchyme Hepatocytes 0.01020839 0.2784003 0.0537618 0.03666801 0.1898818 -0.8640565 0.1866084 0.4675292 -0.4758886 0 -0.8795056
Epithelial.cells Chondrocytes.&.osteoblasts 0.1043415 0.2694705 0.6955923 0.3872095 0.1500039 -0.6668757 0.2209135 0.7116699 -0.7296983 0 -0.6837693
Epithelial.cells Early.mesenchyme 0.03746309 0.1354982 0.4144807 0.276484 0.0903856 -0.9695024 0.2240349 0.09936522 -0.1019569 0 -0.9947888
Epithelial.cells Melanocytes 0.009445489 0.03076185 0.06413528 0.3070521 0.1472745 0.9912452 0.1131076 0.06811522 -0.06855515 0 0.9976473
Epithelial.cells Radial.glia 0.02992298 0.07499353 0.7403721 0.3990075 0.04041614 -0.372568 0.2177368 0.9020996 -0.9242753 0 -0.3817266
Epithelial.cells Neural.Tube 0.01882635 0.06996691 0.3027231 0.2690751 0.06219 -0.8439915 0.5360439 -0.01831052 0.02169004 0 -0.9997647
Epithelial.cells Schwann.cell.precursor 0.1660746 0.5988045 0.9776654 0.2773435 0.1698685 -0.4980833 0.8537722 0.1516114 -0.2911982 0 -0.9566628
Epithelial.cells Myocytes 0.06209603 0.1447483 0.4190876 0.4289932 0.1481696 0.3215272 0.05887337 0.9450684 -0.9467105 0 0.3220858
Epithelial.cells Excitatory.neurons 0.08682874 0.302643 0.6940545 0.2869015 0.1251036 -0.9920814 0.1011424 -0.07446285 0.07484667 0 -0.9971951
Epithelial.cells Oligodendrocyte.Progenitors 0.05213391 0.1447681 0.2984283 0.3601201 0.1746949 -0.611925 0.5368491 -0.5808105 0.6884265 0 -0.7253061
Epithelial.cells Intermediate.Mesoderm 0.1485319 0.5768631 0.5776383 0.2574821 0.2571366 -0.6146567 0.7284894 0.3024902 -0.4415548 0 -0.8972343
Epithelial.cells Jaw.and.tooth.progenitors 0.04001576 0.1246536 0.43212 0.3210157 0.09260334 0.4135596 0.9104273 0.009521536 -0.02301727 0 0.9997351
Epithelial.cells Inhibitory.neurons 0.01284883 0.03241282 0.7878233 0.3964121 0.01630929 -0.05303492 0.1855574 0.9812012 -0.9985424 0 -0.05397223
Epithelial.cells Primitive.erythroid.lineage 0.006379265 0.02125924 0.3689713 0.3000703 0.01728933 0.3513747 0.9099087 0.220459 -0.5314713 0 0.8470763
Epithelial.cells Inhibitory.interneurons 0.005471155 0.01888384 0.2320315 0.2897269 0.02357936 -0.4045527 0.7204904 0.5632324 -0.8122003 0 -0.5833787
Epithelial.cells Osteoblasts 0.2073738 0.7473319 0.6357756 0.2774855 0.3261745 -0.1275203 0.9437983 0.3049316 -0.9225762 0 -0.385815
Epithelial.cells Lens 0.003104916 0.01213443 1 0.2558767 0.003104916 -0.5161462 0.7759842 0.3625488 -0.5747879 0 -0.8183025
Epithelial.cells Chondroctye.progenitors 0.03315195 0.1158885 0.6501378 0.2860677 0.05099219 -0.6094593 0.792506 -0.0222168 0.0364291 0 -0.9993363
Epithelial.cells Postmitotic.premature.neurons 0.01599084 0.04847039 0.2391172 0.3299095 0.06687448 0.834505 0.4339051 -0.3395996 0.3769314 0 0.9262412
Epithelial.cells Stromal.cells 0.04931305 0.1550554 0.2770375 0.3180352 0.1780014 0.32618 0.7602788 0.5617676 -0.8647941 0 0.5021267
Epithelial.cells Inhibitory.neuron.progenitors 0.005297983 0.01597332 0.1728613 0.3316771 0.03064876 0.5399563 0.7762321 -0.3254395 0.5162042 0 0.8564655
Epithelial.cells Cholinergic.neurons 0.008760425 0.03053424 0.712014 0.286905 0.01230373 -0.7788987 0.5989981 -0.185791 0.2320211 0 -0.9727107
Epithelial.cells Granule.neurons 0.004176774 0.01391113 0.103429 0.3002469 0.04038301 -0.953575 0.1819325 0.2399902 -0.2440634 0 -0.9697593
Epithelial.cells Notochord.cells 0.01353746 0.04863095 0.8085995 0.2783713 0.01674186 -0.9567473 0.253449 0.1428222 -0.1476429 0 -0.9890407
Epithelial.cells Premature.oligodendrocyte 0.07357964 0.1860143 1 0.395559 0.07357964 0.7923183 0.0008303243 0.6101074 -0.6101077 0 0.7923186
Epithelial.cells Isthmic.organizer.cells 0.08307275 0.2427713 0.5709522 0.3421852 0.1454986 0.9139482 0.3517611 0.2023925 -0.2162106 0 0.9763467
Epithelial.cells White.blood.cells 0.01076482 0.03314204 0.3439618 0.3248086 0.03129656 0.4874801 0.8727432 0.02612301 -0.05351108 0 0.9985673
Epithelial.cells Cardiac.muscle.lineages 0.01188697 0.03077139 0.2099056 0.3862994 0.05663008 0.7276131 0.3371617 0.5974121 -0.6345681 0 0.772867
Epithelial.cells Megakaryocytes 0.01444735 0.0470109 0.7536839 0.3073191 0.01916897 0.3707714 0.8484587 0.3776855 -0.7136086 0 0.7005447
Epithelial.cells Hepatocytes 0.04423967 0.1571636 0.3172449 0.2814879 0.1394496 -0.6870317 0.7259446 0.03149413 -0.04579279 0 -0.998951
Chondrocytes.&.osteoblasts Early.mesenchyme 0.03901232 0.169832 0.5616999 0.2297112 0.06945403 0.4186534 0.7527335 0.5080566 -0.771741 0 0.635937
Chondrocytes.&.osteoblasts Melanocytes 0.04478376 0.2069445 0.6137922 0.2164047 0.07296241 0.1481263 0.7281786 0.6691895 -0.9763667 0 0.2161205
Chondrocytes.&.osteoblasts Radial.glia 0 0 0 0.1638822 0.04115525 -0.2719336 0.2264087 0.9353027 -0.9602378 0 -0.2791834
Chondrocytes.&.osteoblasts Neural.Tube 0.0136765 0.06389383 0.193332 0.2140503 0.07074098 0.2548814 0.6645902 0.7023926 -0.9400228 0 0.3411117
Chondrocytes.&.osteoblasts Schwann.cell.precursor 0.02995544 0.1145034 0.1409026 0.2616118 0.2125968 -0.001067742 0.9555961 0.2946777 -0.9999934 0 -0.003623401
Chondrocytes.&.osteoblasts Myocytes 0.09807644 0.5562323 0.6550643 0.1763228 0.1497203 -0.3783058 0.04552578 -0.9245605 0.9255201 0 -0.3786985
Chondrocytes.&.osteoblasts Excitatory.neurons 0.03003697 0.1567855 0.2656898 0.1915799 0.1130528 -0.9143563 0.1381469 0.3806152 -0.3843 0 -0.9232083
Chondrocytes.&.osteoblasts Oligodendrocyte.Progenitors 0.06796755 0.3885463 0.6285682 0.1749278 0.1081307 -0.2129609 0.1000585 -0.9719238 0.976826 0 -0.214035
Chondrocytes.&.osteoblasts Intermediate.Mesoderm 0.03603733 0.2202693 0.1236084 0.1636058 0.2915444 0.4887364 0.0784578 -0.8688965 0.8715832 0 0.4902475
Chondrocytes.&.osteoblasts Jaw.and.tooth.progenitors 0.05098751 0.2935448 0.6908878 0.1736958 0.07379998 -0.3034222 0.05236999 -0.951416 0.9527234 0 -0.3038391
Chondrocytes.&.osteoblasts Inhibitory.neurons 0.003806986 0.02515555 0.2279867 0.1513378 0.01669828 -0.377844 0.1576228 0.9123535 -0.9239029 0 -0.3826271
Chondrocytes.&.osteoblasts Primitive.erythroid.lineage 0.00228347 0.01514811 0.1467801 0.1507429 0.01555709 0.05644158 0.06422738 0.9963379 -0.9983993 0 0.05655836
Chondrocytes.&.osteoblasts Inhibitory.interneurons 0 0 0 0.1602264 0.01797211 -0.4880287 0.006581897 0.8728027 -0.8728217 0 -0.4880393
Chondrocytes.&.osteoblasts Osteoblasts 0.05638249 0.3500034 0.1412162 0.1610913 0.3992636 0.3051522 0.1131582 -0.9455566 0.9516692 0 0.3071249
Chondrocytes.&.osteoblasts Lens 0.00103339 0.004551181 0.05911907 0.2270598 0.01747981 -0.8929703 0.3531765 -0.2790527 0.2982745 0 -0.9544801
Chondrocytes.&.osteoblasts Chondroctye.progenitors 0.02811013 0.1351246 0.31089 0.2080313 0.09041826 0.8205126 0.5707601 -0.0314941 0.03835521 0 0.9992642
Chondrocytes.&.osteoblasts Postmitotic.premature.neurons 0.009919788 0.06613022 0.2156788 0.1500039 0.04599334 -0.6668757 0.2209135 0.7116699 -0.7296983 0 -0.6837693
Chondrocytes.&.osteoblasts Stromal.cells 0.09269028 0.5395553 0.2615234 0.1717902 0.3544245 0.5238153 0.306765 -0.7946777 0.8349339 0 0.5503502
Chondrocytes.&.osteoblasts Inhibitory.neuron.progenitors 0 0 0 0.1794815 0.03349532 -0.442592 0.3594379 0.8215332 -0.8803691 0 -0.4742892
Chondrocytes.&.osteoblasts Cholinergic.neurons 0.002590057 0.009510832 0.2027142 0.2723271 0.01277689 -0.7764396 0.6288072 0.04174802 -0.05369098 0 -0.9985576
Chondrocytes.&.osteoblasts Granule.neurons 0.0001692158 0.001104048 0.006993268 0.1532686 0.02419696 -0.6987849 0.1690549 0.6950684 -0.7052189 0 -0.7089897
Chondrocytes.&.osteoblasts Notochord.cells 0.0002603183 0.001735411 0.008647576 0.1500039 0.03010304 -0.6668757 0.2209135 0.7116699 -0.7296983 0 -0.6837693
Chondrocytes.&.osteoblasts Premature.oligodendrocyte 0.04018709 0.1480515 0.29831 0.27144 0.1347159 -0.1275203 0.9437983 0.3049316 -0.9225762 0 -0.385815
Chondrocytes.&.osteoblasts Isthmic.organizer.cells 0.02982905 0.1479852 0.2327962 0.2015679 0.1281337 -0.921174 0.01351751 -0.388916 0.3889515 0 -0.9212582
Chondrocytes.&.osteoblasts White.blood.cells 0.01117608 0.07845941 0.2246832 0.1424441 0.04974153 -0.01288601 0.06498964 0.9978027 -0.9999166 0 -0.01291331
Chondrocytes.&.osteoblasts Cardiac.muscle.lineages 0.02428422 0.08482223 0.7155777 0.2862955 0.03393653 -0.5360071 0.7696365 -0.3469238 0.5433569 0 -0.8395018
Chondrocytes.&.osteoblasts Megakaryocytes 0.002428375 0.01067585 0.1381638 0.2274642 0.01757606 0.561738 0.8123792 0.1564942 -0.2683695 0 0.963316
Chondrocytes.&.osteoblasts Hepatocytes 0.05719484 0.294863 0.6826389 0.1939709 0.08378492 -0.4523226 0.1738 -0.8747559 0.8882746 0 -0.4593129
Early.mesenchyme Melanocytes 0.05010398 0.623981 0.6180149 0.08029728 0.08107245 0.6296138 0.4482955 0.6345215 -0.7098466 0 0.7043563
Early.mesenchyme Radial.glia 0.0004355113 0.00563738 0.007923532 0.07725421 0.05496429 -0.2188033 0.9074693 0.3586426 -0.8536705 0 -0.5208135
Early.mesenchyme Neural.Tube 0.03448055 0.4462758 0.5083602 0.07726286 0.06782699 -0.857691 0.4994051 0.1223144 -0.1411806 0 -0.9899839
Early.mesenchyme Schwann.cell.precursor 0.03679845 0.4466311 0.2008825 0.08239117 0.1831839 -0.612792 0.7553672 0.2321777 -0.3543064 0 -0.9351293
Early.mesenchyme Myocytes 0.03093842 0.3543826 0.1147301 0.0873023 0.2696627 0.9149393 0.3200687 0.2458496 -0.2595008 0 0.9657428
Early.mesenchyme Excitatory.neurons 0.03992603 0.4914896 0.2316839 0.08123475 0.1723297 0.4330366 0.5895019 0.6818848 -0.8441603 0 0.536091
Early.mesenchyme Oligodendrocyte.Progenitors 0.02843573 0.3372036 0.2751325 0.08432808 0.1033529 -0.8470822 0.04514562 -0.529541 0.5300815 0 -0.8479467
Early.mesenchyme Intermediate.Mesoderm 0.00695732 0.09622583 0.0263652 0.072302 0.2638827 0.4520864 0.7771731 0.4377441 -0.6956193 0 0.7184106
Early.mesenchyme Jaw.and.tooth.progenitors 0.03694851 0.4829434 0.3780489 0.07650691 0.09773474 0.608236 0.5477602 0.5744629 -0.6866347 0 0.7270025
Early.mesenchyme Inhibitory.neurons 0 0 0 0.1867727 0.02026667 -0.03431653 0.01693172 0.9992676 -0.9994109 0 -0.03432145
Early.mesenchyme Primitive.erythroid.lineage 0.000569266 0.004477474 0.0392034 0.12714 0.01452083 0.1834841 0.3883131 0.9030762 -0.9799774 0 0.1991086
Early.mesenchyme Inhibitory.interneurons 0 0 0 0.1867727 0.01852104 -0.03431653 0.01693172 0.9992676 -0.9994109 0 -0.03432145
Early.mesenchyme Osteoblasts 0.00189066 0.02150301 0.005059035 0.08792534 0.3737195 0.7208344 0.6147797 0.3200684 -0.4058182 0 0.9139538
Early.mesenchyme Lens 0.0004986013 0.006281734 0.1475539 0.0793732 0.003379114 -0.4809066 0.8099622 0.3356934 -0.5723848 0 -0.8199852
Early.mesenchyme Chondroctye.progenitors 0.0389336 0.4107206 0.763521 0.09479339 0.05099219 -0.6094593 0.792506 -0.0222168 0.0364291 0 -0.9993363
Early.mesenchyme Postmitotic.premature.neurons 0 0 0 0.1741913 0.03520876 0.1077844 0.05883846 0.9924316 -0.994154 0 0.1079714
Early.mesenchyme Stromal.cells 0.02200582 0.1729684 0.06026326 0.1272245 0.3651614 0.9764408 0.03371843 -0.2131347 0.213256 0 0.9769964
Early.mesenchyme Inhibitory.neuron.progenitors 0 0 0 0.1823583 0.01944753 0.04742682 0.01380628 0.9987793 -0.9988745 0 0.04743133
Early.mesenchyme Cholinergic.neurons 0 0 0 0.1741913 0.01114368 0.1077844 0.05883846 0.9924316 -0.994154 0 0.1079714
Early.mesenchyme Granule.neurons 0.0007116575 0.009362374 0.01456372 0.07601251 0.04886509 -0.8978665 0.427388 0.1057128 -0.1169302 0 -0.9931401
Early.mesenchyme Notochord.cells 0.0002664239 0.003505001 0.01117137 0.07601251 0.02384882 -0.8978665 0.427388 0.1057128 -0.1169302 0 -0.9931401
Early.mesenchyme Premature.oligodendrocyte 0.01032209 0.1173131 0.1343793 0.08798754 0.07681306 0.7772095 0.1053434 0.6203613 -0.6238324 0 0.7815582
Early.mesenchyme Isthmic.organizer.cells 0.06019085 0.8984441 0.3450169 0.06699454 0.1744577 0.2280836 0.8590594 0.4582519 -0.8952402 0 0.4455838
Early.mesenchyme White.blood.cells 0.003237749 0.04160457 0.08423818 0.07782197 0.03843565 0.390893 0.6360824 0.6652832 -0.8621889 0 0.5065868
Early.mesenchyme Cardiac.muscle.lineages 0.008282306 0.06907474 0.1896604 0.1199035 0.04366915 -0.7129178 0.2260386 -0.6638184 0.6814556 0 -0.7318596
Early.mesenchyme Megakaryocytes 0 0 0 0.1863296 0.05193581 -0.2036511 0.1137582 0.9724121 -0.9787658 0 -0.2049817
Early.mesenchyme Hepatocytes 0.0190757 0.2307292 0.1399592 0.08267567 0.1362947 -0.870749 0.0742869 -0.486084 0.4874308 0 -0.8731616
Melanocytes Radial.glia 0.002303561 0.01675706 0.04156196 0.1374681 0.05542475 0.03221953 0.9890823 -0.1437988 0.9758058 0 0.2186388
Melanocytes Neural.Tube 0.03043746 0.4140641 0.4309771 0.07350905 0.07062431 0.5698174 0.4225129 0.704834 -0.7776561 0 0.6286899
Melanocytes Schwann.cell.precursor 0.04539352 0.6661577 0.1393846 0.0681423 0.325671 0.4810571 0.439538 0.7585449 -0.8444942 0 0.5355647
Melanocytes Myocytes 0.05445058 0.7415788 0.2976476 0.07342521 0.1829364 0.08932251 0.7524297 0.6525879 -0.9907623 0 0.1356099
Melanocytes Excitatory.neurons 0.03918482 0.5159422 0.2149169 0.07594807 0.1823255 0.1069651 0.7099859 0.6960449 -0.988397 0 0.1518925
Melanocytes Oligodendrocyte.Progenitors 0.03420688 0.3830012 0.3373979 0.08931272 0.1013844 -0.76491 0.03262137 -0.6433105 0.6436531 0 -0.7653174
Melanocytes Intermediate.Mesoderm 0.001207139 0.01659406 0.005016159 0.07274523 0.24065 0.203372 0.6988065 0.685791 -0.9587316 0 0.2843127
Melanocytes Jaw.and.tooth.progenitors 0.03941896 0.5719283 0.4533946 0.06892291 0.08694184 0.4560041 0.4915081 0.7419434 -0.8519536 0 0.5236173
Melanocytes Inhibitory.neurons 0 0 0 0.1463241 0.02026667 -0.03431653 0.01693172 0.9992676 -0.9994109 0 -0.03432145
Melanocytes Primitive.erythroid.lineage 0.001331991 0.01849514 0.08559671 0.07201846 0.01556124 0.2548814 0.6645902 0.7023926 -0.9400228 0 0.3411117
Melanocytes Inhibitory.interneurons 0 0 0 0.1463241 0.01852104 -0.03431653 0.01693172 0.9992676 -0.9994109 0 -0.03432145
Melanocytes Osteoblasts 0.0002492301 0.00352032 0.000845056 0.07079756 0.2949273 0.3015188 0.6262059 0.7189941 -0.922192 0 0.3867323
Melanocytes Lens 0.002914827 0.02807113 0.8626009 0.1038372 0.003379114 -0.4809066 0.8099622 0.3356934 -0.5723848 0 -0.8199852
Melanocytes Chondroctye.progenitors 0.03683417 0.363136 0.7223492 0.1014335 0.05099219 -0.6094593 0.792506 -0.0222168 0.0364291 0 -0.9993363
Melanocytes Postmitotic.premature.neurons 0 0 0 0.1370277 0.03546942 0.05644158 0.06422738 0.9963379 -0.9983993 0 0.05655836
Melanocytes Stromal.cells 0.001113381 0.01516346 0.005230722 0.07342521 0.2128541 0.08932251 0.7524297 0.6525879 -0.9907623 0 0.1356099
Melanocytes Inhibitory.neuron.progenitors 0 0 0 0.1463241 0.01898637 -0.03431653 0.01693172 0.9992676 -0.9994109 0 -0.03432145
Melanocytes Cholinergic.neurons 0 0 0 0.1370277 0.01140095 0.05644158 0.06422738 0.9963379 -0.9983993 0 0.05655836
Melanocytes Granule.neurons 0.007742983 0.09889385 0.1207248 0.0782959 0.06413746 0.6467048 0.2282642 0.7277832 -0.7475182 0 0.6642413
Melanocytes Notochord.cells 0.005885524 0.06030482 0.2085291 0.09759624 0.028224 -0.8039178 0.4373164 -0.4030761 0.4482072 0 -0.8939297
Melanocytes Premature.oligodendrocyte 0.01212926 0.131465 0.1461465 0.09226223 0.08299383 -0.8027294 0.1242692 -0.583252 0.5878083 0 -0.8090003
Melanocytes Isthmic.organizer.cells 0.0463225 0.6675218 0.2977418 0.06939473 0.1555794 0.5449978 0.3782036 0.748291 -0.8083319 0 0.588727
Melanocytes White.blood.cells 0.007087836 0.1021967 0.170649 0.06935481 0.04153459 0.3431962 0.5840508 0.7355957 -0.9062217 0 0.4228027
Melanocytes Cardiac.muscle.lineages 0.02631904 0.199289 0.8220315 0.1320647 0.03201707 -0.09858718 0.986127 -0.1335449 0.8045213 0 -0.5939239
Melanocytes Megakaryocytes 0.0003199696 0.004149024 0.01276493 0.07711924 0.0250663 0.02749461 0.7712104 0.6359863 -0.9990668 0 0.04319112
Melanocytes Hepatocytes 0.0391453 0.424283 0.3098361 0.09226223 0.126342 -0.8027294 0.1242692 -0.583252 0.5878083 0 -0.8090003
Radial.glia Neural.Tube 0.02394675 0.4779801 0.2418886 0.0500999 0.09899912 -0.6761298 0.4896502 0.5505371 -0.6314086 0 -0.7754503
Radial.glia Schwann.cell.precursor 0.01788241 0.2628273 0.06515204 0.06803865 0.2744721 0.9250174 0.369444 0.08862305 -0.0953702 0 0.9954419
Radial.glia Myocytes 0.002943436 0.05434011 0.01453233 0.05416692 0.202544 -0.1037414 0.7911322 0.6027832 -0.9855112 0 -0.1696103
Radial.glia Excitatory.neurons 0.0168998 0.419486 0.1263702 0.04028692 0.1337325 -0.2310716 0.3312947 0.9147949 -0.9695479 0 -0.2449018
Radial.glia Oligodendrocyte.Progenitors 0.03192423 0.7916069 0.1780603 0.04032839 0.1792888 -0.280432 0.3385359 0.8981934 -0.9545566 0 -0.2980296
Radial.glia Intermediate.Mesoderm 0 0 0 0.04262638 0.2577713 -0.1153257 0.02846082 0.9929199 -0.9933223 0 -0.1153724
Radial.glia Jaw.and.tooth.progenitors 0 0 0 0.04248907 0.084637 -0.03431653 0.01693172 0.9992676 -0.9994109 0 -0.03432145
Radial.glia Inhibitory.neurons 0.001522714 0.03689075 0.07941377 0.0412763 0.01917443 -0.4045722 0.265083 0.8752441 -0.9077172 0 -0.4195826
Radial.glia Primitive.erythroid.lineage 0 0 0 0.04248907 0.0232434 -0.03431653 0.01693172 0.9992676 -0.9994109 0 -0.03432145
Radial.glia Inhibitory.interneurons 0.004715735 0.1154023 0.2551471 0.04086344 0.01848241 -0.2434996 0.3902198 0.8879395 -0.964395 0 -0.264466
Radial.glia Osteoblasts 0.007555877 0.1667654 0.0181595 0.04530843 0.416084 -0.4425436 0.5424023 0.7141113 -0.8500122 0 -0.526763
Radial.glia Lens 0 0 0 0.04248907 0.02520848 -0.03431653 0.01693172 0.9992676 -0.9994109 0 -0.03432145
Radial.glia Chondroctye.progenitors 0 0 0 0.04248907 0.1259615 -0.03431653 0.01693172 0.9992676 -0.9994109 0 -0.03432145
Radial.glia Postmitotic.premature.neurons 0.01219426 0.2455129 0.3701518 0.04966851 0.03294395 -0.4087897 0.2228202 -0.8850097 0.907833 0 -0.4193318
Radial.glia Stromal.cells 0.006170941 0.1087558 0.02484793 0.05674126 0.2483483 -0.2243704 0.9587422 0.1745606 -0.6140507 0 -0.7892665
Radial.glia Inhibitory.neuron.progenitors 0.005670395 0.1100258 0.2618261 0.05153697 0.0216571 0.3585721 0.09682696 0.9284668 -0.93285 0 0.3602649
Radial.glia Cholinergic.neurons 0.0006257656 0.01497311 0.03943764 0.04179264 0.01586722 0.4021066 0.07695094 -0.9123535 0.9150668 0 0.4033024
Radial.glia Granule.neurons 0.007492862 0.1844182 0.1863072 0.04062972 0.04021778 -0.2932903 0.3933842 0.8713379 -0.9477511 0 -0.3190108
Radial.glia Notochord.cells 0.01482128 0.2310733 0.9362667 0.06414104 0.01583019 -0.981361 0.1832556 -0.05786134 0.05885809 0 -0.9982663
Radial.glia Premature.oligodendrocyte 0.0268292 0.6608363 0.1793246 0.04059885 0.1496125 -0.3566344 0.2782502 0.8918457 -0.928514 0 -0.3712974
Radial.glia Isthmic.organizer.cells 0.03343822 0.8193995 0.1552931 0.0408082 0.2153232 -0.377844 0.1576228 0.9123535 -0.9239029 0 -0.3826271
Radial.glia White.blood.cells 0 0 0 0.04248907 0.04905194 -0.03431653 0.01693172 0.9992676 -0.9994109 0 -0.03432145
Radial.glia Cardiac.muscle.lineages 0 0 0 0.04248907 0.06065431 -0.03431653 0.01693172 0.9992676 -0.9994109 0 -0.03432145
Radial.glia Megakaryocytes 0 0 0 0.04248907 0.06724701 -0.03431653 0.01693172 0.9992676 -0.9994109 0 -0.03432145
Radial.glia Hepatocytes 0.009887673 0.2307452 0.0812765 0.04285105 0.1216548 -0.3483714 0.486822 0.8010254 -0.9170284 0 -0.3988219
Neural.Tube Schwann.cell.precursor 0.008210927 0.1383662 0.0301933 0.059342 0.2719454 -0.9197053 0.1661638 -0.3557129 0.3607277 0 -0.9326712
Neural.Tube Myocytes 0.01954342 0.1438852 0.09629386 0.1358265 0.2029561 -0.6017116 0.1824837 -0.7775879 0.7908674 0 -0.6119875
Neural.Tube Excitatory.neurons 0.02777214 0.4276607 0.2230407 0.06493966 0.124516 -0.9906095 0.06919342 -0.11792 0.1182033 0 -0.9929894
Neural.Tube Oligodendrocyte.Progenitors 0.0280872 0.5173976 0.2457776 0.05428552 0.1142789 -0.9610947 0.02431775 -0.2751465 0.2752279 0 -0.961379
Neural.Tube Intermediate.Mesoderm 0.006501002 0.09976982 0.02205213 0.06516 0.2948015 0.8680545 0.01140375 0.4963379 -0.4963702 0 0.868111
Neural.Tube Jaw.and.tooth.progenitors 0.02046893 0.3000722 0.2326355 0.06821334 0.08798712 0.4697597 0.5398543 0.6984863 -0.8297942 0 0.5580695
Neural.Tube Inhibitory.neurons 0 0 0 0.1511081 0.01828765 0.05119072 0.1727043 0.9836426 -0.9986485 0 0.05197166
Neural.Tube Primitive.erythroid.lineage 9.547381E-05 0.001164987 0.006948774 0.08195267 0.01373966 0.2556531 0.5582441 0.7893066 -0.9513423 0 0.3081358
Neural.Tube Inhibitory.interneurons 7.122961E-05 0.0007439887 0.003480541 0.09574018 0.0204651 -0.3525499 0.6460472 0.677002 -0.8869438 0 -0.4618775
Neural.Tube Osteoblasts 0.02465623 0.4235103 0.06219284 0.05821873 0.396448 0.9625259 0.0359316 0.2687988 -0.2689725 0 0.9631479
Neural.Tube Lens 0.001966879 0.02369941 0.5820696 0.08299275 0.003379114 -0.4809066 0.8099622 0.3356934 -0.5723848 0 -0.8199852
Neural.Tube Chondroctye.progenitors 0.004536109 0.06022492 0.08267215 0.07531947 0.05486865 -0.7438417 0.6681899 0.01489258 -0.02001716 0 -0.9997996
Neural.Tube Postmitotic.premature.neurons 0.002775096 0.01657804 0.06721811 0.1673959 0.04128494 -0.4715357 0.5299653 -0.704834 0.8311532 0 -0.5560435
Neural.Tube Stromal.cells 0.001643172 0.02764187 0.00535963 0.05944504 0.3065831 -0.9168706 0.3094266 -0.2521972 0.265213 0 -0.9641898
Neural.Tube Inhibitory.neuron.progenitors 1.961148E-05 0.0001511725 0.0008663542 0.1297292 0.02263679 0.3860915 0.1394099 0.9118652 -0.9208577 0 0.389899
Neural.Tube Cholinergic.neurons 0 0 0 0.1278996 0.01327481 0.01436153 0.3574081 0.9338379 -0.9998817 0 0.01537722
Neural.Tube Granule.neurons 0.0009641759 0.01612068 0.01837643 0.05980987 0.05246808 -0.9832707 0.151371 -0.1013184 0.1024995 0 -0.9947331
Neural.Tube Notochord.cells 0.00928214 0.1551941 0.5955607 0.05980987 0.01558555 -0.9832707 0.151371 -0.1013184 0.1024995 0 -0.9947331
Neural.Tube Premature.oligodendrocyte 0.01736114 0.2617418 0.2297299 0.06632926 0.07557195 0.8295746 0.09618837 0.5500488 -0.5526112 0 0.8334392
Neural.Tube Isthmic.organizer.cells 0.05089741 0.9651492 0.3937586 0.05273528 0.1292605 -0.9375837 0.2964031 -0.1818848 0.1904427 0 -0.9816983
Neural.Tube White.blood.cells 0.0006723385 0.004316395 0.02368412 0.1557639 0.02838773 0.474794 0.8757219 -0.08764645 0.1815318 0 0.9833851
Neural.Tube Cardiac.muscle.lineages 0.003522301 0.01727486 0.05412387 0.2038976 0.06507851 0.3824009 0.6665636 -0.6398926 0.8583998 0 0.5129812
Neural.Tube Megakaryocytes 0 0 0 0.1740559 0.06161075 -0.1153257 0.02846082 0.9929199 -0.9933223 0 -0.1153724
Neural.Tube Hepatocytes 0.01441642 0.2655666 0.09383854 0.05428552 0.1536301 -0.9610947 0.02431775 -0.2751465 0.2752279 0 -0.961379
Schwann.cell.precursor Myocytes 0.08077132 0.3637703 0.3330926 0.2220393 0.2424891 0.5175241 0.847973 -0.114502 0.2160253 0 0.9763877
Schwann.cell.precursor Excitatory.neurons 0.07771361 0.2994985 0.7078159 0.2594791 0.1097935 -0.8849516 0.1162961 0.4509278 -0.4540084 0 -0.8909974
Schwann.cell.precursor Oligodendrocyte.Progenitors 0.06989855 0.198755 0.6574076 0.351682 0.1063245 -0.2499563 0.02153668 -0.9680176 0.9682421 0 -0.2500143
Schwann.cell.precursor Intermediate.Mesoderm 0.08316169 0.4159536 0.3197313 0.1999302 0.2600987 -0.6449888 0.6895802 0.3293458 -0.4547659 0 -0.890611
Schwann.cell.precursor Jaw.and.tooth.progenitors 0.03077717 0.144306 0.3270501 0.2132771 0.09410537 0.2599877 0.9429955 -0.2077636 0.62428 0 0.7812008
Schwann.cell.precursor Inhibitory.neurons 0.01177955 0.03487504 0.6743573 0.3377645 0.01746782 -0.009749388 0.1570104 0.9875488 -0.9999513 0 -0.009871829
Schwann.cell.precursor Primitive.erythroid.lineage 0.0007366248 0.003439699 0.04465434 0.2141539 0.01649615 0.3555141 0.9314613 -0.07739252 0.21271 0 0.9771154
Schwann.cell.precursor Inhibitory.interneurons 0.005261485 0.01811335 0.2400349 0.2904755 0.02191966 -0.4505797 0.4979419 0.7409668 -0.8544257 0 -0.5195737
Schwann.cell.precursor Osteoblasts 0.1290127 0.6025921 0.3958776 0.2140963 0.3258905 0.146388 0.9856765 -0.0837402 0.4965409 0 0.8680133
Schwann.cell.precursor Lens 0.002917786 0.01624984 0.7686353 0.1795578 0.00379606 -0.5141945 0.806351 0.2922363 -0.4941121 0 -0.8693982
Schwann.cell.precursor Chondroctye.progenitors 0.004789469 0.02548558 0.09392554 0.1879286 0.05099219 -0.6094593 0.792506 -0.0222168 0.0364291 0 -0.9993363
Schwann.cell.precursor Postmitotic.premature.neurons 0.0282768 0.1037243 0.4454141 0.272615 0.0634843 0.6766127 0.4488237 -0.5837402 0.6532307 0 0.7571589
Schwann.cell.precursor Stromal.cells 0.1002065 0.4713453 0.4295504 0.2125968 0.2332822 -0.001067742 0.9555961 0.2946777 -0.9999934 0 -0.003623401
Schwann.cell.precursor Inhibitory.neuron.progenitors 0.0049963 0.02187063 0.160813 0.2284479 0.03106901 0.6032152 0.7016954 -0.3791504 0.532158 0 0.8466451
Schwann.cell.precursor Cholinergic.neurons 0.007429464 0.02816504 0.6656932 0.2637832 0.01116049 -0.5729823 0.6328575 -0.520752 0.6725731 0 -0.7400307
Schwann.cell.precursor Granule.neurons 0.02331567 0.07403634 1 0.314922 0.02331567 -0.6500251 0.1790187 0.7385254 -0.7506517 0 -0.6606982
Schwann.cell.precursor Notochord.cells 0.01288913 0.05557676 0.8142117 0.2319158 0.01583019 -0.981361 0.1832556 -0.05786134 0.05885809 0 -0.9982663
Schwann.cell.precursor Premature.oligodendrocyte 0.07357964 0.2231901 1 0.3296725 0.07357964 0.7923183 0.0008303243 0.6101074 -0.6101077 0 0.7923186
Schwann.cell.precursor Isthmic.organizer.cells 0.1128657 0.437795 0.9567276 0.2578049 0.1179706 -0.9712011 0.05557379 -0.2316895 0.2320481 0 -0.9727043
Schwann.cell.precursor White.blood.cells 0.002047597 0.009310769 0.07212964 0.2199171 0.02838773 0.474794 0.8757219 -0.08764645 0.1815318 0 0.9833851
Schwann.cell.precursor Cardiac.muscle.lineages 0.001217885 0.006065785 0.03671601 0.2007794 0.03317039 -0.2194161 0.9755849 -0.009521503 0.04335393 0 -0.9990597
Schwann.cell.precursor Megakaryocytes 5.437675E-05 0.0002332387 0.002174743 0.2331377 0.02500376 0.6255175 0.7701712 -0.1247559 0.1955921 0 0.9806853
Schwann.cell.precursor Hepatocytes 0.05612153 0.1594341 0.6698286 0.3520045 0.08378492 -0.4523226 0.1738 -0.8747559 0.8882746 0 -0.4593129
Myocytes Excitatory.neurons 0.06435231 0.3369373 0.4074883 0.1909919 0.1579243 0.6420821 0.488235 0.5910645 -0.677273 0 0.7357318
Myocytes Oligodendrocyte.Progenitors 0.059076 0.39584 0.5630496 0.1492421 0.1049215 -0.3377508 0.01175879 -0.9411621 0.9412272 0 -0.3377742
Myocytes Intermediate.Mesoderm 0.1314089 0.8968133 0.5089161 0.1465287 0.2582132 0.2718759 0.1597833 0.9489746 -0.9613256 0 0.2754143
Myocytes Jaw.and.tooth.progenitors 0.05501511 0.349171 0.794883 0.1575592 0.06921159 -0.2564551 0.1469357 -0.9553223 0.9658051 0 -0.2592691
Myocytes Inhibitory.neurons 0 0 0 0.178408 0.02198076 0.04742682 0.01380628 0.9987793 -0.9988745 0 0.04743133
Myocytes Primitive.erythroid.lineage 0.008997845 0.04767758 0.6216013 0.1887227 0.01447527 0.02825321 0.2099914 -0.9772949 0.9995824 0 0.02889754
Myocytes Inhibitory.interneurons 0 0 0 0.1868008 0.01852104 -0.03431653 0.01693172 0.9992676 -0.9994109 0 -0.03432145
Myocytes Osteoblasts 0.03509787 0.2321409 0.09494865 0.1511921 0.3696511 -0.3034222 0.05236999 -0.951416 0.9527234 0 -0.3038391
Myocytes Lens 0.002479435 0.009438336 0.5875894 0.2626983 0.004219673 -0.581514 0.7654195 0.2756348 -0.4283158 0 -0.9036292
Myocytes Chondroctye.progenitors 0.03089219 0.1822871 0.3544573 0.16947 0.08715348 0.4707174 0.2843547 0.8352051 -0.8711677 0 0.4909857
Myocytes Postmitotic.premature.neurons 0 0 0 0.1672118 0.03437775 0.1493689 0.02250491 0.9885254 -0.9887758 0 0.1494068
Myocytes Stromal.cells 0.1132454 0.7350839 0.4821692 0.1540578 0.2348666 0.200275 0.2885672 0.9362793 -0.9778786 0 0.2091733
Myocytes Inhibitory.neuron.progenitors 0 0 0 0.1868008 0.01898637 -0.03431653 0.01693172 0.9992676 -0.9994109 0 -0.03432145
Myocytes Cholinergic.neurons 0 0 0 0.1670979 0.01134728 0.1254137 0.1091319 0.986084 -0.992009 0 0.1261673
Myocytes Granule.neurons 0.01578735 0.1012393 0.3109362 0.155941 0.05077362 0.1929392 0.234078 0.9528809 -0.9801105 0 0.1984527
Myocytes Notochord.cells 0.007111634 0.02488074 0.3783817 0.2858289 0.01879487 -0.8871642 0.3081288 0.3435059 -0.3610741 0 -0.9325371
Myocytes Premature.oligodendrocyte 0.04138213 0.2221427 0.3973511 0.1862862 0.104145 0.6120812 0.4070648 0.6779785 -0.7422586 0 0.6701135
Myocytes Isthmic.organizer.cells 0.04365719 0.1603553 0.3000523 0.2722529 0.1454986 0.9139482 0.3517611 0.2023925 -0.2162106 0 0.9763467
Myocytes White.blood.cells 0.02404448 0.1206787 0.4948698 0.1992437 0.04858748 0.219128 0.3216819 -0.9211426 0.9728518 0 0.2314289
Myocytes Cardiac.muscle.lineages 0.01355987 0.06741987 0.2331654 0.2011257 0.05815559 0.6894 0.5035326 0.5207519 -0.6027387 0 0.7979386
Myocytes Megakaryocytes 0.01313099 0.06718843 0.4713623 0.1954352 0.02785753 -0.08198612 0.6926979 0.7165527 -0.9935179 0 -0.1136758
Myocytes Hepatocytes 0.07798052 0.4952235 0.9081199 0.1574653 0.0858703 -0.4349152 0.1277916 -0.8913574 0.898726 0 -0.4385105
Excitatory.neurons Oligodendrocyte.Progenitors 0.08037744 0.5086235 0.7913294 0.1580294 0.1015727 0.569857 0.03388599 0.8210449 -0.8215167 0 0.5701845
Excitatory.neurons Intermediate.Mesoderm 0.07851499 0.6787154 0.2767265 0.1156818 0.2837277 -0.377844 0.1576228 0.9123535 -0.9239029 0 -0.3826271
Excitatory.neurons Jaw.and.tooth.progenitors 0.03499911 0.1950328 0.260343 0.1794524 0.1344346 0.01122841 0.7078248 0.7062988 -0.9998737 0 0.01589552
Excitatory.neurons Inhibitory.neurons 0.01272128 0.1048663 0.7895062 0.1213095 0.01611296 -0.2184915 0.2148015 0.9519043 -0.9746549 0 -0.2237135
Excitatory.neurons Primitive.erythroid.lineage 0.001026797 0.00769722 0.06893912 0.1333985 0.01489426 0.1419002 0.2285514 0.9631348 -0.9893203 0 0.1457581
Excitatory.neurons Inhibitory.interneurons 0.003730078 0.01315273 0.1554225 0.2835971 0.02399959 -0.1436509 0.9709899 0.1911621 -0.799439 0 -0.6007473
Excitatory.neurons Osteoblasts 0.04207445 0.3593346 0.09270763 0.1170899 0.4538402 -0.8640565 0.1866084 0.4675292 -0.4758886 0 -0.8795056
Excitatory.neurons Lens 0.002908396 0.01551172 0.5848914 0.1874966 0.00497254 -0.5684972 0.6633689 0.4865723 -0.6502435 0 -0.7597259
Excitatory.neurons Chondroctye.progenitors 0.01773467 0.0642526 0.347792 0.2760149 0.05099219 -0.6094593 0.792506 -0.0222168 0.0364291 0 -0.9993363
Excitatory.neurons Postmitotic.premature.neurons 0.0007008619 0.002391256 0.01254262 0.2930936 0.05587844 0.04061534 0.7168486 -0.696045 0.9983019 0 0.05825251
Excitatory.neurons Stromal.cells 0.03478105 0.2791744 0.1078376 0.1245854 0.3225319 -0.978779 0.005883305 -0.204834 0.2048375 0 -0.978796
Excitatory.neurons Inhibitory.neuron.progenitors 0.01629128 0.1230364 0.8675684 0.1324103 0.0187781 -0.01288601 0.06498964 0.9978027 -0.9999166 0 -0.01291331
Excitatory.neurons Cholinergic.neurons 0.005567894 0.04414043 0.4492989 0.1261405 0.01239241 0.01518935 0.2113384 0.9772949 -0.9998792 0 0.01554036
Excitatory.neurons Granule.neurons 0.00319666 0.0252433 0.1301984 0.126634 0.02455222 -0.6305472 0.2683857 0.7282715 -0.7560083 0 -0.6545621
Excitatory.neurons Notochord.cells 0.01135126 0.08370608 0.6780167 0.1356085 0.01674186 -0.9567473 0.253449 0.1428222 -0.1476429 0 -0.9890407
Excitatory.neurons Premature.oligodendrocyte 0.06477298 0.4600321 0.8571034 0.140801 0.07557195 0.8295746 0.09618837 0.5500488 -0.5526112 0 0.8334392
Excitatory.neurons Isthmic.organizer.cells 0.06696668 0.5432068 0.5175025 0.1232803 0.1294036 0.8995521 0.221955 0.3762207 -0.3858449 0 0.9225637
Excitatory.neurons White.blood.cells 0.003486597 0.01230032 0.1228206 0.2834558 0.02838773 0.474794 0.8757219 -0.08764645 0.1815318 0 0.9833851
Excitatory.neurons Cardiac.muscle.lineages 0.007679828 0.02388291 0.2513515 0.3215617 0.03055414 -0.2369422 0.9421574 -0.2370606 0.7072834 0 -0.7069302
Excitatory.neurons Megakaryocytes 0 0 0 0.1226756 0.05193581 -0.2036511 0.1137582 0.9724121 -0.9787658 0 -0.2049817
Excitatory.neurons Hepatocytes 0.04630283 0.3816216 0.2865109 0.1213318 0.1616093 0.9799444 0.01766762 0.1984864 -0.1985174 0 0.9800974
Oligodendrocyte.Progenitors Intermediate.Mesoderm 0.07400587 0.6639636 0.2961794 0.1114607 0.2498684 0.005809169 0.1101637 -0.9938965 0.9999829 0 0.005844743
Oligodendrocyte.Progenitors Jaw.and.tooth.progenitors 0.02670455 0.2489151 0.3658744 0.1072838 0.0729883 -0.2617084 0.08185159 -0.9616699 0.9649076 0 -0.2625895
Oligodendrocyte.Progenitors Inhibitory.neurons 0.004114132 0.02740787 0.2109088 0.1501077 0.01950669 0.4498306 0.1777644 -0.8752441 0.8894097 0 0.4571109
Oligodendrocyte.Progenitors Primitive.erythroid.lineage 0.0011948 0.01106865 0.07910603 0.1079444 0.01510377 -0.04357429 0.0232634 -0.9987793 0.9990497 0 -0.04358609
Oligodendrocyte.Progenitors Inhibitory.interneurons 0.0009436432 0.006012475 0.06334306 0.1569476 0.01489734 -0.3726342 0.09969591 0.9226074 -0.9272269 0 -0.3745
Oligodendrocyte.Progenitors Osteoblasts 0.05283968 0.5437736 0.149323 0.0971722 0.3538617 -0.6679362 0.07451651 -0.7404786 0.742543 0 -0.6697984
Oligodendrocyte.Progenitors Lens 0.001519746 0.00593985 0.449747 0.255856 0.003379114 -0.4809066 0.8099622 0.3356934 -0.5723848 0 -0.8199852
Oligodendrocyte.Progenitors Chondroctye.progenitors 0.01002464 0.04158085 0.1965917 0.2410879 0.05099219 -0.6094593 0.792506 -0.0222168 0.0364291 0 -0.9993363
Oligodendrocyte.Progenitors Postmitotic.premature.neurons 0.01184156 0.09892093 0.3594457 0.1197073 0.03294395 -0.4087897 0.2228202 -0.8850097 0.907833 0 -0.4193318
Oligodendrocyte.Progenitors Stromal.cells 0.07552468 0.6101714 0.2384872 0.1237762 0.3166823 0.925231 0.1000791 0.3659668 -0.3678134 0 0.9298996
Oligodendrocyte.Progenitors Inhibitory.neuron.progenitors 0.00614319 0.05771152 0.2630823 0.1064465 0.02335083 -0.3439223 0.08854058 -0.9348145 0.9385003 0 -0.3452783
Oligodendrocyte.Progenitors Cholinergic.neurons 0.004393307 0.02646853 0.4544169 0.1659823 0.009668009 -0.602392 0.4974072 -0.6242675 0.7196025 0 -0.6943863
Oligodendrocyte.Progenitors Granule.neurons 0 0 0 0.1421598 0.04192474 -0.2801453 0.02150143 0.9597168 -0.9599388 0 -0.28021
Oligodendrocyte.Progenitors Notochord.cells 0.01358851 0.1196376 0.7434009 0.1135806 0.01827885 -0.9525867 0.1845048 -0.2419434 0.2461697 0 -0.9692267
Oligodendrocyte.Progenitors Premature.oligodendrocyte 0.05658238 0.547468 0.760711 0.1033529 0.07438092 -0.8470822 0.04514562 -0.529541 0.5300815 0 -0.8479467
Oligodendrocyte.Progenitors Isthmic.organizer.cells 0.06416203 0.5393472 0.5373913 0.1189624 0.1193954 -0.978779 0.005883305 -0.204834 0.2048375 0 -0.978796
Oligodendrocyte.Progenitors White.blood.cells 0.004244912 0.03932498 0.09359575 0.1079444 0.04535369 -0.04357429 0.0232634 -0.9987793 0.9990497 0 -0.04358609
Oligodendrocyte.Progenitors Cardiac.muscle.lineages 0.003907217 0.02895799 0.06657764 0.1349271 0.05868662 0.02564975 0.3098499 -0.9504395 0.999636 0 0.02697743
Oligodendrocyte.Progenitors Megakaryocytes 0.001325173 0.00469521 0.07539647 0.2822393 0.01757606 0.561738 0.8123792 0.1564942 -0.2683695 0 0.963316
Oligodendrocyte.Progenitors Hepatocytes 0.05285476 0.466584 0.6308386 0.1132803 0.08378492 -0.4523226 0.1738 -0.8747559 0.8882746 0 -0.4593129
Intermediate.Mesoderm Jaw.and.tooth.progenitors 0.01555237 0.05874038 0.1357802 0.2647645 0.1145408 0.4319133 0.3578605 -0.8278809 0.8865957 0 0.4625453
Intermediate.Mesoderm Inhibitory.neurons 0 0 0 0.2559925 0.02026667 -0.03431653 0.01693172 0.9992676 -0.9994109 0 -0.03432145
Intermediate.Mesoderm Primitive.erythroid.lineage 0.0009183892 0.003213584 0.05075141 0.2857834 0.01809584 0.373874 0.9152455 0.1501464 -0.3726673 0 0.927965
Intermediate.Mesoderm Inhibitory.interneurons 0 0 0 0.2559925 0.01852104 -0.03431653 0.01693172 0.9992676 -0.9994109 0 -0.03432145
Intermediate.Mesoderm Osteoblasts 0.1018517 0.3536482 0.2450781 0.2880029 0.4155887 -0.4012862 0.4729151 0.7844238 -0.8902698 0 -0.4554336
Intermediate.Mesoderm Lens 0.002815096 0.01090485 0.8330871 0.2581508 0.003379114 -0.4809066 0.8099622 0.3356934 -0.5723848 0 -0.8199852
Intermediate.Mesoderm Chondroctye.progenitors 0.04037782 0.1602098 0.5730507 0.2520308 0.07046115 -0.4733426 0.8165991 -0.3303222 0.5722786 0 -0.8200594
Intermediate.Mesoderm Postmitotic.premature.neurons 0.00146836 0.00691644 0.03163711 0.2122999 0.04641257 -0.3489498 0.670202 -0.6550293 0.8825762 0 -0.4701695
Intermediate.Mesoderm Stromal.cells 0.1776394 0.7141074 0.9979662 0.2487572 0.1780014 0.32618 0.7602788 0.5617676 -0.8647941 0 0.5021267
Intermediate.Mesoderm Inhibitory.neuron.progenitors 0 0 0 0.2559925 0.01898637 -0.03431653 0.01693172 0.9992676 -0.9994109 0 -0.03432145
Intermediate.Mesoderm Cholinergic.neurons 0.001903516 0.007765238 0.1954964 0.245133 0.009736835 -0.52567 0.4230512 -0.7380371 0.8145154 0 -0.580142
Intermediate.Mesoderm Granule.neurons 0.004586059 0.01467498 0.1953936 0.3125088 0.02347087 -0.6155481 0.2255744 0.755127 -0.7751045 0 -0.631833
Intermediate.Mesoderm Notochord.cells 0.0007707014 0.002408138 0.03854913 0.3200404 0.01999271 -0.8609731 0.3301289 0.3869629 -0.4099461 0 -0.9121097
Intermediate.Mesoderm Premature.oligodendrocyte 0.05157435 0.2043291 0.4859579 0.2524082 0.1061293 -0.612792 0.7553672 0.2321777 -0.3543064 0 -0.9351293
Intermediate.Mesoderm Isthmic.organizer.cells 0.01849689 0.06296035 0.1419215 0.2937863 0.1303319 -0.9238571 0.08871319 -0.3723144 0.3737882 0 -0.9275141
Intermediate.Mesoderm White.blood.cells 0.02322725 0.09602376 0.4780501 0.2418906 0.04858748 0.219128 0.3216819 -0.9211426 0.9728518 0 0.2314289
Intermediate.Mesoderm Cardiac.muscle.lineages 0.00867519 0.03030643 0.1642059 0.2862491 0.05283117 0.7923183 0.0008303243 0.6101074 -0.6101077 0 0.7923186
Intermediate.Mesoderm Megakaryocytes 0.008214178 0.03288909 0.3116069 0.2497539 0.02636071 0.08918882 0.8376873 0.5388184 -0.9865757 0 0.1633046
Intermediate.Mesoderm Hepatocytes 0.07462706 0.2802806 0.890698 0.2662584 0.08378492 -0.4523226 0.1738 -0.8747559 0.8882746 0 -0.4593129
Jaw.and.tooth.progenitors Inhibitory.neurons 0 0 0 0.084637 0.02026667 -0.03431653 0.01693172 0.9992676 -0.9994109 0 -0.03432145
Jaw.and.tooth.progenitors Primitive.erythroid.lineage 0.0008229931 0.01022546 0.05685513 0.08048473 0.01447527 0.02825321 0.2099914 -0.9772949 0.9995824 0 0.02889754
Jaw.and.tooth.progenitors Inhibitory.interneurons 0 0 0 0.084637 0.01852104 -0.03431653 0.01693172 0.9992676 -0.9994109 0 -0.03432145
Jaw.and.tooth.progenitors Osteoblasts 0.03888927 0.4942588 0.104224 0.078682 0.3731315 0.2073021 0.003277564 0.9782715 -0.9782767 0 0.2073032
Jaw.and.tooth.progenitors Lens 0.001090277 0.006045766 0.2583795 0.1803373 0.004219673 -0.581514 0.7654195 0.2756348 -0.4283158 0 -0.9036292
Jaw.and.tooth.progenitors Chondroctye.progenitors 0.03928272 0.4518275 0.4549835 0.08694184 0.08633877 0.4560041 0.4915081 0.7419434 -0.8519536 0 0.5236173
Jaw.and.tooth.progenitors Postmitotic.premature.neurons 0 0 0 0.084637 0.03514274 -0.03431653 0.01693172 0.9992676 -0.9994109 0 -0.03432145
Jaw.and.tooth.progenitors Stromal.cells 0.032386 0.3556623 0.1202733 0.09105831 0.2692702 0.2977526 0.7736262 -0.5593262 0.8827162 0 0.4699064
Jaw.and.tooth.progenitors Inhibitory.neuron.progenitors 0 0 0 0.084637 0.01898637 -0.03431653 0.01693172 0.9992676 -0.9994109 0 -0.03432145
Jaw.and.tooth.progenitors Cholinergic.neurons 0 0 0 0.084637 0.01146259 -0.03431653 0.01693172 0.9992676 -0.9994109 0 -0.03432145
Jaw.and.tooth.progenitors Granule.neurons 0 0 0 0.09281311 0.04437441 -0.1153257 0.02846082 0.9929199 -0.9933223 0 -0.1153724
Jaw.and.tooth.progenitors Notochord.cells 0 0 0 0.084637 0.03686045 -0.03431653 0.01693172 0.9992676 -0.9994109 0 -0.03432145
Jaw.and.tooth.progenitors Premature.oligodendrocyte 0.02324513 0.1444771 0.179675 0.1608914 0.1293732 -0.2716681 0.9410781 0.201416 -0.5955718 0 -0.803302
Jaw.and.tooth.progenitors Isthmic.organizer.cells 0.04546262 0.450275 0.2725157 0.1009663 0.1668257 0.5980622 0.6941278 0.4006348 -0.5565518 0 0.8308129
Jaw.and.tooth.progenitors White.blood.cells 0.004410362 0.05336883 0.1049659 0.08263928 0.04201711 0.08225829 0.2247108 -0.9709473 0.9964305 0 0.08441722
Jaw.and.tooth.progenitors Cardiac.muscle.lineages 0.007216536 0.06306682 0.1797868 0.1144268 0.04013942 -0.6908644 0.3535969 -0.6306153 0.6741679 0 -0.7385781
Jaw.and.tooth.progenitors Megakaryocytes 0.001212749 0.01175815 0.06900006 0.1031411 0.01757606 0.561738 0.8123792 0.1564942 -0.2683695 0 0.963316
Jaw.and.tooth.progenitors Hepatocytes 0.01741566 0.2290802 0.1903749 0.07602427 0.09148084 -0.3499093 0.2146281 -0.9118653 0.9336225 0 -0.3582582
Inhibitory.neurons Primitive.erythroid.lineage 0 0 0 0.02026667 0.0232434 -0.03431653 0.01693172 0.9992676 -0.9994109 0 -0.03432145
Inhibitory.neurons Inhibitory.interneurons 0.009432834 0.5543554 0.5866887 0.01701586 0.01607809 -0.372568 0.2177368 0.9020996 -0.9242753 0 -0.3817266
Inhibitory.neurons Osteoblasts 0.002062063 0.1264349 0.005360472 0.01630929 0.3846794 -0.05303492 0.1855574 0.9812012 -0.9985424 0 -0.05397223
Inhibitory.neurons Lens 0 0 0 0.02026667 0.02520848 -0.03431653 0.01693172 0.9992676 -0.9994109 0 -0.03432145
Inhibitory.neurons Chondroctye.progenitors 0 0 0 0.02026667 0.1259615 -0.03431653 0.01693172 0.9992676 -0.9994109 0 -0.03432145
Inhibitory.neurons Postmitotic.premature.neurons 0.01136169 0.7051275 0.2789581 0.01611296 0.04072902 -0.2184915 0.2148015 0.9519043 -0.9746549 0 -0.2237135
Inhibitory.neurons Stromal.cells 0 0 0 0.02198076 0.2717451 0.04742682 0.01380628 0.9987793 -0.9988745 0 0.04743133
Inhibitory.neurons Inhibitory.neuron.progenitors 0.0113166 0.665062 0.4035214 0.01701586 0.02804461 -0.372568 0.2177368 0.9020996 -0.9242753 0 -0.3817266
Inhibitory.neurons Cholinergic.neurons 0.0004653027 0.02852992 0.0373608 0.01630929 0.0124543 -0.05303492 0.1855574 0.9812012 -0.9985424 0 -0.05397223
Inhibitory.neurons Granule.neurons 0.007900663 0.4737189 0.2846757 0.01667796 0.0277532 -0.3233759 0.2267513 0.9187012 -0.9432708 0 -0.3320243
Inhibitory.neurons Notochord.cells 1.550502E-06 5.436858E-05 4.616085E-05 0.02851834 0.03358911 -0.4511311 0.4061626 0.7946777 -0.86964 0 -0.4936865
Inhibitory.neurons Premature.oligodendrocyte 0.004054296 0.2043008 0.03020535 0.01984474 0.1342245 0.03808563 0.3085682 0.9504395 -0.9991981 0 0.04003947
Inhibitory.neurons Isthmic.organizer.cells 0.004134805 0.2352226 0.0211223 0.01757826 0.1957555 0.01518935 0.2113384 0.9772949 -0.9998792 0 0.01554036
Inhibitory.neurons White.blood.cells 0 0 0 0.02026667 0.04905194 -0.03431653 0.01693172 0.9992676 -0.9994109 0 -0.03432145
Inhibitory.neurons Cardiac.muscle.lineages 0 0 0 0.02026667 0.06065431 -0.03431653 0.01693172 0.9992676 -0.9994109 0 -0.03432145
Inhibitory.neurons Megakaryocytes 0 0 0 0.02026667 0.06724701 -0.03431653 0.01693172 0.9992676 -0.9994109 0 -0.03432145
Inhibitory.neurons Hepatocytes 0 0 0 0.02100921 0.1036043 0.05644158 0.06422738 0.9963379 -0.9983993 0 0.05655836
Primitive.erythroid.lineage Inhibitory.interneurons 0 0 0 0.0232434 0.01852104 -0.03431653 0.01693172 0.9992676 -0.9994109 0 -0.03432145
Primitive.erythroid.lineage Osteoblasts 0 0 0 0.1058111 0.3682607 -0.5083064 0.8320905 0.2219238 -0.4001223 0 -0.9164618
Primitive.erythroid.lineage Lens 0 0 0 0.06328481 0.02091892 -0.3232228 0.1158166 0.939209 -0.9455721 0 -0.3254126
Primitive.erythroid.lineage Chondroctye.progenitors 0.0005539689 0.03827004 0.004408801 0.01447527 0.1256507 0.02825321 0.2099914 -0.9772949 0.9995824 0 0.02889754
Primitive.erythroid.lineage Postmitotic.premature.neurons 0 0 0 0.0232434 0.03514274 -0.03431653 0.01693172 0.9992676 -0.9994109 0 -0.03432145
Primitive.erythroid.lineage Stromal.cells 0.004005674 0.2689407 0.01625339 0.01489426 0.2464516 0.1419002 0.2285514 0.9631348 -0.9893203 0 0.1457581
Primitive.erythroid.lineage Inhibitory.neuron.progenitors 0 0 0 0.0232434 0.01898637 -0.03431653 0.01693172 0.9992676 -0.9994109 0 -0.03432145
Primitive.erythroid.lineage Cholinergic.neurons 0 0 0 0.0232434 0.01146259 -0.03431653 0.01693172 0.9992676 -0.9994109 0 -0.03432145
Primitive.erythroid.lineage Granule.neurons 0 0 0 0.04820288 0.03678252 -0.2036511 0.1137582 0.9724121 -0.9787658 0 -0.2049817
Primitive.erythroid.lineage Notochord.cells 0 0 0 0.03410394 0.03698717 -0.1153257 0.02846082 0.9929199 -0.9933223 0 -0.1153724
Primitive.erythroid.lineage Premature.oligodendrocyte 0.001854902 0.1151844 0.01403364 0.01610377 0.1321754 0.32618 0.7602788 0.5617676 -0.8647941 0 0.5021267
Primitive.erythroid.lineage Isthmic.organizer.cells 0.0003920531 0.02561372 0.002201637 0.01530637 0.1780734 0.1398998 0.3400812 0.9299316 -0.9888723 0 0.1487669
Primitive.erythroid.lineage White.blood.cells 0.009436655 0.6519158 0.2125331 0.01447527 0.04440088 0.02825321 0.2099914 -0.9772949 0.9995824 0 0.02889754
Primitive.erythroid.lineage Cardiac.muscle.lineages 5.540801E-05 0.003827772 0.0009278296 0.01447527 0.05971787 0.02825321 0.2099914 -0.9772949 0.9995824 0 0.02889754
Primitive.erythroid.lineage Megakaryocytes 0.005212387 0.3014801 0.2565462 0.01728933 0.02031754 0.3513747 0.9099087 0.220459 -0.5314713 0 0.8470763
Primitive.erythroid.lineage Hepatocytes 0.006022586 0.3510216 0.06028771 0.01715731 0.09989741 0.05119072 0.1727043 0.9836426 -0.9986485 0 0.05197166
Inhibitory.interneurons Osteoblasts 0 0 0 0.01610704 0.3920925 -0.1153257 0.02846082 0.9929199 -0.9933223 0 -0.1153724
Inhibitory.interneurons Lens 0 0 0 0.01852104 0.02520848 -0.03431653 0.01693172 0.9992676 -0.9994109 0 -0.03432145
Inhibitory.interneurons Chondroctye.progenitors 0 0 0 0.01852104 0.1259615 -0.03431653 0.01693172 0.9992676 -0.9994109 0 -0.03432145
Inhibitory.interneurons Postmitotic.premature.neurons 0.0097628 0.6926552 0.2706872 0.01409475 0.03606673 0.1977139 0.1513461 -0.9685059 0.9797922 0 0.2000179
Inhibitory.interneurons Stromal.cells 0 0 0 0.01852104 0.2811973 -0.03431653 0.01693172 0.9992676 -0.9994109 0 -0.03432145
Inhibitory.interneurons Inhibitory.neuron.progenitors 0.01070329 0.7245628 0.5494894 0.01477206 0.01947861 0.2013592 0.2029967 -0.958252 0.9786276 0 0.2056407
Inhibitory.interneurons Cholinergic.neurons 0 0 0 0.01852104 0.01146259 -0.03431653 0.01693172 0.9992676 -0.9994109 0 -0.03432145
Inhibitory.interneurons Granule.neurons 0.009047765 0.5647881 0.24598 0.01601975 0.03678252 -0.2036511 0.1137582 0.9724121 -0.9787658 0 -0.2049817
Inhibitory.interneurons Notochord.cells 0.001498566 0.07776382 0.03484255 0.01927074 0.04300966 -0.3415606 0.532914 0.7741699 -0.9149112 0 -0.4036551
Inhibitory.interneurons Premature.oligodendrocyte 0.002745712 0.1854943 0.01654953 0.01480213 0.1659088 -0.3069578 0.06555232 0.9494629 -0.9515095 0 -0.3076195
Inhibitory.interneurons Isthmic.organizer.cells 0.006251393 0.3301628 0.03144097 0.01893428 0.1988295 -0.1366432 0.2874514 0.947998 -0.9897711 0 -0.1426644
Inhibitory.interneurons White.blood.cells 0 0 0 0.01852104 0.04905194 -0.03431653 0.01693172 0.9992676 -0.9994109 0 -0.03432145
Inhibitory.interneurons Cardiac.muscle.lineages 0 0 0 0.01852104 0.06065431 -0.03431653 0.01693172 0.9992676 -0.9994109 0 -0.03432145
Inhibitory.interneurons Megakaryocytes 0 0 0 0.01852104 0.06724701 -0.03431653 0.01693172 0.9992676 -0.9994109 0 -0.03432145
Inhibitory.interneurons Hepatocytes 0 0 0 0.02524837 0.1012395 0.1077844 0.05883846 0.9924316 -0.994154 0 0.1079714
Osteoblasts Lens 0.001905703 0.005115391 0.5020212 0.3725429 0.00379606 -0.5141945 0.806351 0.2922363 -0.4941121 0 -0.8693982
Osteoblasts Chondroctye.progenitors 0.01302762 0.0357159 0.1509658 0.3647569 0.08629514 0.4595172 0.8879997 -0.01733399 0.03769537 0 0.9992893
Osteoblasts Postmitotic.premature.neurons 0.00431456 0.01289268 0.1049095 0.3346519 0.0411265 -0.2164015 0.5259735 -0.8225097 0.9670885 0 -0.25444
Osteoblasts Stromal.cells 0.1249017 0.3861669 0.5909666 0.3234396 0.2113514 0.3882964 0.4352773 0.8122559 -0.9022093 0 0.4312984
Osteoblasts Inhibitory.neuron.progenitors 4.567059E-05 0.0001401409 0.001256148 0.3258905 0.03635764 0.146388 0.9856765 -0.0837402 0.4965409 0 0.8680133
Osteoblasts Cholinergic.neurons 0.002083973 0.006128797 0.2140298 0.3400297 0.009736835 -0.52567 0.4230512 -0.7380371 0.8145154 0 -0.580142
Osteoblasts Granule.neurons 0.01788189 0.03947366 0.7629853 0.4530082 0.02343675 -0.6668757 0.2209135 0.7116699 -0.7296983 0 -0.6837693
Osteoblasts Notochord.cells 0.006799197 0.0154174 0.3617582 0.4410079 0.01879487 -0.8871642 0.3081288 0.3435059 -0.3610741 0 -0.9325371
Osteoblasts Premature.oligodendrocyte 0.01190548 0.03134763 0.1612432 0.3797888 0.07383552 -0.8193694 0.01752277 -0.572998 0.573086 0 -0.8194952
Osteoblasts Isthmic.organizer.cells 0.0949573 0.2445187 0.759227 0.3883438 0.125071 -0.9374179 0.04365502 -0.345459 0.3457886 0 -0.9383124
Osteoblasts White.blood.cells 0.01862487 0.06260189 0.4204374 0.2975128 0.04429879 0.435982 0.6342947 0.6384277 -0.8258115 0 0.5639462
Osteoblasts Cardiac.muscle.lineages 0.000370565 0.0008903884 0.005441513 0.4161835 0.06809962 -0.8079532 0.5187179 0.2795411 -0.3269695 0 -0.9450349
Osteoblasts Megakaryocytes 0.01523709 0.03849828 0.5691165 0.3957862 0.02677323 0.6328989 0.7492579 -0.1950683 0.2945413 0 0.9556388
Osteoblasts Hepatocytes 0.07320288 0.1624152 0.3700251 0.4507145 0.1978322 -0.818154 0.007431732 0.5749512 -0.574967 0 -0.8181766
Lens Chondroctye.progenitors 1.671933E-05 0.003434496 0.0002327722 0.004868058 0.071827 -0.6146567 0.7284894 0.3024902 -0.4415548 0 -0.8972343
Lens Postmitotic.premature.neurons 0 0 0 0.02520848 0.03514274 -0.03431653 0.01693172 0.9992676 -0.9994109 0 -0.03432145
Lens Stromal.cells 0.001950619 0.5772574 0.006500654 0.003379114 0.300065 -0.4809066 0.8099622 0.3356934 -0.5723848 0 -0.8199852
Lens Inhibitory.neuron.progenitors 0 0 0 0.02520848 0.01898637 -0.03431653 0.01693172 0.9992676 -0.9994109 0 -0.03432145
Lens Cholinergic.neurons 0 0 0 0.02520848 0.01146259 -0.03431653 0.01693172 0.9992676 -0.9994109 0 -0.03432145
Lens Granule.neurons 0.0006070095 0.03635433 0.0260344 0.01669704 0.02331567 -0.6500251 0.1790187 0.7385254 -0.7506517 0 -0.6606982
Lens Notochord.cells 5.291756E-06 0.0003341386 0.0002412169 0.01583701 0.02193775 -0.8877465 0.4183166 -0.1921387 0.2115363 0 -0.9773701
Lens Premature.oligodendrocyte 0 0 0 0.02103676 0.1200326 0.4350219 0.4403432 0.7854004 -0.8747767 0 0.4845262
Lens Isthmic.organizer.cells 0.000716978 0.1699132 0.003909972 0.004219673 0.1833717 -0.581514 0.7654195 0.2756348 -0.4283158 0 -0.9036292
Lens White.blood.cells 0 0 0 0.01900135 0.1069413 -0.4230307 0.1366509 0.895752 -0.9042343 0 -0.4270366
Lens Cardiac.muscle.lineages 0 0 0 0.02520848 0.06065431 -0.03431653 0.01693172 0.9992676 -0.9994109 0 -0.03432145
Lens Megakaryocytes 0 0 0 0.02253301 0.05193581 -0.2036511 0.1137582 0.9724121 -0.9787658 0 -0.2049817
Lens Hepatocytes 0.0005355438 0.03014802 0.003771757 0.01776381 0.1419879 -0.9375837 0.2964031 -0.1818848 0.1904427 0 -0.9816983
Chondroctye.progenitors Postmitotic.premature.neurons 0 0 0 0.1259615 0.03514274 -0.03431653 0.01693172 0.9992676 -0.9994109 0 -0.03432145
Chondroctye.progenitors Stromal.cells 0.0425885 0.616084 0.1252121 0.06912775 0.3401309 0.9998322 0.01131659 0.01440435 -0.01440527 0 0.9998962
Chondroctye.progenitors Inhibitory.neuron.progenitors 0 0 0 0.1259615 0.01898637 -0.03431653 0.01693172 0.9992676 -0.9994109 0 -0.03432145
Chondroctye.progenitors Cholinergic.neurons 0 0 0 0.1259615 0.01146259 -0.03431653 0.01693172 0.9992676 -0.9994109 0 -0.03432145
Chondroctye.progenitors Granule.neurons 0 0 0 0.1259615 0.04742362 -0.03431653 0.01693172 0.9992676 -0.9994109 0 -0.03432145
Chondroctye.progenitors Notochord.cells 0 0 0 0.1259615 0.03686045 -0.03431653 0.01693172 0.9992676 -0.9994109 0 -0.03432145
Chondroctye.progenitors Premature.oligodendrocyte 0.00564428 0.1106891 0.0464325 0.05099219 0.1215588 -0.6094593 0.792506 -0.0222168 0.0364291 0 -0.9993363
Chondroctye.progenitors Isthmic.organizer.cells 0.02909942 0.5706642 0.1601916 0.05099219 0.1816539 -0.6094593 0.792506 -0.0222168 0.0364291 0 -0.9993363
Chondroctye.progenitors White.blood.cells 0.003774466 0.02946629 0.08983165 0.1280944 0.04201711 0.08225829 0.2247108 -0.9709473 0.9964305 0 0.08441722
Chondroctye.progenitors Cardiac.muscle.lineages 0.006871607 0.08231014 0.1476289 0.08348433 0.0465465 -0.6530273 0.01962598 -0.75708 0.7572259 0 -0.6531531
Chondroctye.progenitors Megakaryocytes 0 0 0 0.1296747 0.03796211 -0.3233759 0.2267513 0.9187012 -0.9432708 0 -0.3320243
Chondroctye.progenitors Hepatocytes 0.004701744 0.09220518 0.03076088 0.05099219 0.1528482 -0.6094593 0.792506 -0.0222168 0.0364291 0 -0.9993363
Postmitotic.premature.neurons Stromal.cells 0 0 0 0.03629884 0.2550559 0.1825098 0.1201907 0.9758301 -0.9829557 0 0.1838425
Postmitotic.premature.neurons Inhibitory.neuron.progenitors 0.01552342 0.4330979 0.8266767 0.03584275 0.0187781 -0.01288601 0.06498964 0.9978027 -0.9999166 0 -0.01291331
Postmitotic.premature.neurons Cholinergic.neurons 0.008013815 0.2497873 0.8166327 0.03208255 0.009813242 -0.3034222 0.05236999 -0.951416 0.9527234 0 -0.3038391
Postmitotic.premature.neurons Granule.neurons 0.01476357 0.3209936 0.6299325 0.04599334 0.02343675 -0.6668757 0.2209135 0.7116699 -0.7296983 0 -0.6837693
Postmitotic.premature.neurons Notochord.cells 0.001981897 0.04009114 0.1183797 0.04943478 0.01674186 -0.9567473 0.253449 0.1428222 -0.1476429 0 -0.9890407
Postmitotic.premature.neurons Premature.oligodendrocyte 0.02071295 0.6197711 0.1552407 0.03342032 0.1334247 -0.3783058 0.04552578 -0.9245605 0.9255201 0 -0.3786985
Postmitotic.premature.neurons Isthmic.organizer.cells 0.01343392 0.4077813 0.06188675 0.03294395 0.2170727 -0.4087897 0.2228202 -0.8850097 0.907833 0 -0.4193318
Postmitotic.premature.neurons White.blood.cells 0 0 0 0.03514274 0.04905194 -0.03431653 0.01693172 0.9992676 -0.9994109 0 -0.03432145
Postmitotic.premature.neurons Cardiac.muscle.lineages 0 0 0 0.03514274 0.06065431 -0.03431653 0.01693172 0.9992676 -0.9994109 0 -0.03432145
Postmitotic.premature.neurons Megakaryocytes 0 0 0 0.03514274 0.06724701 -0.03431653 0.01693172 0.9992676 -0.9994109 0 -0.03432145
Postmitotic.premature.neurons Hepatocytes 0 0 0 0.0358147 0.1047302 0.2810331 0.09154117 0.9553223 -0.9593503 0 0.282218
Stromal.cells Inhibitory.neuron.progenitors 0 0 0 0.2644106 0.02003467 0.1493689 0.02250491 0.9885254 -0.9887758 0 0.1494068
Stromal.cells Cholinergic.neurons 0 0 0 0.2547309 0.01019557 0.2728818 0.02695352 0.9616699 -0.9620194 0 0.272981
Stromal.cells Granule.neurons 0.01171489 0.03519431 0.2004735 0.3328632 0.05843611 0.9783048 0.09918419 0.1818848 -0.1827861 0 0.9831527
Stromal.cells Notochord.cells 0.005727262 0.01480709 0.3047248 0.3867917 0.01879487 -0.8871642 0.3081288 0.3435059 -0.3610741 0 -0.9325371
Stromal.cells Premature.oligodendrocyte 0.0694012 0.2334719 0.9334975 0.2972572 0.07434535 0.7698446 0.04021977 0.6369629 -0.6374787 0 0.770468
Stromal.cells Isthmic.organizer.cells 0.1008045 0.3125412 0.8442916 0.3225319 0.1193954 -0.978779 0.005883305 -0.204834 0.2048375 0 -0.978796
Stromal.cells White.blood.cells 0.02098511 0.07716157 0.7392316 0.2719632 0.02838773 0.474794 0.8757219 -0.08764645 0.1815318 0 0.9833851
Stromal.cells Cardiac.muscle.lineages 0.01825946 0.07948864 0.5305095 0.2297116 0.03441873 -0.2962347 0.7103907 -0.6384277 0.9071056 0 -0.420903
Stromal.cells Megakaryocytes 0.002009755 0.007961661 0.1179138 0.2524292 0.01704427 0.5170336 0.8360976 0.1833496 -0.3342254 0 0.9424932
Stromal.cells Hepatocytes 0.06885669 0.2774591 0.8218269 0.2481688 0.08378492 -0.4523226 0.1738 -0.8747559 0.8882746 0 -0.4593129
Inhibitory.neuron.progenitors Cholinergic.neurons 0.003042637 0.1489658 0.2938505 0.02042507 0.01035437 -0.09363218 0.07945082 -0.9924316 0.9955789 0 -0.09392911
Inhibitory.neuron.progenitors Granule.neurons 0.01020424 0.5331722 0.2048447 0.01913873 0.04981453 0.07928432 0.05449619 -0.9953613 0.9968426 0 0.07940231
Inhibitory.neuron.progenitors Notochord.cells 0.000889408 0.0385584 0.02554409 0.02306651 0.03481854 0.3659135 0.2755642 0.888916 -0.9247187 0 0.3806513
Inhibitory.neuron.progenitors Premature.oligodendrocyte 0.008780272 0.3870402 0.07406756 0.02268569 0.1185441 0.358859 0.2264027 0.9055176 -0.9296573 0 0.3684256
Inhibitory.neuron.progenitors Isthmic.organizer.cells 0.005117867 0.2363136 0.02665951 0.0216571 0.1919716 0.3585721 0.09682696 0.9284668 -0.93285 0 0.3602649
Inhibitory.neuron.progenitors White.blood.cells 0 0 0 0.01898637 0.04905194 -0.03431653 0.01693172 0.9992676 -0.9994109 0 -0.03432145
Inhibitory.neuron.progenitors Cardiac.muscle.lineages 0 0 0 0.01898637 0.06065431 -0.03431653 0.01693172 0.9992676 -0.9994109 0 -0.03432145
Inhibitory.neuron.progenitors Megakaryocytes 0 0 0 0.01898637 0.06724701 -0.03431653 0.01693172 0.9992676 -0.9994109 0 -0.03432145
Inhibitory.neuron.progenitors Hepatocytes 0 0 0 0.0201705 0.09747437 0.1193396 0.1608564 0.9797363 -0.992663 0 0.1209141
Cholinergic.neurons Granule.neurons 0.0003936849 0.03967214 0.005094696 0.009923462 0.07727348 -0.6520805 0.5176145 -0.5539551 0.6474358 0 -0.7621199
Cholinergic.neurons Notochord.cells 0 0 0 0.01637425 0.03651736 -0.4880287 0.006581897 0.8728027 -0.8728217 0 -0.4880393
Cholinergic.neurons Premature.oligodendrocyte 0.004507675 0.2428765 0.04440429 0.01855953 0.1015144 -0.9766868 0.1736412 0.1262207 -0.1281677 0 -0.9917525
Cholinergic.neurons Isthmic.organizer.cells 0.001360723 0.07816204 0.01121617 0.017409 0.121318 -0.9822438 0.11932 -0.1447754 0.1458172 0 -0.9893116
Cholinergic.neurons White.blood.cells 0 0 0 0.01146259 0.04905194 -0.03431653 0.01693172 0.9992676 -0.9994109 0 -0.03432145
Cholinergic.neurons Cardiac.muscle.lineages 0 0 0 0.01146259 0.06065431 -0.03431653 0.01693172 0.9992676 -0.9994109 0 -0.03432145
Cholinergic.neurons Megakaryocytes 0 0 0 0.01146259 0.06724701 -0.03431653 0.01693172 0.9992676 -0.9994109 0 -0.03432145
Cholinergic.neurons Hepatocytes 0 0 0 0.01206397 0.1020347 0.09383775 0.2090669 0.9733887 -0.9953853 0 0.09595829
Granule.neurons Notochord.cells 0.002720476 0.08410264 0.1360734 0.03234709 0.01999271 -0.8609731 0.3301289 0.3869629 -0.4099461 0 -0.9121097
Granule.neurons Premature.oligodendrocyte 0.02327094 0.7776425 0.1834883 0.02992499 0.1268252 -0.7665387 0.3805048 0.517334 -0.5594137 0 -0.8288886
Granule.neurons Isthmic.organizer.cells 0.02077724 0.8456668 0.1019339 0.02456907 0.2038307 -0.723532 0.2552686 0.6413574 -0.6633335 0 -0.7483239
Granule.neurons White.blood.cells 0 0 0 0.03419839 0.08752324 -0.3232228 0.1158166 0.939209 -0.9455721 0 -0.3254126
Granule.neurons Cardiac.muscle.lineages 0 0 0 0.04742362 0.06065431 -0.03431653 0.01693172 0.9992676 -0.9994109 0 -0.03432145
Granule.neurons Megakaryocytes 0 0 0 0.04129026 0.05898773 -0.1226607 0.08250041 0.9890137 -0.9923967 0 -0.1230802
Granule.neurons Hepatocytes 0.01427161 0.330824 0.1445333 0.04313958 0.09874273 -0.06731362 0.2910209 0.9543457 -0.9975217 0 -0.07035898
Notochord.cells Premature.oligodendrocyte 0.007237631 0.2431946 0.08635546 0.02976066 0.0838121 -0.726849 0.006400601 -0.6867675 0.6867816 0 -0.7268639
Notochord.cells Isthmic.organizer.cells 0.01411873 0.7464819 0.08482909 0.01891369 0.1664373 -0.9490953 0.2319304 0.2131348 -0.2191093 0 -0.9757003
Notochord.cells White.blood.cells 0 0 0 0.0371585 0.07312599 -0.2180506 0.1634182 0.9621582 -0.9752688 0 -0.2210218
Notochord.cells Cardiac.muscle.lineages 0 0 0 0.03686045 0.06065431 -0.03431653 0.01693172 0.9992676 -0.9994109 0 -0.03432145
Notochord.cells Megakaryocytes 0 0 0 0.03718258 0.06320959 -0.06643912 0.06958211 0.9953613 -0.9977797 0 -0.06660055
Notochord.cells Hepatocytes 0.009552461 0.5082484 0.05357636 0.01879487 0.1782962 -0.8871642 0.3081288 0.3435059 -0.3610741 0 -0.9325371
Premature.oligodendrocyte Isthmic.organizer.cells 0.05458955 0.722352 0.3775294 0.07557195 0.1445968 0.8295746 0.09618837 0.5500488 -0.5526112 0 0.8334392
Premature.oligodendrocyte White.blood.cells 0.007509164 0.05987664 0.1979353 0.1254106 0.03793746 0.3885726 0.6799585 0.6218262 -0.8480405 0 0.5299315
Premature.oligodendrocyte Cardiac.muscle.lineages 0.0009915984 0.007664633 0.02779645 0.1293732 0.03567357 -0.2716681 0.9410781 0.201416 -0.5955718 0 -0.803302
Premature.oligodendrocyte Megakaryocytes 0.0008169102 0.005994899 0.03690771 0.1362675 0.02213386 0.1117834 0.8052701 0.5822754 -0.9820667 0 0.1885341
Premature.oligodendrocyte Hepatocytes 0.03498597 0.4538387 0.2684588 0.077089 0.1303216 -0.8263933 0.08658498 -0.5563965 0.558494 0 -0.8295086
Isthmic.organizer.cells White.blood.cells 0.002296367 0.01374074 0.04998222 0.167121 0.04594367 0.2450287 0.3779277 0.8928223 -0.9643426 0 0.264657
Isthmic.organizer.cells Cardiac.muscle.lineages 0.01868296 0.07638538 0.3790762 0.2445882 0.0492855 0.1544363 0.8387128 -0.5222167 0.9589454 0 0.283591
Isthmic.organizer.cells Megakaryocytes 0 0 0 0.2067993 0.03798147 -0.4504965 0.2445114 0.8586426 -0.8855213 0 -0.4645987
Isthmic.organizer.cells Hepatocytes 0.03786886 0.3150437 0.2343235 0.1202019 0.1616093 0.9799444 0.01766762 0.1984864 -0.1985174 0 0.9800974
White.blood.cells Cardiac.muscle.lineages 0.0008068512 0.01920292 0.01294665 0.04201711 0.06232123 0.08225829 0.2247108 -0.9709473 0.9964305 0 0.08441722
White.blood.cells Megakaryocytes 0.006623092 0.1556924 0.3768246 0.0425396 0.01757606 0.561738 0.8123792 0.1564942 -0.2683695 0 0.963316
White.blood.cells Hepatocytes 0.02038109 0.4285437 0.2090918 0.04755894 0.09747437 0.1193396 0.1608564 0.9797363 -0.992663 0 0.1209141
Cardiac.muscle.lineages Megakaryocytes 0.0001134813 0.002838189 0.004332936 0.03998372 0.0261904 -0.01161461 0.7486693 0.6628418 -0.9998465 0 -0.01751976
Cardiac.muscle.lineages Hepatocytes 0.001185763 0.01902664 0.01037856 0.06232123 0.1142513 0.08225829 0.2247108 -0.9709473 0.9964305 0 0.08441722
Megakaryocytes Hepatocytes 0.007185379 0.2054343 0.06409788 0.03497653 0.1121001 -0.2468787 0.4445057 0.861084 -0.9612715 0 -0.2756031
