11 14 0 0 0 0.02054136 0.07863802 -0.03431653 0.01693172 0.9992676 -0.9994109 0 -0.03432145
11 8 0 0 0 0.02054136 0.03227386 -0.03431653 0.01693172 0.9992676 -0.9994109 0 -0.03432145
11 1 0.009129206 1 0.05539765 0.009129206 0.1647941 0.02910873 0.4738451 -0.880127 0.9994535 0 0.03305526
11 12 0 0 0 0.02054136 0.05645394 -0.03431653 0.01693172 0.9992676 -0.9994109 0 -0.03432145
11 22 0 0 0 0.02054136 0.01594491 -0.03431653 0.01693172 0.9992676 -0.9994109 0 -0.03432145
11 20 0 0 0 0.02054136 0.01309137 -0.03431653 0.01693172 0.9992676 -0.9994109 0 -0.03432145
11 0 0.009129206 1 0.02755568 0.009129206 0.3313003 0.02910873 0.4738451 -0.880127 0.9994535 0 0.03305526
11 6 0.009129206 1 0.02947321 0.009129206 0.3097459 0.02910873 0.4738451 -0.880127 0.9994535 0 0.03305526
11 5 0.009129115 0.9999901 0.03624837 0.009129206 0.251849 0.02910873 0.4738451 -0.880127 0.9994535 0 0.03305526
11 2 8.226497E-05 0.005411269 0.0004869871 0.01520253 0.1689264 0.07596776 0.6041871 -0.793213 0.9954451 0 0.09533598
11 13 0 0 0 0.03276286 0.1237911 -0.3573058 0.0458512 0.9328613 -0.9338435 0 -0.357682
11 9 0.007866407 0.8616748 0.1332401 0.009129206 0.05903931 0.02910873 0.4738451 -0.880127 0.9994535 0 0.03305526
11 3 0 0 0 0.02054136 0.03717468 -0.03431653 0.01693172 0.9992676 -0.9994109 0 -0.03432145
11 4 0.009129206 1 0.04354426 0.009129206 0.2096535 0.02910873 0.4738451 -0.880127 0.9994535 0 0.03305526
11 10 0.006887219 0.7224286 0.1934612 0.009533425 0.0356 0.01205363 0.3832067 -0.923584 0.9999148 0 0.01304982
11 16 6.407616E-06 0.0006220505 0.0005669441 0.0103008 0.01130202 0.02564975 0.3098499 -0.9504395 0.999636 0 0.02697743
11 7 0 0 0 0.02054136 0.01356872 -0.03431653 0.01693172 0.9992676 -0.9994109 0 -0.03432145
11 15 0 0 0 0.02054136 0.05529824 -0.03431653 0.01693172 0.9992676 -0.9994109 0 -0.03432145
11 17 0 0 0 0.02054136 0.02570297 -0.03431653 0.01693172 0.9992676 -0.9994109 0 -0.03432145
11 18 0 0 0 0.02054136 0.01080945 -0.03431653 0.01693172 0.9992676 -0.9994109 0 -0.03432145
11 21 0 0 0 0.02054136 0.000731344 -0.03431653 0.01693172 0.9992676 -0.9994109 0 -0.03432145
11 23 0 0 0 0.02054136 0.0008650807 -0.03431653 0.01693172 0.9992676 -0.9994109 0 -0.03432145
11 19 0 0 0 0.02054136 0.01355927 -0.03431653 0.01693172 0.9992676 -0.9994109 0 -0.03432145
14 8 0 0 0 0.07524826 0.03691962 0.1254137 0.1091319 0.986084 -0.992009 0 0.1261673
14 1 0 0 0 0.07863802 0.1341716 -0.03431653 0.01693172 0.9992676 -0.9994109 0 -0.03432145
14 12 0 0 0 0.07863802 0.05645394 -0.03431653 0.01693172 0.9992676 -0.9994109 0 -0.03432145
14 22 0 0 0 0.07863802 0.01594491 -0.03431653 0.01693172 0.9992676 -0.9994109 0 -0.03432145
14 20 0 0 0 0.07863802 0.01309137 -0.03431653 0.01693172 0.9992676 -0.9994109 0 -0.03432145
14 0 0.01266913 0.9360973 0.03450152 0.01353399 0.367205 -0.5136341 0.7408178 0.4328613 -0.6444208 0 -0.764671
14 6 0.008109851 0.5992209 0.03488127 0.01353399 0.2324987 -0.5136341 0.7408178 0.4328613 -0.6444208 0 -0.764671
14 5 0 0 0 0.07723659 0.1889189 0.1077844 0.05883846 0.9924316 -0.994154 0 0.1079714
14 2 5.03817E-06 0.0003133996 3.398261E-05 0.01607586 0.1482573 -0.7587669 0.5801485 0.2961425 -0.3635834 0 -0.9315616
14 13 0 0 0 0.07863802 0.1276457 -0.03431653 0.01693172 0.9992676 -0.9994109 0 -0.03432145
14 9 0 0 0 0.07863802 0.06450106 -0.03431653 0.01693172 0.9992676 -0.9994109 0 -0.03432145
14 3 0.000868174 0.03399131 0.02790947 0.02554105 0.03110679 -0.9805288 0.1230083 0.1530762 -0.1542476 0 -0.9880322
14 4 0.000505352 0.0290716 0.002138246 0.01738301 0.2363394 -0.3424574 0.7893737 0.5095215 -0.8299571 0 -0.5578272
14 10 0 0 0 0.07863802 0.057633 -0.03431653 0.01693172 0.9992676 -0.9994109 0 -0.03432145
14 16 0.0003361359 0.01068048 0.0483731 0.03147198 0.006948818 0.2655119 0.7951713 0.545166 -0.899043 0 0.4378604
14 7 5.512252E-05 0.000941186 0.002120119 0.05856708 0.02599973 0.6550829 0.5384564 -0.5300294 0.6290004 0 0.7774049
14 15 0.0003632169 0.0142209 0.005598763 0.02554105 0.06487449 -0.9805288 0.1230083 0.1530762 -0.1542476 0 -0.9880322
14 17 0 0 0 0.07110222 0.01451091 -0.4001794 0.01801315 0.9162598 -0.9164084 0 -0.4002444
14 18 0 0 0 0.07474714 0.01089587 -0.0522557 0.1195248 0.9914551 -0.9986139 0 -0.05263302
14 21 3.731035E-05 0.001252634 0.1331977 0.02978551 0.0002801127 0.9551853 0.2853113 -0.07885741 0.08227727 0 0.9966095
14 23 0 0 0 0.07863802 0.0008650807 -0.03431653 0.01693172 0.9992676 -0.9994109 0 -0.03432145
14 19 0 0 0 0.07863802 0.01355927 -0.03431653 0.01693172 0.9992676 -0.9994109 0 -0.03432145
8 1 0.0001715483 0.00332992 0.001597369 0.05151726 0.1073943 0.09868176 0.4314393 0.8967285 -0.9939993 0 0.1093861
8 12 0.008438254 0.265732 0.1709043 0.03175476 0.04937415 -0.04202883 0.07446051 -0.9963379 0.9991115 0 -0.04214583
8 22 0.003756231 0.06085685 0.7609035 0.0617224 0.00493654 -0.6500251 0.1790187 0.7385254 -0.7506517 0 -0.6606982
8 20 0 0 0 0.03419224 0.01333869 0.1077844 0.05883846 0.9924316 -0.994154 0 0.1079714
8 0 0.02218426 0.450492 0.06236609 0.04924451 0.3557102 0.2939874 0.2769868 -0.9147949 0.9520449 0 0.3059584
8 6 0.01874176 0.4689697 0.06834421 0.03996369 0.274226 -0.1625286 0.1886289 0.9685059 -0.9862099 0 -0.1654996
8 5 0.02398747 0.7409261 0.1151923 0.03237499 0.2082385 -0.1312659 0.2070582 -0.9694824 0.9909578 0 -0.1341736
8 2 0.0133255 0.1488137 0.06771178 0.08954484 0.1967974 0.6362455 0.7244063 -0.2653809 0.3849597 0 0.9229334
8 13 0.004571234 0.09746181 0.04651544 0.04690282 0.09827348 -0.3193453 0.4593624 -0.8288575 0.9331365 0 -0.3595223
8 9 0 0 0 0.03227386 0.06450106 -0.03431653 0.01693172 0.9992676 -0.9994109 0 -0.03432145
8 3 0.009957841 0.1752926 0.32324 0.05680698 0.03080633 -0.8765508 0.253043 -0.4094239 0.4231968 0 -0.9060377
8 4 0.01389529 0.4259425 0.06087566 0.03262246 0.2282569 -0.01288601 0.06498964 0.9978027 -0.9999166 0 -0.01291331
8 10 0 0 0 0.03227386 0.057633 -0.03431653 0.01693172 0.9992676 -0.9994109 0 -0.03432145
8 16 0 0 0 0.03227386 0.008030063 -0.03431653 0.01693172 0.9992676 -0.9994109 0 -0.03432145
8 7 0.005469962 0.1518857 0.386219 0.03601368 0.01416285 -0.1010978 0.1390777 0.9851074 -0.9947752 0 -0.10209
8 15 0.01092473 0.1798666 0.1794202 0.06073797 0.06088907 -0.8908653 0.3199161 -0.3225098 0.3403992 0 -0.940281
8 17 0.009509135 0.1802006 0.7361489 0.05276972 0.01291741 -0.4626331 0.1760384 0.8688965 -0.8826811 0 -0.4699725
8 18 0.005580034 0.0829129 0.6567132 0.06729995 0.008496911 -0.7666698 0.09476373 0.6350098 -0.6378803 0 -0.7701355
8 21 0 0 0 0.03227386 0.000731344 -0.03431653 0.01693172 0.9992676 -0.9994109 0 -0.03432145
8 23 0 0 0 0.03227386 0.0008650807 -0.03431653 0.01693172 0.9992676 -0.9994109 0 -0.03432145
8 19 7.433854E-05 0.001135982 0.0232439 0.06543988 0.003198196 -0.7708513 0.5063848 -0.3864746 0.4481865 0 -0.89394
1 12 0.006556306 0.03457777 0.1354819 0.1896104 0.04839247 0.3648725 0.8397523 -0.4020996 0.7405564 0 0.6719943
1 22 0.0005022018 0.003445842 0.1023833 0.1457414 0.004905114 -0.6155481 0.2255744 0.755127 -0.7751045 0 -0.631833
1 20 0 0 0 0.1433942 0.007340388 -0.6896931 0.3990085 0.604248 -0.658978 0 -0.7521622
1 0 0.04491073 0.4123384 0.1216291 0.1089172 0.3692432 -0.8645056 0.3613501 -0.3493653 0.3746825 0 -0.9271532
1 6 0.06775155 0.7688094 0.2352254 0.08812529 0.2880282 0.5883548 0.3651977 0.7214355 -0.7749622 0 0.6320076
1 5 0.05235582 0.5900937 0.2517436 0.08872458 0.2079728 0.5449978 0.3782036 0.748291 -0.8083319 0 0.588727
1 2 0.0357969 0.3259564 0.4432337 0.1098211 0.08076304 -0.8473439 0.1888309 -0.4963379 0.5054308 0 -0.8628672
1 13 0.01960068 0.1093357 0.250026 0.1792706 0.07839455 0.7972558 0.3274955 -0.50708 0.5366761 0 0.8437883
1 9 0.01981208 0.2051475 0.2864149 0.0965748 0.06917267 -0.1644258 0.8407397 0.5158692 -0.9527732 0 -0.3036826
1 3 0 0 0 0.1300568 0.03871303 0.05644158 0.06422738 0.9963379 -0.9983993 0 0.05655836
1 4 0.03863442 0.3653139 0.1714977 0.1057568 0.2252766 -0.2393094 0.7863266 0.5695801 -0.9219325 0 -0.3873504
1 10 0.01854124 0.1047237 0.4499568 0.1770491 0.04120672 0.09519441 0.7873358 -0.6091308 0.9880076 0 0.1544049
1 16 0 0 0 0.1321317 0.007867333 0.04742682 0.01380628 0.9987793 -0.9988745 0 0.04743133
1 7 0 0 0 0.1341716 0.01356872 -0.03431653 0.01693172 0.9992676 -0.9994109 0 -0.03432145
1 15 0 0 0 0.1203092 0.05989517 0.23438 0.1128214 0.9655762 -0.9717807 0 0.2358861
1 17 0 0 0 0.1341716 0.02570297 -0.03431653 0.01693172 0.9992676 -0.9994109 0 -0.03432145
1 18 0 0 0 0.1504768 0.01101147 -0.4001794 0.01801315 0.9162598 -0.9164084 0 -0.4002444
1 21 0 0 0 0.1341716 0.000731344 -0.03431653 0.01693172 0.9992676 -0.9994109 0 -0.03432145
1 23 0 0 0 0.1371523 0.0009106977 -0.1153257 0.02846082 0.9929199 -0.9933223 0 -0.1153724
1 19 0 0 0 0.1341716 0.01355927 -0.03431653 0.01693172 0.9992676 -0.9994109 0 -0.03432145
12 22 0.004710422 0.06598739 0.9603083 0.07138367 0.004905114 -0.6155481 0.2255744 0.755127 -0.7751045 0 -0.631833
12 20 0 0 0 0.09122229 0.01045798 -0.05610535 0.6474854 0.7600098 -0.9972863 0 -0.07362155
12 0 0.006848643 0.07764058 0.01834601 0.08820958 0.3733042 -0.2727041 0.5848631 0.763916 -0.94179 0 -0.3362018
12 6 0.03031028 0.7240038 0.1412047 0.04186481 0.2146549 0.9410086 0.3343628 -0.0520019 0.05517768 0 0.9984766
12 5 0.01736652 0.366239 0.07164226 0.04741854 0.2424061 0.9783048 0.09918419 0.1818848 -0.1827861 0 0.9831527
12 2 0.01428853 0.3350876 0.1059936 0.04264118 0.1348056 -0.602392 0.4974072 -0.6242675 0.7196025 0 -0.6943863
12 13 0.01898338 0.4812427 0.1878562 0.03944659 0.1010528 0.9096346 0.3838024 0.1589355 -0.1721171 0 0.9850765
12 9 0 0 0 0.05645394 0.06450106 -0.03431653 0.01693172 0.9992676 -0.9994109 0 -0.03432145
12 3 0.005138529 0.1137943 0.1829481 0.04515628 0.02808736 -0.6520805 0.5176145 -0.5539551 0.6474358 0 -0.7621199
12 4 0.003508843 0.07722648 0.01297743 0.04543576 0.2703804 -0.921174 0.01351751 -0.388916 0.3889515 0 -0.9212582
12 10 0.0001868902 0.004513637 0.003372232 0.04140569 0.05542034 0.5814778 0.625873 -0.5197755 0.6664429 0 0.7455561
12 16 0 0 0 0.05645394 0.008030063 -0.03431653 0.01693172 0.9992676 -0.9994109 0 -0.03432145
12 7 0 0 0 0.05645394 0.01356872 -0.03431653 0.01693172 0.9992676 -0.9994109 0 -0.03432145
12 15 0.01194905 0.2669621 0.2551154 0.04475935 0.04683783 -0.5694948 0.4121847 -0.7111817 0.7805745 0 -0.6250627
12 17 0 0 0 0.05780275 0.01906245 -0.163272 0.004171492 0.9865723 -0.9865808 0 -0.1632735
12 18 0 0 0 0.06232623 0.01101147 -0.4001794 0.01801315 0.9162598 -0.9164084 0 -0.4002444
12 21 0 0 0 0.05645394 0.000731344 -0.03431653 0.01693172 0.9992676 -0.9994109 0 -0.03432145
12 23 0 0 0 0.05645394 0.0008650807 -0.03431653 0.01693172 0.9992676 -0.9994109 0 -0.03432145
12 19 0 0 0 0.05814052 0.01403011 -0.1153257 0.02846082 0.9929199 -0.9933223 0 -0.1153724
22 20 0 0 0 0.02322332 0.01305998 0.01518935 0.2113384 0.9772949 -0.9998792 0 0.01554036
22 0 0.004905114 1 0.01133198 0.004905114 0.4328559 -0.6155481 0.2255744 0.755127 -0.7751045 0 -0.631833
22 6 0.004905114 1 0.01942736 0.004905114 0.2524849 -0.6155481 0.2255744 0.755127 -0.7751045 0 -0.631833
22 5 0.0001159373 0.004184009 0.0003482815 0.02770963 0.332884 0.7209578 0.3982132 -0.5671386 0.6182743 0 0.7859625
22 2 0.001227603 0.2486768 0.0119663 0.00493654 0.1025883 -0.6500251 0.1790187 0.7385254 -0.7506517 0 -0.6606982
22 13 0.001158941 0.06275284 0.01235767 0.01846834 0.09378315 -0.6695626 0.417939 -0.6140137 0.675873 0 -0.7370181
22 9 0 0 0 0.01594491 0.06450106 -0.03431653 0.01693172 0.9992676 -0.9994109 0 -0.03432145
22 3 0.004837025 0.9861187 0.1305177 0.004905114 0.03706029 -0.6155481 0.2255744 0.755127 -0.7751045 0 -0.631833
22 4 0.000760757 0.03181716 0.003041733 0.02391027 0.2501065 0.7213307 0.3069655 -0.6208495 0.6523443 0 0.7579228
22 10 0 0 0 0.01594491 0.057633 -0.03431653 0.01693172 0.9992676 -0.9994109 0 -0.03432145
22 16 0 0 0 0.01594491 0.008030063 -0.03431653 0.01693172 0.9992676 -0.9994109 0 -0.03432145
22 7 0 0 0 0.01182022 0.01325412 -0.2136004 0.03431214 0.9763184 -0.9768936 0 -0.2137263
22 15 0.004715423 0.9613279 0.07611267 0.004905114 0.0619532 -0.6155481 0.2255744 0.755127 -0.7751045 0 -0.631833
22 17 0 0 0 0.008067485 0.01432913 -0.3573058 0.0458512 0.9328613 -0.9338435 0 -0.357682
22 18 0 0 0 0.02072816 0.01094121 -0.009749388 0.1570104 0.9875488 -0.9999513 0 -0.009871829
22 21 0 0 0 0.01594491 0.000731344 -0.03431653 0.01693172 0.9992676 -0.9994109 0 -0.03432145
22 23 0 0 0 0.01594491 0.0008650807 -0.03431653 0.01693172 0.9992676 -0.9994109 0 -0.03432145
22 19 0 0 0 0.01182022 0.01477732 -0.2136004 0.03431214 0.9763184 -0.9768936 0 -0.2137263
20 0 0.0005594238 0.1095095 0.001537233 0.005108448 0.3639162 -0.2390962 0.9396117 0.2448731 -0.7154962 0 -0.6986167
20 6 0.001579145 0.1901376 0.006727614 0.008305274 0.2347258 0.8514119 0.4852905 -0.1989746 0.2275678 0 0.9737623
20 5 0.0001742816 0.01889449 0.0005414979 0.009223935 0.3218509 0.6414422 0.1836191 -0.7448731 0.7577569 0 0.6525369
20 2 0.0008893225 0.1126384 0.009081854 0.007895377 0.09792302 -0.7425919 0.1547904 0.6516113 -0.6595608 0 -0.7516512
20 13 0 0 0 0.009021646 0.1060951 -0.6510513 0.0009098255 0.7590332 -0.7590335 0 -0.6510516
20 9 0 0 0 0.01309137 0.06450106 -0.03431653 0.01693172 0.9992676 -0.9994109 0 -0.03432145
20 3 0 0 0 0.01328329 0.03871303 0.05644158 0.06422738 0.9963379 -0.9983993 0 0.05655836
20 4 0 0 0 0.01178052 0.2415112 -0.19514 0.379112 0.904541 -0.9775115 0 -0.2108822
20 10 0 0 0 0.01309137 0.057633 -0.03431653 0.01693172 0.9992676 -0.9994109 0 -0.03432145
20 16 0 0 0 0.01309137 0.008030063 -0.03431653 0.01693172 0.9992676 -0.9994109 0 -0.03432145
20 7 0 0 0 0.01309137 0.01356872 -0.03431653 0.01693172 0.9992676 -0.9994109 0 -0.03432145
20 15 0 0 0 0.01332364 0.05806855 0.2073021 0.003277564 0.9782715 -0.9782767 0 0.2073032
20 17 0 0 0 0.009378633 0.06410181 0.4653798 0.8236881 0.3239746 -0.5713403 0 0.8207133
20 18 0.0002898977 0.03550767 0.03399401 0.00816437 0.008527906 -0.725897 0.1129442 0.6784668 -0.6828361 0 -0.7305716
20 21 0 0 0 0.01309137 0.000731344 -0.03431653 0.01693172 0.9992676 -0.9994109 0 -0.03432145
20 23 0 0 0 0.01309137 0.0008650807 -0.03431653 0.01693172 0.9992676 -0.9994109 0 -0.03432145
20 19 0 0 0 0.01240166 0.0129993 0.4560041 0.4915081 0.7419434 -0.8519536 0 0.5236173
0 6 0.07616431 0.1774578 0.2993838 0.4291967 0.2544036 -0.5953505 0.184557 0.7819824 -0.7956502 0 -0.6057563
0 5 0.1470004 0.3638137 0.8326735 0.404054 0.1765402 -0.2499563 0.02153668 -0.9680176 0.9682421 0 -0.2500143
0 2 0.05703956 0.1384477 0.6882376 0.4119935 0.08287771 0.9588766 0.01460704 -0.2834473 0.2834775 0 0.9589789
0 13 0.01092845 0.02978574 0.151893 0.3669022 0.07194838 0.01324143 0.9972083 -0.07348635 0.9841509 0 0.1773331
0 9 0.02000798 0.05487913 0.1632055 0.3645827 0.1225938 0.6112802 0.5868299 0.5310058 -0.6557974 0 0.754937
0 3 0.017633 0.05230602 0.5426874 0.3371122 0.032492 0.2815271 0.3878279 -0.8776855 0.9522136 0 0.3054328
0 4 0.1544336 0.3505943 0.5815412 0.4404909 0.2655591 -0.8579246 0.1398184 0.4943847 -0.4992892 0 -0.8664355
0 10 0.01603969 0.04562566 0.271852 0.3515498 0.05900155 0.5367349 0.8042548 -0.2551269 0.429301 0 0.9031615
0 16 0.001029752 0.002971337 0.1411943 0.3465618 0.007293157 -0.08198612 0.6926979 0.7165527 -0.9935179 0 -0.1136758
0 7 0.00245442 0.006442192 0.169826 0.3809914 0.01445255 -0.267615 0.1216898 0.9558105 -0.9629672 0 -0.2696187
0 15 0.008386398 0.02477073 0.1541598 0.3385608 0.05440067 -0.08044404 0.8831413 0.4621582 -0.9851871 0 -0.1714833
0 17 0.005404776 0.01403129 0.3994022 0.3851945 0.01353216 -0.3233759 0.2267513 0.9187012 -0.9432708 0 -0.3320243
0 18 0.0001853683 0.0004206003 0.02173667 0.4407232 0.008527906 -0.725897 0.1129442 0.6784668 -0.6828361 0 -0.7305716
0 21 0 0 0 0.3763192 0.000731344 -0.03431653 0.01693172 0.9992676 -0.9994109 0 -0.03432145
0 23 0 0 0 0.3763192 0.0008650807 -0.03431653 0.01693172 0.9992676 -0.9994109 0 -0.03432145
0 19 0.001201071 0.003124417 1 0.3844145 0.001201071 -0.7788987 0.5989981 -0.185791 0.2320211 0 -0.9727107
6 5 0.1232582 0.3988182 0.6929297 0.3090587 0.1778798 0.343151 0.1787279 0.9221191 -0.9372096 0 0.3487667
6 2 0.04436072 0.1616491 0.4742779 0.2744259 0.09353317 -0.9161927 0.3420797 -0.2087402 0.2221418 0 -0.9750144
6 13 0.01625419 0.05842796 0.2053815 0.278192 0.07914149 -0.2358376 0.8535384 -0.4645996 0.8916947 0 -0.4526374
6 9 0.02702617 0.1043704 0.4584564 0.2589448 0.05895036 0.09803093 0.9655697 0.2409668 -0.9262813 0 0.3768329
6 3 0.01973808 0.09195262 0.472001 0.2146549 0.04181789 0.9410086 0.3343628 -0.0520019 0.05517768 0 0.9984766
6 4 0.1245692 0.4519554 0.5229321 0.2756228 0.238213 -0.1560896 0.2395605 0.958252 -0.9869917 0 -0.160771
6 10 0.01971723 0.06346171 0.5449046 0.3106949 0.03618474 0.05827645 0.3529173 -0.9338379 0.9980584 0 0.06228416
6 16 0.0009147398 0.003477095 0.09215742 0.2630759 0.00992584 0.2268827 0.9462007 0.230713 -0.7130005 0 0.7011635
6 7 0.005767837 0.01875414 0.4862622 0.30755 0.01186158 0.09735354 0.3149809 -0.9440918 0.9947253 0 0.1025748
6 15 0.01476792 0.05241373 0.4856415 0.2817567 0.0304091 0.05619334 0.8110473 -0.5822755 0.9953756 0 0.09606016
6 17 0.006669737 0.02456004 0.5265394 0.2715686 0.01266712 -0.328724 0.1702439 0.9289551 -0.942717 0 -0.3335938
6 18 0.0001751623 0.0007068573 0.02053989 0.2478043 0.008527906 -0.725897 0.1129442 0.6784668 -0.6828361 0 -0.7305716
6 21 0 0 0 0.2966509 0.000731344 -0.03431653 0.01693172 0.9992676 -0.9994109 0 -0.03432145
6 23 0 0 0 0.2966509 0.0008650807 -0.03431653 0.01693172 0.9992676 -0.9994109 0 -0.03432145
6 19 0.001201071 0.004365715 1 0.2751144 0.001201071 -0.7788987 0.5989981 -0.185791 0.2320211 0 -0.9727107
5 2 0.0645397 0.2990483 0.9337822 0.215817 0.06911644 -0.9670164 0.1364421 -0.2150878 0.2171183 0 -0.9761453
5 13 0.01142237 0.03806191 0.1184179 0.3000998 0.0964582 0.2536518 0.8860947 0.3879395 -0.8369705 0 0.547248
5 9 0.03330415 0.1064083 0.652766 0.3129845 0.05102005 0.08238797 0.9818805 -0.1706543 0.9005452 0 0.4347624
5 3 0.003225477 0.01710222 0.1171771 0.1885999 0.02752653 -0.6695626 0.417939 -0.6140137 0.675873 0 -0.7370181
5 4 0.1364409 0.8876643 0.6266837 0.1537078 0.2177189 -0.6679362 0.07451651 -0.7404786 0.742543 0 -0.6697984
5 10 0.01574062 0.06504755 0.4731253 0.2419863 0.03326945 -0.1030388 0.5004377 -0.8596192 0.9928926 0 -0.1190137
5 16 0 0 0 0.1853812 0.005413816 0.09383775 0.2090669 0.9733887 -0.9953853 0 0.09595829
5 7 0.002597468 0.009390021 0.1002658 0.27662 0.02590582 -0.2517277 0.9150362 0.3151856 -0.7813774 0 -0.6240588
5 15 0.008842485 0.0575279 0.1606899 0.1537078 0.05502826 -0.6679362 0.07451651 -0.7404786 0.742543 0 -0.6697984
5 17 0.01148532 0.04282534 0.6141275 0.2681898 0.01870185 -0.6461747 0.3569682 0.6745605 -0.7221375 0 -0.6917496
5 18 0.002040286 0.01155706 0.1971406 0.1765402 0.0103494 -0.2499563 0.02153668 -0.9680176 0.9682421 0 -0.2500143
5 21 0 0 0 0.2063129 0.000731344 -0.03431653 0.01693172 0.9992676 -0.9994109 0 -0.03432145
5 23 0 0 0 0.2063129 0.0008650807 -0.03431653 0.01693172 0.9992676 -0.9994109 0 -0.03432145
5 19 0.0005831043 0.002070887 0.07172184 0.2815722 0.008130081 -0.2565389 0.957601 0.1311036 -0.4550661 0 -0.8904576
2 13 0.005278813 0.02269591 0.07433811 0.2325888 0.07101086 -0.1290565 0.9757124 -0.1770019 0.8080236 0 -0.5891502
2 9 0.0004103844 0.002938049 0.004572419 0.1396792 0.08975215 0.5417969 0.3967673 -0.7409667 0.8072244 0 0.5902447
2 3 0.01092165 0.09187438 0.3967682 0.1188759 0.02752653 -0.6695626 0.417939 -0.6140137 0.675873 0 -0.7370181
2 4 0.02052023 0.2415863 0.07629641 0.08493955 0.268954 0.9440096 0.04449099 -0.3269042 0.3272282 0 0.9449453
2 10 0 0 0 0.1063295 0.06430922 -0.3573058 0.0458512 0.9328613 -0.9338435 0 -0.357682
2 16 0 0 0 0.1020975 0.008030063 -0.03431653 0.01693172 0.9992676 -0.9994109 0 -0.03432145
2 7 0.004964998 0.04804605 0.3668106 0.1033383 0.01353559 -0.1226607 0.08250041 0.9890137 -0.9923967 0 -0.1230802
2 15 0.01086701 0.1279382 0.1705173 0.08493955 0.0637297 0.9440096 0.04449099 -0.3269042 0.3272282 0 0.9449453
2 17 0.007274969 0.06965531 0.553527 0.1044424 0.01314294 -0.3726342 0.09969591 0.9226074 -0.9272269 0 -0.3745
2 18 0.006912597 0.06607111 0.6422248 0.1046236 0.01076352 -0.5963449 0.01955031 0.8024902 -0.8026436 0 -0.5964589
2 21 0 0 0 0.1020975 0.000731344 -0.03431653 0.01693172 0.9992676 -0.9994109 0 -0.03432145
2 23 0 0 0 0.1020975 0.0008650807 -0.03431653 0.01693172 0.9992676 -0.9994109 0 -0.03432145
2 19 0.0004875363 0.003852758 0.1524411 0.1265422 0.003198196 -0.7708513 0.5063848 -0.3864746 0.4481865 0 -0.89394
13 9 0 0 0 0.1237911 0.07092684 -0.3573058 0.0458512 0.9328613 -0.9338435 0 -0.357682
13 3 0 0 0 0.1301377 0.04119369 0.2224071 0.1744011 0.9592285 -0.9741578 0 0.2258686
13 4 0.01593071 0.202512 0.06143266 0.07866551 0.2593199 0.8307732 0.2631476 -0.4904785 0.5083966 0 0.861123
13 10 0 0 0 0.1237911 0.06430922 -0.3573058 0.0458512 0.9328613 -0.9338435 0 -0.357682
13 16 0 0 0 0.1276457 0.008030063 -0.03431653 0.01693172 0.9992676 -0.9994109 0 -0.03432145
13 7 0 0 0 0.1276457 0.01356872 -0.03431653 0.01693172 0.9992676 -0.9994109 0 -0.03432145
13 15 0.005235268 0.07585867 0.15267 0.06901344 0.03429141 -0.1373805 0.9468783 -0.2907715 0.9041625 0 -0.4271886
13 17 0 0 0 0.1270894 0.02157384 -0.1153257 0.02846082 0.9929199 -0.9933223 0 -0.1153724
13 18 0 0 0 0.1253383 0.01081832 -0.2801453 0.02150143 0.9597168 -0.9599388 0 -0.28021
13 21 0 0 0 0.1276457 0.000731344 -0.03431653 0.01693172 0.9992676 -0.9994109 0 -0.03432145
13 23 0 0 0 0.1276457 0.0008650807 -0.03431653 0.01693172 0.9992676 -0.9994109 0 -0.03432145
13 19 0 0 0 0.1276457 0.01355927 -0.03431653 0.01693172 0.9992676 -0.9994109 0 -0.03432145
9 3 0 0 0 0.06450106 0.03717468 -0.03431653 0.01693172 0.9992676 -0.9994109 0 -0.03432145
9 4 0.02716205 0.4165276 0.1260127 0.06521068 0.2155502 -0.06790578 0.3614083 -0.9299316 0.9973445 0 -0.07282842
9 10 0.009054631 0.1585244 0.2491431 0.0571182 0.03634309 0.1831092 0.4813702 -0.8571778 0.9779359 0 0.2089054
9 16 0 0 0 0.06907832 0.007529028 0.1077844 0.05883846 0.9924316 -0.994154 0 0.1079714
9 7 0 0 0 0.06450106 0.01356872 -0.03431653 0.01693172 0.9992676 -0.9994109 0 -0.03432145
9 15 0 0 0 0.06450106 0.05529824 -0.03431653 0.01693172 0.9992676 -0.9994109 0 -0.03432145
9 17 0 0 0 0.06450106 0.02570297 -0.03431653 0.01693172 0.9992676 -0.9994109 0 -0.03432145
9 18 0 0 0 0.06450106 0.01080945 -0.03431653 0.01693172 0.9992676 -0.9994109 0 -0.03432145
9 21 0 0 0 0.06450106 0.000731344 -0.03431653 0.01693172 0.9992676 -0.9994109 0 -0.03432145
9 23 0 0 0 0.06450106 0.0008650807 -0.03431653 0.01693172 0.9992676 -0.9994109 0 -0.03432145
9 19 0 0 0 0.08197934 0.01539431 -0.4640035 0.1086064 0.8791504 -0.8843817 0 -0.4667645
3 4 0.001333401 0.04093612 0.006101178 0.03257272 0.2185481 -0.6772301 0.1317631 -0.723877 0.7302438 0 -0.6831866
3 10 0 0 0 0.03717468 0.057633 -0.03431653 0.01693172 0.9992676 -0.9994109 0 -0.03432145
3 16 0 0 0 0.03717468 0.008030063 -0.03431653 0.01693172 0.9992676 -0.9994109 0 -0.03432145
3 7 0.005968838 0.1886216 0.4824248 0.0316445 0.01237258 0.1853326 0.3686917 -0.9108887 0.9799225 0 0.1993785
3 15 0.01543749 0.4927782 0.4204996 0.03132747 0.03671226 0.1198601 0.5180286 -0.8469238 0.9901335 0 0.1401277
3 17 0.006455081 0.2125365 0.1846338 0.03037164 0.03496154 -0.02304713 0.5625881 -0.826416 0.9996113 0 -0.02787722
3 18 0 0 0 0.04631255 0.01254167 0.03835203 0.4194187 0.9069824 -0.9991072 0 0.04224756
3 21 0 0 0 0.03717468 0.000731344 -0.03431653 0.01693172 0.9992676 -0.9994109 0 -0.03432145
3 23 0 0 0 0.03717468 0.0008650807 -0.03431653 0.01693172 0.9992676 -0.9994109 0 -0.03432145
3 19 0 0 0 0.03984582 0.01269792 0.1254137 0.1091319 0.986084 -0.992009 0 0.1261673
4 10 0.02945853 0.1408481 0.8854527 0.2091511 0.03326945 -0.1030388 0.5004377 -0.8596192 0.9928926 0 -0.1190137
4 16 0.0014899 0.007961124 0.6277432 0.187147 0.002373423 0.1728503 0.5093566 0.8430176 -0.9796202 0 0.200859
4 7 0.000477208 0.002191189 0.02007884 0.2177849 0.02376671 -0.2058316 0.7627705 0.6130371 -0.9479917 0 -0.318295
4 15 0.001893799 0.008804525 0.04525167 0.2150939 0.04185037 -0.2911095 0.5054658 -0.8122559 0.9413676 0 -0.3373826
4 17 0.001188316 0.005163433 0.04064436 0.2301406 0.02923692 -0.302533 0.7210979 0.623291 -0.8996263 0 -0.4366606
4 18 0 0 0 0.238213 0.01099039 -0.1560896 0.2395605 0.958252 -0.9869917 0 -0.160771
4 21 0 0 0 0.2297392 0.000731344 -0.03431653 0.01693172 0.9992676 -0.9994109 0 -0.03432145
4 23 6.816026E-05 0.0002704471 1 0.2520281 6.816026E-05 -0.6833608 0.4555033 -0.5705566 0.6409062 0 -0.7676191
4 19 0 0 0 0.2677319 0.01556426 -0.8629833 0.02448875 0.5046387 -0.5047901 0 -0.8632421
10 16 0 0 0 0.057633 0.008030063 -0.03431653 0.01693172 0.9992676 -0.9994109 0 -0.03432145
10 7 0 0 0 0.057633 0.01356872 -0.03431653 0.01693172 0.9992676 -0.9994109 0 -0.03432145
10 15 0 0 0 0.057633 0.05529824 -0.03431653 0.01693172 0.9992676 -0.9994109 0 -0.03432145
10 17 0 0 0 0.057633 0.02570297 -0.03431653 0.01693172 0.9992676 -0.9994109 0 -0.03432145
10 18 0 0 0 0.057633 0.01080945 -0.03431653 0.01693172 0.9992676 -0.9994109 0 -0.03432145
10 21 0 0 0 0.057633 0.000731344 -0.03431653 0.01693172 0.9992676 -0.9994109 0 -0.03432145
10 23 0 0 0 0.057633 0.0008650807 -0.03431653 0.01693172 0.9992676 -0.9994109 0 -0.03432145
10 19 0 0 0 0.057633 0.01355927 -0.03431653 0.01693172 0.9992676 -0.9994109 0 -0.03432145
16 7 0 0 0 0.008030063 0.01356872 -0.03431653 0.01693172 0.9992676 -0.9994109 0 -0.03432145
16 15 0 0 0 0.008030063 0.05529824 -0.03431653 0.01693172 0.9992676 -0.9994109 0 -0.03432145
16 17 0 0 0 0.008030063 0.02570297 -0.03431653 0.01693172 0.9992676 -0.9994109 0 -0.03432145
16 18 0 0 0 0.008030063 0.01080945 -0.03431653 0.01693172 0.9992676 -0.9994109 0 -0.03432145
16 21 0 0 0 0.008030063 0.000731344 -0.03431653 0.01693172 0.9992676 -0.9994109 0 -0.03432145
16 23 0 0 0 0.008030063 0.0008650807 -0.03431653 0.01693172 0.9992676 -0.9994109 0 -0.03432145
16 19 0 0 0 0.00619291 0.01280644 0.1193396 0.1608564 0.9797363 -0.992663 0 0.1209141
7 15 0.001156663 0.0823101 0.03088599 0.0140525 0.03744942 0.1337084 0.4675808 -0.8737793 0.9884936 0 0.1512624
7 17 0.00661537 0.5458945 0.292176 0.0121184 0.02264173 0.07928432 0.05449619 -0.9953613 0.9968426 0 0.07940231
7 18 0 0 0 0.01807466 0.01101015 -0.03082402 0.3282385 0.9440918 -0.9994674 0 -0.032632
7 21 0 0 0 0.01356872 0.000731344 -0.03431653 0.01693172 0.9992676 -0.9994109 0 -0.03432145
7 23 0 0 0 0.01356872 0.0008650807 -0.03431653 0.01693172 0.9992676 -0.9994109 0 -0.03432145
7 19 0 0 0 0.01567309 0.01302126 0.04742682 0.01380628 0.9987793 -0.9988745 0 0.04743133
15 17 0 0 0 0.05838815 0.01291741 -0.4626331 0.1760384 0.8688965 -0.8826811 0 -0.4699725
15 18 0 0 0 0.05579846 0.01048206 -0.4550163 0.0438203 0.8894043 -0.8902594 0 -0.4554538
15 21 0 0 0 0.05529824 0.000731344 -0.03431653 0.01693172 0.9992676 -0.9994109 0 -0.03432145
15 23 0 0 0 0.05529824 0.0008650807 -0.03431653 0.01693172 0.9992676 -0.9994109 0 -0.03432145
15 19 0 0 0 0.0597368 0.01171784 0.4227867 0.09136975 0.9016113 -0.9053986 0 0.4245626
17 18 2.847475E-05 0.000889309 0.00322357 0.03201896 0.008833297 -0.7818145 0.1375296 0.6081543 -0.6139886 0 -0.7893149
17 21 0 0 0 0.02570297 0.000731344 -0.03431653 0.01693172 0.9992676 -0.9994109 0 -0.03432145
17 23 0 0 0 0.02570297 0.0008650807 -0.03431653 0.01693172 0.9992676 -0.9994109 0 -0.03432145
17 19 0.0002593044 0.004919773 0.02321756 0.05270658 0.01116846 0.1550839 0.9319029 0.3278809 -0.903981 0 0.4275726
18 21 0 0 0 0.01080945 0.000731344 -0.03431653 0.01693172 0.9992676 -0.9994109 0 -0.03432145
18 23 0 0 0 0.01080945 0.0008650807 -0.03431653 0.01693172 0.9992676 -0.9994109 0 -0.03432145
18 19 0.0003292922 0.03193562 0.04019484 0.01031112 0.008192399 0.8906685 0.04010629 0.4528809 -0.4532456 0 0.8913857
21 23 0 0 0 0.000731344 0.0008650807 -0.03431653 0.01693172 0.9992676 -0.9994109 0 -0.03432145
21 19 0 0 0 0.000731344 0.01355927 -0.03431653 0.01693172 0.9992676 -0.9994109 0 -0.03432145
23 19 0 0 0 0.0008650807 0.01355927 -0.03431653 0.01693172 0.9992676 -0.9994109 0 -0.03432145
