11 14 0 0 0
11 8 0 0 0
11 1 0 0 0
11 12 0 0 0
11 22 0 0 0
11 20 0 0 0
11 0 0 0 0
11 6 0 0 0
11 5 0 0 0
11 2 0 0 0
11 13 0 0 0
11 9 0.004846469 0.421537 0.1135202
11 3 0 0 0
11 4 0 0 0
11 10 0.0001046185 0.009099531 0.001771735
11 16 0 0 0
11 7 0 0 0
11 15 0 0 0
11 17 0 0 0
11 18 0 0 0
11 21 0 0 0
11 23 0 0 0
11 19 0 0 0
14 8 0 0 0
14 1 0 0 0
14 12 0 0 0
14 22 0 0 0
14 20 0 0 0
14 0 0 0 0
14 6 0 0 0
14 5 0 0 0
14 2 0 0 0
14 13 0 0 0
14 9 0 0 0
14 3 0 0 0
14 4 0 0 0
14 10 0 0 0
14 16 0.0003806143 0.0308072 0.04701681
14 7 0 0 0
14 15 0 0 0
14 17 0 0 0
14 18 0 0 0
14 21 0 0 0
14 23 0 0 0
14 19 0 0 0
8 1 0 0 0
8 12 0 0 0
8 22 0 0 0
8 20 0.02026279 0.4419573 0.4668163
8 0 0 0 0
8 6 0 0 0
8 5 0.01397938 0.3049081 0.2262777
8 2 0.02743657 0.5984266 0.3177107
8 13 0 0 0
8 9 0 0 0
8 3 0.004188181 0.09134958 0.04869527
8 4 0 0 0
8 10 0 0 0
8 16 0 0 0
8 7 0.0005777669 0.01260183 0.01201088
8 15 0 0 0
8 17 0.005034206 0.1098025 0.3263183
8 18 0 0 0
8 21 0 0 0
8 23 0 0 0
8 19 0 0 0
1 12 0 0 0
1 22 0 0 0
1 20 0.004983305 0.0309415 0.1148059
1 0 0.1393839 0.8654391 0.7961701
1 6 0.001426012 0.008854154 0.04421397
1 5 0 0 0
1 2 0 0 0
1 13 0 0 0
1 9 0.007809827 0.04849145 0.1829319
1 3 0 0 0
1 4 0.02500364 0.1552483 0.4946282
1 10 0.03257949 0.2022871 0.5517399
1 16 0 0 0
1 7 0 0 0
1 15 0 0 0
1 17 0 0 0
1 18 0 0 0
1 21 0 0 0
1 23 0 0 0
1 19 0 0 0
12 22 0 0 0
12 20 0 0 0
12 0 0 0 0
12 6 0 0 0
12 5 0 0 0
12 2 0 0 0
12 13 0 0 0
12 9 0 0 0
12 3 0.0004821792 0.0336663 0.005606216
12 4 0 0 0
12 10 0 0 0
12 16 0 0 0
12 7 0 0 0
12 15 0.003504759 0.2447062 0.2248846
12 17 0 0 0
12 18 0 0 0
12 21 0 0 0
12 23 0 0 0
12 19 0 0 0
22 20 0 0 0
22 0 0 0 0
22 6 1.933529E-05 0.0420995 0.0005994968
22 5 0 0 0
22 2 0 0 0
22 13 0 0 0
22 9 0 0 0
22 3 0.0001707577 0.3717976 0.001985371
22 4 0 0 0
22 10 0 0 0
22 16 0 0 0
22 7 0 0 0
22 15 0 0 0
22 17 0 0 0
22 18 0 0 0
22 21 0 0 0
22 23 0 0 0
22 19 0 0 0
20 0 0.007250866 0.1670462 0.04141742
20 6 0.003041209 0.0700637 0.09429365
20 5 0.007814537 0.1800321 0.1264903
20 2 0.0142649 0.3286363 0.165185
20 13 0 0 0
20 9 0 0 0
20 3 0.0001398539 0.003221969 0.001626058
20 4 0 0 0
20 10 0 0 0
20 16 0 0 0
20 7 0 0 0
20 15 0 0 0
20 17 0.001713996 0.03948723 0.1111016
20 18 0 0 0
20 21 0 0 0
20 23 0 0 0
20 19 0 0 0
0 6 0.004333387 0.02475259 0.134358
0 5 0 0 0
0 2 0 0 0
0 13 0.0001304242 0.0007449918 0.02270249
0 9 0.004614636 0.02635911 0.10809
0 3 0 0 0
0 4 0.01466278 0.08375478 0.2900628
0 10 0.04864925 0.2778877 0.8238842
0 16 0 0 0
0 7 0 0 0
0 15 0 0 0
0 17 0 0 0
0 18 0 0 0
0 21 0 0 0
0 23 0 0 0
0 19 0 0 0
6 5 0 0 0
6 2 0 0 0
6 13 0 0 0
6 9 0 0 0
6 3 0 0 0
6 4 0 0 0
6 10 0 0 0
6 16 0 0 0
6 7 0 0 0
6 15 0 0 0
6 17 0 0 0
6 18 0 0 0
6 21 0 0 0
6 23 0 0 0
6 19 0 0 0
5 2 0.03167406 0.5126932 0.36678
5 13 0 0 0
5 9 0 0 0
5 3 0 0 0
5 4 0 0 0
5 10 0 0 0
5 16 0 0 0
5 7 0.0007727277 0.01250778 0.01606381
5 15 0 0 0
5 17 0.0005902913 0.009554771 0.03826281
5 18 0.0001774368 0.002872087 0.02228366
5 21 0 0 0
5 23 0 0 0
5 19 0 0 0
2 13 0 0 0
2 9 0 0 0
2 3 0 0 0
2 4 0 0 0
2 10 0 0 0
2 16 0 0 0
2 7 0 0 0
2 15 0 0 0
2 17 0.000173744 0.002011925 0.01126212
2 18 0.003517458 0.04073155 0.4417453
2 21 0 0 0
2 23 0 0 0
2 19 0 0 0
13 9 0 0 0
13 3 0 0 0
13 4 0 0 0
13 10 0 0 0
13 16 0 0 0
13 7 0 0 0
13 15 0 0 0
13 17 0 0 0
13 18 0 0 0
13 21 0 0 0
13 23 0 0 0
13 19 0 0 0
9 3 0 0 0
9 4 0 0 0
9 10 0.006893747 0.1614743 0.1167469
9 16 0 0 0
9 7 0 0 0
9 15 0 0 0
9 17 0 0 0
9 18 0 0 0
9 21 8.694769E-05 0.002036601 0.8756773
9 23 0 0 0
9 19 0 0 0
3 4 0 0 0
3 10 0 0 0
3 16 0 0 0
3 7 0.02325544 0.270387 0.4834444
3 15 0.009585064 0.1114439 0.6150303
3 17 0.009179652 0.1067302 0.595027
3 18 0 0 0
3 21 0 0 0
3 23 0 0 0
3 19 0 0 0
4 10 0 0 0
4 16 0 0 0
4 7 0 0 0
4 15 0 0 0
4 17 0 0 0
4 18 0 0 0
4 21 0 0 0
4 23 0 0 0
4 19 0 0 0
10 16 0 0 0
10 7 0 0 0
10 15 0 0 0
10 17 0 0 0
10 18 0 0 0
10 21 0 0 0
10 23 0 0 0
10 19 0 0 0
16 7 0 0 0
16 15 0 0 0
16 17 0 0 0
16 18 0 0 0
16 21 0 0 0
16 23 0 0 0
16 19 0 0 0
7 15 0 0 0
7 17 0.009749747 0.2026821 0.6319807
7 18 0 0 0
7 21 0 0 0
7 23 0 0 0
7 19 0 0 0
15 17 0 0 0
15 18 0 0 0
15 21 0 0 0
15 23 0 0 0
15 19 0 0 0
17 18 0 0 0
17 21 0 0 0
17 23 0 0 0
17 19 0 0 0
18 21 0 0 0
18 23 0 0 0
18 19 0 0 0
21 23 0 0 0
21 19 0 0 0
23 19 0 0 0
