5 2 970 3606 4576 0.01640616 0.4443052 0.3523484 0.03692544 0.04656233 -0.8593448 0.3274403 -0.3928223 0.4157414 0 -0.9094829
5 0 0 0 0 0 0 0 0.03343505 0.022359 -0.03431653 0.01693172 0.9992676 -0.9994109 0 -0.03432145
5 9 1062 1559 2621 0.00860541 0.2175877 0.4747466 0.03954916 0.01812632 -0.4321643 0.892428 -0.1296387 0.2873263 0 -0.9578328
5 17 0 0 0 0 0 0 0.03343505 0.035199 -0.03431653 0.01693172 0.9992676 -0.9994109 0 -0.03432145
5 3 0 0 0 0 0 0 0.03343505 0.05280096 -0.03431653 0.01693172 0.9992676 -0.9994109 0 -0.03432145
5 18 0 0 0 0 0 0 0.03343505 0.01565987 -0.03431653 0.01693172 0.9992676 -0.9994109 0 -0.03432145
5 7 0 0 0 0 0 0 0.03475343 0.03686969 0.04742682 0.01380628 0.9987793 -0.9988745 0 0.04743133
5 10 866 1000 1866 0.01616871 0.4339862 0.2996167 0.03725627 0.05396463 -0.9635814 0.2642128 -0.04125978 0.04277999 0 -0.9990845
5 11 0 0 0 0 0 0 0.03475343 0.03650651 0.04742682 0.01380628 0.9987793 -0.9988745 0 0.04743133
5 8 0 0 0 0 0 0 0.03823538 0.04977139 0.3215272 0.05887337 0.9450684 -0.9467105 0 0.3220858
5 12 2 0 2 0.0003382738 0.008401731 0.003672957 0.0402624 0.09209849 0.732671 0.01490012 0.6804199 -0.6804954 0 0.7327523
5 1 0 0 0 0 0 0 0.03623183 0.10034 0.1493689 0.02250491 0.9885254 -0.9887758 0 0.1494068
5 4 0 0 0 0 0 0 0.03679534 0.04695168 0.2073021 0.003277564 0.9782715 -0.9782767 0 0.2073032
5 14 0 0 0 0 0 0 0.04306377 0.09577721 0.4533927 0.3888803 0.802002 -0.8705222 0 0.4921291
5 15 2 0 2 0.002201233 0.05027787 0.02214249 0.04378135 0.09941217 0.6910905 0.3642579 0.6242676 -0.6703199 0 0.7420723
5 13 2 0 2 0.000438102 0.01070556 0.003043955 0.04092286 0.1439253 0.8055048 0.1354378 0.5769043 -0.5822694 0 0.8129959
5 20 1 0 1 1.747059E-05 0.00045574 0.0006524249 0.03833456 0.02677794 -0.8629833 0.02448875 0.5046387 -0.5047901 0 -0.8632421
5 6 0 0 0 0 0 0 0.03928479 0.04461226 0.1469421 0.2871984 0.9465332 -0.9881634 0 0.1534049
5 19 0 0 0 0 0 0 0.03315485 0.05636829 -0.4936816 0.21736 0.842041 -0.8626661 0 -0.505774
5 16 0 0 0 0 0 0 0.03340204 0.02125601 -0.06643912 0.06958211 0.9953613 -0.9977797 0 -0.06660055
2 0 0 0 0 0 0 0 0.04175159 0.022359 -0.03431653 0.01693172 0.9992676 -0.9994109 0 -0.03432145
2 9 1270 697 1967 0.0067737 0.1479646 0.3122891 0.04577918 0.02169048 0.4186534 0.7527335 0.5080566 -0.771741 0 0.635937
2 17 0 0 0 0 0 0 0.04175159 0.035199 -0.03431653 0.01693172 0.9992676 -0.9994109 0 -0.03432145
2 3 0 0 0 0 0 0 0.04175159 0.05280096 -0.03431653 0.01693172 0.9992676 -0.9994109 0 -0.03432145
2 18 0 0 0 0 0 0 0.04175159 0.01565987 -0.03431653 0.01693172 0.9992676 -0.9994109 0 -0.03432145
2 7 170 232 402 0.002401461 0.06316775 0.0474847 0.0380172 0.05057337 0.5037 0.7438964 -0.439209 0.6572083 0 0.7537091
2 10 1062 578 1640 0.008843599 0.2978571 0.2298286 0.02969075 0.03847911 0.6204634 0.05940288 -0.7819824 0.7833657 0 0.6215611
2 11 0 0 0 0 0 0 0.04274211 0.03840798 0.0169663 0.1090042 0.9938965 -0.9998543 0 0.017068
2 8 0 0 0 0 0 0 0.0328712 0.0570075 -0.9164867 0.1868318 0.3537597 -0.3601004 0 -0.9329135
2 12 1052 373 1425 0.01320949 0.2970675 0.2001876 0.04446629 0.06598555 0.6108671 0.6238089 0.4875488 -0.6238014 0 0.7815829
2 1 0 0 0 0 0 0 0.04826159 0.09769466 0.6459382 0.1692787 0.7443848 -0.7552848 0 0.6553967
2 4 0 0 0 0 0 0 0.03249288 0.0323562 -0.4001794 0.01801315 0.9162598 -0.9164084 0 -0.4002444
2 14 0 0 0 0 0 0 0.03828004 0.1062993 -0.4128125 0.6272617 0.6604004 -0.8479624 0 -0.5300564
2 15 840 106 946 0.01243513 0.2743301 0.181006 0.04532909 0.0687001 0.1747827 0.5745902 0.7995605 -0.9769309 0 0.2135556
2 13 899 760 1659 0.01032541 0.2403445 0.1398653 0.04296086 0.07382396 -0.1861478 0.8964736 0.4020996 -0.907475 0 -0.4201061
2 20 0 0 0 0 0 0 0.02978019 0.02497756 -0.7476897 0.05380062 0.6618652 -0.6628252 0 -0.7487742
2 6 0 0 0 0 0 0 0.04148523 0.04143783 -0.06731362 0.2910209 0.9543457 -0.9975217 0 -0.07035898
2 19 0 0 0 0 0 0 0.03219361 0.0638365 -0.4165192 0.07526719 0.9060059 -0.9085831 0 -0.417704
2 16 0 0 0 0 0 0 0.04105105 0.02125601 -0.06643912 0.06958211 0.9953613 -0.9977797 0 -0.06660055
0 9 0 0 0 0 0 0 0.022359 0.02170183 -0.03431653 0.01693172 0.9992676 -0.9994109 0 -0.03432145
0 17 0 0 0 0 0 0 0.022359 0.035199 -0.03431653 0.01693172 0.9992676 -0.9994109 0 -0.03432145
0 3 0 0 0 0 0 0 0.022359 0.05280096 -0.03431653 0.01693172 0.9992676 -0.9994109 0 -0.03432145
0 18 190 271 461 0.004345592 0.1100096 0.219584 0.03950195 0.01979011 0.6627651 0.6552105 -0.3625488 0.4799133 0 0.8773159
0 7 0 0 0 0 0 0 0.022359 0.03670161 -0.03431653 0.01693172 0.9992676 -0.9994109 0 -0.03432145
0 10 0 0 0 0 0 0 0.022359 0.040817 -0.03431653 0.01693172 0.9992676 -0.9994109 0 -0.03432145
0 11 0 0 0 0 0 0 0.022359 0.03752519 -0.03431653 0.01693172 0.9992676 -0.9994109 0 -0.03432145
0 8 0 0 0 0 0 0 0.022359 0.04476345 -0.03431653 0.01693172 0.9992676 -0.9994109 0 -0.03432145
0 12 0 0 0 0 0 0 0.022359 0.0673084 -0.03431653 0.01693172 0.9992676 -0.9994109 0 -0.03432145
0 1 0 0 0 0 0 0 0.022359 0.102275 -0.03431653 0.01693172 0.9992676 -0.9994109 0 -0.03432145
0 4 0 0 0 0 0 0 0.022359 0.04014367 -0.03431653 0.01693172 0.9992676 -0.9994109 0 -0.03432145
0 14 0 0 0 0 0 0 0.022359 0.101286 -0.03431653 0.01693172 0.9992676 -0.9994109 0 -0.03432145
0 15 0 0 0 0 0 0 0.022359 0.1213314 -0.03431653 0.01693172 0.9992676 -0.9994109 0 -0.03432145
0 13 0 0 0 0 0 0 0.022359 0.07290958 -0.03431653 0.01693172 0.9992676 -0.9994109 0 -0.03432145
0 20 0 0 0 0 0 0 0.022359 0.01675109 -0.03431653 0.01693172 0.9992676 -0.9994109 0 -0.03432145
0 6 0 0 0 0 0 0 0.022359 0.05032622 -0.03431653 0.01693172 0.9992676 -0.9994109 0 -0.03432145
0 19 0 0 0 0 0 0 0.022359 0.06943949 -0.03431653 0.01693172 0.9992676 -0.9994109 0 -0.03432145
0 16 0 0 0 0 0 0 0.022359 0.0210146 -0.03431653 0.01693172 0.9992676 -0.9994109 0 -0.03432145
9 17 0 0 0 0 0 0 0.02170183 0.035199 -0.03431653 0.01693172 0.9992676 -0.9994109 0 -0.03432145
9 3 0 0 0 0 0 0 0.02170183 0.05280096 -0.03431653 0.01693172 0.9992676 -0.9994109 0 -0.03432145
9 18 0 0 0 0 0 0 0.02170183 0.01565987 -0.03431653 0.01693172 0.9992676 -0.9994109 0 -0.03432145
9 7 0 0 0 0 0 0 0.02170183 0.03670161 -0.03431653 0.01693172 0.9992676 -0.9994109 0 -0.03432145
9 10 213 102 315 0.003316502 0.1536905 0.07259497 0.02157909 0.045685 0.2954749 0.2082668 0.932373 -0.9532765 0 0.3020993
9 11 0 0 0 0 0 0 0.02170183 0.03752519 -0.03431653 0.01693172 0.9992676 -0.9994109 0 -0.03432145
9 8 0 0 0 0 0 0 0.02139399 0.04616113 0.1077844 0.05883846 0.9924316 -0.994154 0 0.1079714
9 12 0 0 0 0 0 0 0.02149614 0.06761445 0.04742682 0.01380628 0.9987793 -0.9988745 0 0.04743133
9 1 0 0 0 0 0 0 0.02170183 0.102275 -0.03431653 0.01693172 0.9992676 -0.9994109 0 -0.03432145
9 4 0 0 0 0 0 0 0.02170183 0.04014367 -0.03431653 0.01693172 0.9992676 -0.9994109 0 -0.03432145
9 14 0 0 0 0 0 0 0.02132889 0.08873985 0.1755089 0.06725698 0.9821777 -0.9844068 0 0.1759073
9 15 0 0 0 0 0 0 0.02149614 0.11907 0.04742682 0.01380628 0.9987793 -0.9988745 0 0.04743133
9 13 0 0 0 0 0 0 0.02170183 0.07290958 -0.03431653 0.01693172 0.9992676 -0.9994109 0 -0.03432145
9 20 0 0 0 0 0 0 0.02175233 0.02140026 0.1193396 0.1608564 0.9797363 -0.992663 0 0.1209141
9 6 0 0 0 0 0 0 0.02149614 0.05253905 0.04742682 0.01380628 0.9987793 -0.9988745 0 0.04743133
9 19 0 0 0 0 0 0 0.02105106 0.06903192 0.2728818 0.02695352 0.9616699 -0.9620194 0 0.272981
9 16 0 0 0 0 0 0 0.02200136 0.02100527 -0.0522557 0.1195248 0.9914551 -0.9986139 0 -0.05263302
17 3 144 136 280 0.004527558 0.2029059 0.1330466 0.02231358 0.03402987 -0.9155661 0.37969 0.1325684 -0.1432995 0 -0.9896793
17 18 0 0 0 0 0 0 0.035199 0.01565987 -0.03431653 0.01693172 0.9992676 -0.9994109 0 -0.03432145
17 7 0 0 0 0 0 0 0.035199 0.03670161 -0.03431653 0.01693172 0.9992676 -0.9994109 0 -0.03432145
17 10 0 0 0 0 0 0 0.035199 0.040817 -0.03431653 0.01693172 0.9992676 -0.9994109 0 -0.03432145
17 11 0 0 0 0 0 0 0.035199 0.03752519 -0.03431653 0.01693172 0.9992676 -0.9994109 0 -0.03432145
17 8 0 0 0 0 0 0 0.035199 0.04476345 -0.03431653 0.01693172 0.9992676 -0.9994109 0 -0.03432145
17 12 0 0 0 0 0 0 0.035199 0.0673084 -0.03431653 0.01693172 0.9992676 -0.9994109 0 -0.03432145
17 1 0 0 0 0 0 0 0.035199 0.102275 -0.03431653 0.01693172 0.9992676 -0.9994109 0 -0.03432145
17 4 0 0 0 0 0 0 0.035199 0.04014367 -0.03431653 0.01693172 0.9992676 -0.9994109 0 -0.03432145
17 14 0 0 0 0 0 0 0.035199 0.101286 -0.03431653 0.01693172 0.9992676 -0.9994109 0 -0.03432145
17 15 0 0 0 0 0 0 0.035199 0.1213314 -0.03431653 0.01693172 0.9992676 -0.9994109 0 -0.03432145
17 13 31 20 51 0.001935463 0.05780988 0.01346972 0.03347979 0.1436899 -0.818154 0.007431732 0.5749512 -0.574967 0 -0.8181766
17 20 0 0 0 0 0 0 0.035199 0.01675109 -0.03431653 0.01693172 0.9992676 -0.9994109 0 -0.03432145
17 6 0 0 0 0 0 0 0.03326024 0.04882335 0.1193396 0.1608564 0.9797363 -0.992663 0 0.1209141
17 19 0 0 0 0 0 0 0.035199 0.06943949 -0.03431653 0.01693172 0.9992676 -0.9994109 0 -0.03432145
17 16 0 0 0 0 0 0 0.035199 0.0210146 -0.03431653 0.01693172 0.9992676 -0.9994109 0 -0.03432145
3 18 0 0 0 0 0 0 0.05280096 0.01565987 -0.03431653 0.01693172 0.9992676 -0.9994109 0 -0.03432145
3 7 0 0 0 0 0 0 0.05280096 0.03670161 -0.03431653 0.01693172 0.9992676 -0.9994109 0 -0.03432145
3 10 0 0 0 0 0 0 0.05280096 0.040817 -0.03431653 0.01693172 0.9992676 -0.9994109 0 -0.03432145
3 11 0 0 0 0 0 0 0.05280096 0.03752519 -0.03431653 0.01693172 0.9992676 -0.9994109 0 -0.03432145
3 8 0 0 0 0 0 0 0.05280096 0.04476345 -0.03431653 0.01693172 0.9992676 -0.9994109 0 -0.03432145
3 12 0 0 0 0 0 0 0.05280096 0.0673084 -0.03431653 0.01693172 0.9992676 -0.9994109 0 -0.03432145
3 1 0 0 0 0 0 0 0.05280096 0.102275 -0.03431653 0.01693172 0.9992676 -0.9994109 0 -0.03432145
3 4 0 0 0 0 0 0 0.05280096 0.04014367 -0.03431653 0.01693172 0.9992676 -0.9994109 0 -0.03432145
3 14 0 0 0 0 0 0 0.05280096 0.101286 -0.03431653 0.01693172 0.9992676 -0.9994109 0 -0.03432145
3 15 0 0 0 0 0 0 0.05280096 0.1213314 -0.03431653 0.01693172 0.9992676 -0.9994109 0 -0.03432145
3 13 0 0 0 0 0 0 0.05280096 0.07290958 -0.03431653 0.01693172 0.9992676 -0.9994109 0 -0.03432145
3 20 0 0 0 0 0 0 0.05280096 0.01675109 -0.03431653 0.01693172 0.9992676 -0.9994109 0 -0.03432145
3 6 0 0 0 0 0 0 0.05151151 0.0427242 -0.1560896 0.2395605 0.958252 -0.9869917 0 -0.160771
3 19 0 0 0 0 0 0 0.05280096 0.06943949 -0.03431653 0.01693172 0.9992676 -0.9994109 0 -0.03432145
3 16 0 0 0 0 0 0 0.05280096 0.0210146 -0.03431653 0.01693172 0.9992676 -0.9994109 0 -0.03432145
18 7 0 0 0 0 0 0 0.01565987 0.03670161 -0.03431653 0.01693172 0.9992676 -0.9994109 0 -0.03432145
18 10 0 0 0 0 0 0 0.01565987 0.040817 -0.03431653 0.01693172 0.9992676 -0.9994109 0 -0.03432145
18 11 0 0 0 0 0 0 0.01565987 0.03752519 -0.03431653 0.01693172 0.9992676 -0.9994109 0 -0.03432145
18 8 0 0 0 0 0 0 0.01565987 0.04476345 -0.03431653 0.01693172 0.9992676 -0.9994109 0 -0.03432145
18 12 0 0 0 0 0 0 0.01565987 0.0673084 -0.03431653 0.01693172 0.9992676 -0.9994109 0 -0.03432145
18 1 0 0 0 0 0 0 0.01565987 0.102275 -0.03431653 0.01693172 0.9992676 -0.9994109 0 -0.03432145
18 4 0 0 0 0 0 0 0.01565987 0.04014367 -0.03431653 0.01693172 0.9992676 -0.9994109 0 -0.03432145
18 14 0 0 0 0 0 0 0.01565987 0.101286 -0.03431653 0.01693172 0.9992676 -0.9994109 0 -0.03432145
18 15 0 0 0 0 0 0 0.01565987 0.1213314 -0.03431653 0.01693172 0.9992676 -0.9994109 0 -0.03432145
18 13 0 0 0 0 0 0 0.01565987 0.07290958 -0.03431653 0.01693172 0.9992676 -0.9994109 0 -0.03432145
18 20 0 0 0 0 0 0 0.01565987 0.01675109 -0.03431653 0.01693172 0.9992676 -0.9994109 0 -0.03432145
18 6 0 0 0 0 0 0 0.01565987 0.05032622 -0.03431653 0.01693172 0.9992676 -0.9994109 0 -0.03432145
18 19 0 0 0 0 0 0 0.01565987 0.06943949 -0.03431653 0.01693172 0.9992676 -0.9994109 0 -0.03432145
18 16 0 0 0 0 0 0 0.01565987 0.0210146 -0.03431653 0.01693172 0.9992676 -0.9994109 0 -0.03432145
7 10 0 0 0 0 0 0 0.03670161 0.040817 -0.03431653 0.01693172 0.9992676 -0.9994109 0 -0.03432145
7 11 0 0 0 0 0 0 0.03670161 0.03752519 -0.03431653 0.01693172 0.9992676 -0.9994109 0 -0.03432145
7 8 521 1026 1547 0.009767271 0.3376992 0.2578286 0.02892299 0.0378828 0.09455039 0.5790171 0.8098145 -0.9932529 0 0.1159679
7 12 64 114 178 0.00433739 0.1358978 0.07464969 0.03191656 0.05810325 0.3346899 0.5301505 0.7790527 -0.9187987 0 0.3947263
7 1 389 262 651 0.01070956 0.2228632 0.1361302 0.0480544 0.07867145 0.7635781 0.4458936 0.4670411 -0.5217835 0 0.8530779
7 4 235 843 1078 0.009158766 0.194659 0.2117001 0.0470503 0.04326292 -0.1758396 0.9732747 0.147705 -0.6431914 0 -0.7657055
7 14 190 176 366 0.007801619 0.2119344 0.0837136 0.03681149 0.09319417 0.2011689 0.8247125 0.5285645 -0.9345988 0 0.3557035
7 15 636 6 642 0.02002132 0.4378208 0.1650829 0.04572949 0.1212804 -0.5025711 0.1449677 0.8522949 -0.8613943 0 -0.5079368
7 13 830 7 837 0.008737818 0.2633253 0.1235449 0.0331826 0.07072584 0.1929392 0.234078 0.9528809 -0.9801105 0 0.1984527
7 20 9 1 10 0.001216915 0.03130168 0.08211195 0.03887698 0.01482019 -0.3435938 0.3890617 0.8547363 -0.9278392 0 -0.3729803
7 6 0 0 0 0 0 0 0.03670161 0.05032622 -0.03431653 0.01693172 0.9992676 -0.9994109 0 -0.03432145
7 19 0 0 0 0 0 0 0.03670161 0.06943949 -0.03431653 0.01693172 0.9992676 -0.9994109 0 -0.03432145
7 16 0 0 0 0 0 0 0.03670161 0.0210146 -0.03431653 0.01693172 0.9992676 -0.9994109 0 -0.03432145
10 11 0 0 0 0 0 0 0.04459318 0.0353338 0.23438 0.1128214 0.9655762 -0.9717807 0 0.2358861
10 8 0 0 0 0 0 0 0.04426742 0.0493362 0.2728818 0.02695352 0.9616699 -0.9620194 0 0.272981
10 12 204 230 434 0.003030109 0.08474472 0.04698334 0.03575573 0.06449328 -0.2092741 0.8185802 -0.5349121 0.931266 0 -0.3643399
10 1 0 0 0 0 0 0 0.04426742 0.1017299 0.2728818 0.02695352 0.9616699 -0.9620194 0 0.272981
10 4 0 0 0 0 0 0 0.040817 0.04014367 -0.03431653 0.01693172 0.9992676 -0.9994109 0 -0.03432145
10 14 115 4 119 0.002598298 0.04819833 0.02397861 0.05390846 0.108359 0.9947048 0.07283287 -0.07250978 0.07270286 0 0.9973536
10 15 1682 522 2204 0.01634817 0.3839953 0.1096924 0.04257389 0.1490365 -0.433679 0.8675684 -0.2434082 0.4894419 0 -0.8720359
10 13 111 276 387 0.00683479 0.1749995 0.06376339 0.03905605 0.1071899 -0.2911095 0.5054658 -0.8122559 0.9413676 0 -0.3373826
10 20 0 0 0 0 0 0 0.03883401 0.02483817 -0.5963449 0.01955031 0.8024902 -0.8026436 0 -0.5964589
10 6 1486 673 2159 0.01504542 0.3247155 0.277015 0.04633416 0.05431265 0.6894 0.5035326 0.5207519 -0.6027387 0 0.7979386
10 19 0 0 0 0 0 0 0.04369134 0.04895179 -0.5901289 0.311307 0.744873 -0.7838216 0 -0.620986
10 16 0 0 0 0 0 0 0.04088737 0.02125601 -0.06643912 0.06958211 0.9953613 -0.9977797 0 -0.06660055
11 8 0 0 0 0 0 0 0.04123779 0.04244447 -0.2180506 0.1634182 0.9621582 -0.9752688 0 -0.2210218
11 12 0 0 0 0 0 0 0.04311433 0.07489996 -0.4504965 0.2445114 0.8586426 -0.8855213 0 -0.4645987
11 1 0 0 0 0 0 0 0.04116899 0.09411693 -0.1625286 0.1886289 0.9685059 -0.9862099 0 -0.1654996
11 4 0 0 0 0 0 0 0.03752519 0.04014367 -0.03431653 0.01693172 0.9992676 -0.9994109 0 -0.03432145
11 14 143 72 215 0.002212542 0.079779 0.02160654 0.02773338 0.1024015 0.5880368 0.08416376 0.8044434 -0.8073078 0 0.5901307
11 15 0 0 0 0 0 0 0.04236842 0.08327364 -0.0542891 0.4311725 0.9006348 -0.9981881 0 -0.06016949
11 13 0 0 0 0 0 0 0.04196019 0.095173 -0.377844 0.1576228 0.9123535 -0.9239029 0 -0.3826271
11 20 0 0 0 0 0 0 0.03752519 0.01675109 -0.03431653 0.01693172 0.9992676 -0.9994109 0 -0.03432145
11 6 0 0 0 0 0 0 0.03299001 0.057018 0.3215272 0.05887337 0.9450684 -0.9467105 0 0.3220858
11 19 0 0 0 0 0 0 0.03402737 0.07022199 0.2073021 0.003277564 0.9782715 -0.9782767 0 0.2073032
11 16 138 16 154 0.0004573106 0.01457314 0.04936492 0.03138037 0.009263878 0.5678792 0.6425741 0.5144043 -0.6713502 0 0.7411404
8 12 4324 993 5317 0.03117034 0.6107217 0.3617168 0.05103854 0.08617334 0.7153391 0.2366903 0.6574707 -0.676699 0 0.7362598
8 1 4764 350 5114 0.03324847 0.6687881 0.3447628 0.0497145 0.09643866 0.3585721 0.09682696 0.9284668 -0.93285 0 0.3602649
8 4 464 922 1386 0.008342683 0.190041 0.2459826 0.04389939 0.03391575 0.2867104 0.06498738 -0.9558105 0.9578353 0 0.2873178
8 14 2376 500 2876 0.01559616 0.2903929 0.1467807 0.0537071 0.1062549 0.6819218 0.1418953 0.7175293 -0.7248637 0 0.6888923
8 15 2733 85 2818 0.03066488 0.6114306 0.2012885 0.05015268 0.1523429 0.7148283 0.4439759 -0.5402831 0.6029685 0 0.797765
8 13 4007 49 4056 0.03043104 0.5799533 0.4418941 0.05247154 0.068865 0.2260531 0.8326182 -0.5056154 0.9129146 0 0.4081506
8 20 248 1 249 0.001704191 0.02940129 0.2704245 0.05796313 0.00630191 -0.7485833 0.6556267 -0.09887694 0.1309481 0 -0.9913893
8 6 0 0 0 0 0 0 0.04315633 0.0463843 -0.1010978 0.1390777 0.9851074 -0.9947752 0 -0.10209
8 19 79 3 82 0.001464452 0.04080681 0.08691668 0.03588743 0.01684891 -0.0657738 0.9176768 0.3918457 -0.986203 0 -0.1655405
8 16 0 0 0 0 0 0 0.04476345 0.0210146 -0.03431653 0.01693172 0.9992676 -0.9994109 0 -0.03432145
12 1 1133 11 1144 0.01390885 0.2202663 0.2350528 0.06314562 0.05917332 0.5253893 0.61812 0.5847168 -0.7438352 0 0.668363
12 4 63 776 839 0.008041733 0.1398419 0.1910142 0.05750591 0.04210018 0.1964954 0.3399742 0.9196777 -0.9779283 0 0.208941
12 14 2846 172 3018 0.05136769 0.5037879 0.4794548 0.1019629 0.1071377 0.9883161 0.05322694 -0.1428223 0.1430251 0 0.989719
12 15 3551 451 4002 0.07562637 0.8614164 0.605904 0.08779305 0.1248158 -0.7295778 0.3001726 0.614502 -0.6442097 0 -0.7648489
12 13 4336 1588 5924 0.04501306 0.6272393 0.5281552 0.07176377 0.08522695 0.3317558 0.5298399 -0.7805176 0.9203157 0 0.3911764
12 20 2 0 2 0.008487452 0.1308712 0.2976215 0.06485347 0.02851761 -0.2397956 0.9052162 -0.3508301 0.825577 0 -0.5642895
12 6 770 114 884 0.01251658 0.1746499 0.2117748 0.07166667 0.05910324 0.1883058 0.4278157 -0.8840332 0.9780578 0 0.2083337
12 19 7 9 16 0.004540701 0.0844511 0.1870556 0.05376722 0.02427461 -0.07978041 0.9572401 0.2780761 -0.9612219 0 -0.2757758
12 16 0 0 0 0 0 0 0.0673084 0.0210146 -0.03431653 0.01693172 0.9992676 -0.9994109 0 -0.03432145
1 4 736 1109 1845 0.01893064 0.1196648 0.3434702 0.1581973 0.05511582 -0.6493334 0.7604896 0.004638731 -0.007143653 0 -0.9999745
1 14 618 2734 3352 0.06438069 0.5168637 0.5389095 0.1245603 0.1194648 0.0003907849 0.2546204 -0.967041 0.9999999 0 0.0004041037
1 15 110 87 197 0.03536787 0.4096007 0.3344361 0.08634719 0.1057537 0.4710139 0.8567145 0.210205 -0.4075392 0 0.9131877
1 13 26 140 166 0.03993518 0.3874065 0.4173392 0.1030834 0.09568998 0.3927413 0.05137501 0.9182129 -0.919427 0 0.3932606
1 20 0 1 1 0.002381247 0.02717495 0.1112719 0.08762653 0.02140026 0.1193396 0.1608564 0.9797363 -0.992663 0 0.1209141
1 6 0 0 0 0 0 0 0.102275 0.05032622 -0.03431653 0.01693172 0.9992676 -0.9994109 0 -0.03432145
1 19 26 39 65 0.003640904 0.0667848 0.117116 0.05451695 0.03108802 0.2988772 0.6740341 0.6755371 -0.9144943 0 0.4045988
1 16 0 0 0 0 0 0 0.102275 0.0210146 -0.03431653 0.01693172 0.9992676 -0.9994109 0 -0.03432145
4 14 1396 267 1663 0.017325 0.3023777 0.1491067 0.05729589 0.1161919 -0.726849 0.006400601 -0.6867675 0.6867816 0 -0.7268639
4 15 1789 2 1791 0.01622919 0.3088659 0.1403818 0.05254445 0.1156075 -0.4395601 0.03020858 -0.8977051 0.898115 0 -0.4397607
4 13 299 21 320 0.005145641 0.1152098 0.07010824 0.04466322 0.07339566 0.2224071 0.1744011 0.9592285 -0.9741578 0 0.2258686
4 20 0 0 0 0 0 0 0.04014367 0.01675109 -0.03431653 0.01693172 0.9992676 -0.9994109 0 -0.03432145
4 6 0 0 0 0 0 0 0.04014367 0.05032622 -0.03431653 0.01693172 0.9992676 -0.9994109 0 -0.03432145
4 19 209 236 445 0.003195798 0.08175622 0.2198923 0.03908936 0.01453347 0.01045965 0.9127219 0.4084473 -0.9996723 0 0.02559992
4 16 0 0 0 0 0 0 0.04014367 0.0210146 -0.03431653 0.01693172 0.9992676 -0.9994109 0 -0.03432145
14 15 797 118 915 0.04269375 0.4542711 0.4813409 0.09398298 0.08869753 -0.006871271 0.8779191 0.4787598 -0.9998971 0 -0.01435075
14 13 1013 399 1412 0.069956 0.655815 0.4196769 0.1066703 0.1666901 0.9764408 0.03371843 -0.2131347 0.213256 0 0.9769964
14 20 0 1 1 0.02145704 0.1752732 0.4917339 0.1224205 0.04363546 0.3513747 0.9099087 0.220459 -0.5314713 0 0.8470763
14 6 1 1 2 0.01729574 0.1432038 0.3112541 0.1207771 0.05556791 0.7313333 0.5472814 0.4069824 -0.4862693 0 0.873809
14 19 64 0 64 0.03037398 0.2807645 0.5753211 0.1081831 0.05279483 0.7180144 0.1734414 0.6740723 -0.6844456 0 0.7290639
14 16 0 0 0 0 0 0 0.1017864 0.02274389 -0.2719336 0.2264087 0.9353027 -0.9602378 0 -0.2791834
15 13 1483 2405 3888 0.08161368 0.6650007 0.6451117 0.1227272 0.1265109 -0.6791294 0.2642204 0.6848145 -0.710048 0 -0.7041534
15 20 0 1 1 0.005783281 0.05637679 0.2421256 0.1025826 0.02388546 0.1419002 0.2285514 0.9631348 -0.9893203 0 0.1457581
15 6 33 157 190 0.01611548 0.1832741 0.2962751 0.087931 0.05439362 0.692745 0.5406421 0.477295 -0.5673621 0 0.8234684
15 19 0 0 0 0.01722936 0.1624957 0.4127981 0.1060296 0.04173797 -0.4505797 0.4979419 0.7409668 -0.8544257 0 -0.5195737
15 16 0 0 0 0 0 0 0.1213314 0.0210146 -0.03431653 0.01693172 0.9992676 -0.9994109 0 -0.03432145
13 20 2 0 2 0.007498162 0.08792868 0.2264099 0.08527551 0.03311764 -0.02976962 0.848371 -0.5285644 0.9984177 0 -0.05623253
13 6 0 0 0 0 0 0 0.07290958 0.05032622 -0.03431653 0.01693172 0.9992676 -0.9994109 0 -0.03432145
13 19 0 0 0 0 0 0 0.07290958 0.06943949 -0.03431653 0.01693172 0.9992676 -0.9994109 0 -0.03432145
13 16 0 0 0 0 0 0 0.07290958 0.0210146 -0.03431653 0.01693172 0.9992676 -0.9994109 0 -0.03432145
20 6 0 0 0 0.001704101 0.1019773 0.03673875 0.0167106 0.0463843 -0.1010978 0.1390777 0.9851074 -0.9947752 0 -0.10209
20 19 0 0 0 0.006357216 0.2401367 0.09778437 0.02647332 0.0650126 0.4227867 0.09136975 0.9016113 -0.9053986 0 0.4245626
20 16 0 0 0 0 0 0 0.02311104 0.01863092 0.1710274 0.1756515 0.9694824 -0.9847935 0 0.1737285
6 19 53 1 54 0.003058033 0.05939124 0.1767018 0.05148963 0.01730618 0.5433394 0.7465258 0.3840332 -0.5771841 0 0.816614
6 16 0 0 0 0 0 0 0.0492669 0.02176552 -0.1153257 0.02846082 0.9929199 -0.9933223 0 -0.1153724
19 16 0 0 0 0 0 0 0.06748684 0.02125601 -0.06643912 0.06958211 0.9953613 -0.9977797 0 -0.06660055
