Epiblast Primitive.Streak 3604 2361 5965 0.01606569 0.3911983 0.3580396 0.04106791 0.04487128 -0.5163608 0.7218956 -0.4606933 0.6657398 0 -0.746184
Epiblast ExE.ectoderm 0 0 0 0 0 0 0.04291009 0.0251491 -0.03431653 0.01693172 0.9992676 -0.9994109 0 -0.03432145
Epiblast Visceral.endoderm 0 0 0 0 0 0 0.04291009 0.01833026 -0.03431653 0.01693172 0.9992676 -0.9994109 0 -0.03432145
Epiblast ExE.endoderm 0 0 0 0 0 0 0.04291009 0.05338583 -0.03431653 0.01693172 0.9992676 -0.9994109 0 -0.03432145
Epiblast Nascent.mesoderm 0 0 0 0 0 0 0.04251836 0.02394505 0.04742682 0.01380628 0.9987793 -0.9988745 0 0.04743133
Epiblast Rostral.neurectoderm 2980 987 3967 0.0167888 0.3839963 0.376255 0.04372125 0.0446208 -0.5684972 0.6633689 0.4865723 -0.6502435 0 -0.7597259
Epiblast Blood.progenitors.2 0 0 0 0 0 0 0.04251836 0.01976813 0.04742682 0.01380628 0.9987793 -0.9988745 0 0.04743133
Epiblast Mixed.mesoderm 0 0 0 0 0 0 0.04291009 0.02670541 -0.03431653 0.01693172 0.9992676 -0.9994109 0 -0.03432145
Epiblast ExE.mesoderm 0 0 0 0 0 0 0.04251836 0.03448563 0.04742682 0.01380628 0.9987793 -0.9988745 0 0.04743133
Epiblast Intermediate.mesoderm 0 0 0 0 0 0 0.04183812 0.05206629 0.23438 0.1128214 0.9655762 -0.9717807 0 0.2358861
Epiblast Pharyngeal.mesoderm 0 0 0 0 0 0 0.04291009 0.02072609 -0.03431653 0.01693172 0.9992676 -0.9994109 0 -0.03432145
Epiblast Caudal.epiblast 0 0 0 0 0 0 0.04166626 0.0286757 0.2289817 0.05414301 0.9719238 -0.9733515 0 0.229318
Epiblast PGC 0 0 0 0 0 0 0.04291009 0.02122958 -0.03431653 0.01693172 0.9992676 -0.9994109 0 -0.03432145
Epiblast Mesenchyme 0 0 0 0 0 0 0.04190471 0.0958278 0.1493689 0.02250491 0.9885254 -0.9887758 0 0.1494068
Epiblast Haematoendothelial.progenitors 0 0 0 0 0 0 0.04044652 0.08079439 0.5126871 0.3320948 0.791748 -0.8393866 0 0.5435349
Epiblast Blood.progenitors.1 0 0 0 0 0 0 0.04265784 0.01974797 0.1193396 0.1608564 0.9797363 -0.992663 0 0.1209141
Epiblast Surface.ectoderm 0 0 0 0 0 0 0.04150378 0.08906261 0.2810331 0.09154117 0.9553223 -0.9593503 0 0.282218
Epiblast Gut 0 0 0 0 0 0 0.04251836 0.0392739 0.04742682 0.01380628 0.9987793 -0.9988745 0 0.04743133
Epiblast Paraxial.mesoderm 0 0 0 0 0 0 0.04161977 0.0304235 0.2073021 0.003277564 0.9782715 -0.9782767 0 0.2073032
Epiblast Caudal.neurectoderm 0 0 0 0 0 0 0.03914928 0.04000537 0.5880368 0.08416376 0.8044434 -0.8073078 0 0.5901307
Epiblast Notochord 0 0 0 0 0 0 0.04291009 0.003157642 -0.03431653 0.01693172 0.9992676 -0.9994109 0 -0.03432145
Epiblast Somitic.mesoderm 0 0 0 0 0 0 0.04110134 0.02340399 0.3215272 0.05887337 0.9450684 -0.9467105 0 0.3220858
Epiblast Caudal.Mesoderm 0 0 0 0 0 0 0.04291009 0.01688522 -0.03431653 0.01693172 0.9992676 -0.9994109 0 -0.03432145
Epiblast Erythroid1 0 0 0 0 0 0 0.04291009 0.01280685 -0.03431653 0.01693172 0.9992676 -0.9994109 0 -0.03432145
Epiblast Def.endoderm 0 0 0 0 0 0 0.03640771 0.04338075 0.8235253 0.02670997 0.5666504 -0.5668526 0 0.8238192
Epiblast Parietal.endoderm 0 0 0 0.0003831165 0.00888198 0.0295762 0.04313413 0.01295354 0.2546578 0.2786151 0.9260254 -0.9642051 0 0.2651573
Epiblast Allantois 0 0 0 0 0 0 0.04291009 0.01287907 -0.03431653 0.01693172 0.9992676 -0.9994109 0 -0.03432145
Epiblast Anterior.Primitive.Streak 0 0 0 0 0 0 0.04110134 0.01748634 0.3215272 0.05887337 0.9450684 -0.9467105 0 0.3220858
Epiblast Endothelium 0 0 0 0 0 0 0.04285332 0.01020577 -0.3069578 0.06555232 0.9494629 -0.9515095 0 -0.3076195
Epiblast Forebrain/Midbrain/Hindbrain 0 0 0 0 0 0 0.04555165 0.05278461 -0.4505797 0.4979419 0.7409668 -0.8544257 0 -0.5195737
Epiblast Spinal.cord 0 0 0 0 0 0 0.04291009 0.01605795 -0.03431653 0.01693172 0.9992676 -0.9994109 0 -0.03432145
Epiblast Cardiomyocytes 0 0 0 0 0 0 0.03991213 0.06170525 0.4518901 0.03573929 0.8913574 -0.8919272 0 0.452179
Epiblast Erythroid2 0 0 0 0 0 0 0.04291009 0.006654852 -0.03431653 0.01693172 0.9992676 -0.9994109 0 -0.03432145
Epiblast NMP 0 0 0 0 0 0 0.04291009 0.02095546 -0.03431653 0.01693172 0.9992676 -0.9994109 0 -0.03432145
Epiblast Erythroid3 0 0 0 0 0 0 0.04297205 0.01636096 -0.0522557 0.1195248 0.9914551 -0.9986139 0 -0.05263302
Epiblast Neural.crest 0 0 0 0 0 0 0.04291009 0.008413025 -0.03431653 0.01693172 0.9992676 -0.9994109 0 -0.03432145
Primitive.Streak ExE.ectoderm 0 0 0 0 0 0 0.04023041 0.0251491 -0.03431653 0.01693172 0.9992676 -0.9994109 0 -0.03432145
Primitive.Streak Visceral.endoderm 0 0 0 0 0 0 0.04023041 0.01833026 -0.03431653 0.01693172 0.9992676 -0.9994109 0 -0.03432145
Primitive.Streak ExE.endoderm 0 0 0 0 0 0 0.04023041 0.05338583 -0.03431653 0.01693172 0.9992676 -0.9994109 0 -0.03432145
Primitive.Streak Nascent.mesoderm 268 362 630 0.00415001 0.1018968 0.116805 0.04072758 0.0355294 0.04061534 0.7168486 -0.696045 0.9983019 0 0.05825251
Primitive.Streak Rostral.neurectoderm 1301 694 1995 0.01110513 0.3234187 0.3070092 0.0343367 0.03617198 0.5417969 0.3967673 -0.7409667 0.8072244 0 0.5902447
Primitive.Streak Blood.progenitors.2 0 0 0 0 0 0 0.04285127 0.02058178 0.06822697 0.1235493 0.9899902 -0.9976337 0 0.06875373
Primitive.Streak Mixed.mesoderm 0 0 0 0 0 0 0.04895619 0.03178414 0.6261579 0.05730028 0.7775879 -0.7788675 0 0.6271884
Primitive.Streak ExE.mesoderm 0 0 0 0 0 0 0.04665836 0.03596323 0.3860915 0.1394099 0.9118652 -0.9208577 0 0.389899
Primitive.Streak Intermediate.mesoderm 0 0 0 0 0 0 0.03260765 0.0505804 -0.899733 0.04290943 0.4343262 -0.4347266 0 -0.9005625
Primitive.Streak Pharyngeal.mesoderm 0 0 0 0 0 0 0.04023041 0.02072609 -0.03431653 0.01693172 0.9992676 -0.9994109 0 -0.03432145
Primitive.Streak Caudal.epiblast 220 339 559 0.006313658 0.1559424 0.229622 0.04048711 0.02749588 -0.5970742 0.7969445 0.0915527 -0.1515641 0 -0.9884475
Primitive.Streak PGC 0 0 0 0 0 0 0.04496836 0.02106199 0.23438 0.1128214 0.9655762 -0.9717807 0 0.2358861
Primitive.Streak Mesenchyme 0 0 0 0 0 0 0.04886638 0.07557934 0.5642032 0.2114663 0.7980957 -0.816562 0 0.5772578
Primitive.Streak Haematoendothelial.progenitors 0 0 0 0 0 0 0.04358032 0.07536204 -0.3386134 0.7410355 0.579834 -0.8635345 0 -0.5042897
Primitive.Streak Blood.progenitors.1 0 0 0 0 0 0 0.046677 0.01941611 0.2954749 0.2082668 0.932373 -0.9532765 0 0.3020993
Primitive.Streak Surface.ectoderm 587 149 736 0.01171146 0.2333254 0.2358592 0.05019366 0.04965444 0.1747827 0.5745902 0.7995605 -0.9769309 0 0.2135556
Primitive.Streak Gut 0 0 0 0 0 0 0.04598693 0.04212599 0.3177997 0.1334422 0.9387207 -0.9471918 0 0.3206675
Primitive.Streak Paraxial.mesoderm 0 0 0 0 0 0 0.03824386 0.03079193 -0.163272 0.004171492 0.9865723 -0.9865808 0 -0.1632735
Primitive.Streak Caudal.neurectoderm 63 38 101 0.005027368 0.1427062 0.08544679 0.03522881 0.05883624 0.9330035 0.170988 -0.3166504 0.3213834 0 0.9469492
Primitive.Streak Notochord 0 0 0 0 0 0 0.04023041 0.003157642 -0.03431653 0.01693172 0.9992676 -0.9994109 0 -0.03432145
Primitive.Streak Somitic.mesoderm 0 0 0 0 0 0 0.03163492 0.0225297 -0.7852139 0.03178525 0.6184082 -0.6187209 0 -0.7856109
Primitive.Streak Caudal.Mesoderm 0 0 0 0 0 0 0.04662758 0.01841407 0.343151 0.1787279 0.9221191 -0.9372096 0 0.3487667
Primitive.Streak Erythroid1 0 0 0 0 0 0 0.04023041 0.01280685 -0.03431653 0.01693172 0.9992676 -0.9994109 0 -0.03432145
Primitive.Streak Def.endoderm 744 298 1042 0.005905534 0.1274762 0.2426238 0.04632656 0.02434029 0.1469421 0.2871984 0.9465332 -0.9881634 0 0.1534049
Primitive.Streak Parietal.endoderm 0 0 0 0 0 0 0.04142005 0.009475277 -0.5426527 0.7029855 0.4597168 -0.646392 0 -0.7630054
Primitive.Streak Allantois 0 0 0 0 0 0 0.04145684 0.01293171 0.04742682 0.01380628 0.9987793 -0.9988745 0 0.04743133
Primitive.Streak Anterior.Primitive.Streak 363 636 999 0.00815868 0.1712689 0.5692386 0.04763667 0.01433262 -0.08198612 0.6926979 0.7165527 -0.9935179 0 -0.1136758
Primitive.Streak Endothelium 0 0 0 0 0 0 0.03763342 0.01051238 -0.2136004 0.03431214 0.9763184 -0.9768936 0 -0.2137263
Primitive.Streak Forebrain/Midbrain/Hindbrain 3 0 3 0.006541838 0.1657144 0.1221569 0.03947658 0.05355273 -0.4006758 0.4257755 0.8112793 -0.8966108 0 -0.4428194
Primitive.Streak Spinal.cord 0 0 0 0 0 0 0.04023041 0.01605795 -0.03431653 0.01693172 0.9992676 -0.9994109 0 -0.03432145
Primitive.Streak Cardiomyocytes 0 0 0 0 0 0 0.03465061 0.06472513 -0.5025711 0.1449677 0.8522949 -0.8613943 0 -0.5079368
Primitive.Streak Erythroid2 0 0 0 0 0 0 0.04023041 0.006654852 -0.03431653 0.01693172 0.9992676 -0.9994109 0 -0.03432145
Primitive.Streak NMP 0 0 0 0 0 0 0.04145684 0.0215938 0.04742682 0.01380628 0.9987793 -0.9988745 0 0.04743133
Primitive.Streak Erythroid3 0 0 0 0 0 0 0.04008313 0.01657009 -0.06643912 0.06958211 0.9953613 -0.9977797 0 -0.06660055
Primitive.Streak Neural.crest 0 0 0 0 0 0 0.04023041 0.008413025 -0.03431653 0.01693172 0.9992676 -0.9994109 0 -0.03432145
ExE.ectoderm Visceral.endoderm 0 0 0 0 0 0 0.0251491 0.01833026 -0.03431653 0.01693172 0.9992676 -0.9994109 0 -0.03432145
ExE.ectoderm ExE.endoderm 0 0 0 0 0 0 0.0251491 0.05338583 -0.03431653 0.01693172 0.9992676 -0.9994109 0 -0.03432145
ExE.ectoderm Nascent.mesoderm 0 0 0 0 0 0 0.0251491 0.02342405 -0.03431653 0.01693172 0.9992676 -0.9994109 0 -0.03432145
ExE.ectoderm Rostral.neurectoderm 0 0 0 0 0 0 0.0251491 0.05129429 -0.03431653 0.01693172 0.9992676 -0.9994109 0 -0.03432145
ExE.ectoderm Blood.progenitors.2 0 0 0 0 0 0 0.0251491 0.01973032 -0.03431653 0.01693172 0.9992676 -0.9994109 0 -0.03432145
ExE.ectoderm Mixed.mesoderm 0 0 0 0 0 0 0.0251491 0.02670541 -0.03431653 0.01693172 0.9992676 -0.9994109 0 -0.03432145
ExE.ectoderm ExE.mesoderm 0 0 0 0 0 0 0.0251491 0.03359666 -0.03431653 0.01693172 0.9992676 -0.9994109 0 -0.03432145
ExE.ectoderm Intermediate.mesoderm 0 0 0 0 0 0 0.0251491 0.05122579 -0.03431653 0.01693172 0.9992676 -0.9994109 0 -0.03432145
ExE.ectoderm Pharyngeal.mesoderm 0 0 0 0 0 0 0.0251491 0.02072609 -0.03431653 0.01693172 0.9992676 -0.9994109 0 -0.03432145
ExE.ectoderm Caudal.epiblast 0 0 0 0 0 0 0.0251491 0.02577177 -0.03431653 0.01693172 0.9992676 -0.9994109 0 -0.03432145
ExE.ectoderm PGC 0 0 0 0 0 0 0.0251491 0.02122958 -0.03431653 0.01693172 0.9992676 -0.9994109 0 -0.03432145
ExE.ectoderm Mesenchyme 0 0 0 0 0 0 0.0251491 0.09978206 -0.03431653 0.01693172 0.9992676 -0.9994109 0 -0.03432145
ExE.ectoderm Haematoendothelial.progenitors 0 0 0 0 0 0 0.0251491 0.09490774 -0.03431653 0.01693172 0.9992676 -0.9994109 0 -0.03432145
ExE.ectoderm Blood.progenitors.1 0 0 0 0 0 0 0.0251491 0.01894477 -0.03431653 0.01693172 0.9992676 -0.9994109 0 -0.03432145
ExE.ectoderm Surface.ectoderm 0 0 0 0 0 0 0.0251491 0.08517039 -0.03431653 0.01693172 0.9992676 -0.9994109 0 -0.03432145
ExE.ectoderm Gut 0 0 0 0 0 0 0.0251491 0.04142233 -0.03431653 0.01693172 0.9992676 -0.9994109 0 -0.03432145
ExE.ectoderm Paraxial.mesoderm 0 0 0 0 0 0 0.0251491 0.03104369 -0.03431653 0.01693172 0.9992676 -0.9994109 0 -0.03432145
ExE.ectoderm Caudal.neurectoderm 0 0 0 0 0 0 0.0251491 0.03146395 -0.03431653 0.01693172 0.9992676 -0.9994109 0 -0.03432145
ExE.ectoderm Notochord 0 0 0 0 0 0 0.0251491 0.003157642 -0.03431653 0.01693172 0.9992676 -0.9994109 0 -0.03432145
ExE.ectoderm Somitic.mesoderm 0 0 0 0 0 0 0.0251491 0.02408604 -0.03431653 0.01693172 0.9992676 -0.9994109 0 -0.03432145
ExE.ectoderm Caudal.Mesoderm 0 0 0 0 0 0 0.0251491 0.01688522 -0.03431653 0.01693172 0.9992676 -0.9994109 0 -0.03432145
ExE.ectoderm Erythroid1 0 0 0 0 0 0 0.0251491 0.01280685 -0.03431653 0.01693172 0.9992676 -0.9994109 0 -0.03432145
ExE.ectoderm Def.endoderm 0 0 0 0 0 0 0.0251491 0.02253444 -0.03431653 0.01693172 0.9992676 -0.9994109 0 -0.03432145
ExE.ectoderm Parietal.endoderm 0 0 0 0 0 0 0.0251491 0.01108525 -0.03431653 0.01693172 0.9992676 -0.9994109 0 -0.03432145
ExE.ectoderm Allantois 0 0 0 0 0 0 0.0251491 0.01287907 -0.03431653 0.01693172 0.9992676 -0.9994109 0 -0.03432145
ExE.ectoderm Anterior.Primitive.Streak 0 0 0 0 0 0 0.0251491 0.01914414 -0.03431653 0.01693172 0.9992676 -0.9994109 0 -0.03432145
ExE.ectoderm Endothelium 0 0 0 0 0 0 0.0251491 0.01106812 -0.03431653 0.01693172 0.9992676 -0.9994109 0 -0.03432145
ExE.ectoderm Forebrain/Midbrain/Hindbrain 0 0 0 0 0 0 0.0251491 0.06444515 -0.03431653 0.01693172 0.9992676 -0.9994109 0 -0.03432145
ExE.ectoderm Spinal.cord 0 0 0 0 0 0 0.0251491 0.01605795 -0.03431653 0.01693172 0.9992676 -0.9994109 0 -0.03432145
ExE.ectoderm Cardiomyocytes 0 0 0 0 0 0 0.0251491 0.07450933 -0.03431653 0.01693172 0.9992676 -0.9994109 0 -0.03432145
ExE.ectoderm Erythroid2 0 0 0 0 0 0 0.0251491 0.006654852 -0.03431653 0.01693172 0.9992676 -0.9994109 0 -0.03432145
ExE.ectoderm NMP 0 0 0 0 0 0 0.0251491 0.02095546 -0.03431653 0.01693172 0.9992676 -0.9994109 0 -0.03432145
ExE.ectoderm Erythroid3 0 0 0 0 0 0 0.0251491 0.01651622 -0.03431653 0.01693172 0.9992676 -0.9994109 0 -0.03432145
ExE.ectoderm Neural.crest 0 0 0 0 0 0 0.0251491 0.008413025 -0.03431653 0.01693172 0.9992676 -0.9994109 0 -0.03432145
Visceral.endoderm ExE.endoderm 76 42 118 0.0003999096 0.02449532 0.00829024 0.01632596 0.04823861 0.3885726 0.6799585 0.6218262 -0.8480405 0 0.5299315
Visceral.endoderm Nascent.mesoderm 0 0 0 0 0 0 0.01833026 0.02342405 -0.03431653 0.01693172 0.9992676 -0.9994109 0 -0.03432145
Visceral.endoderm Rostral.neurectoderm 0 0 0 0 0 0 0.01833026 0.05129429 -0.03431653 0.01693172 0.9992676 -0.9994109 0 -0.03432145
Visceral.endoderm Blood.progenitors.2 0 0 0 0 0 0 0.01833026 0.01973032 -0.03431653 0.01693172 0.9992676 -0.9994109 0 -0.03432145
Visceral.endoderm Mixed.mesoderm 0 0 0 0 0 0 0.01833026 0.02670541 -0.03431653 0.01693172 0.9992676 -0.9994109 0 -0.03432145
Visceral.endoderm ExE.mesoderm 0 0 0 0 0 0 0.01833026 0.03359666 -0.03431653 0.01693172 0.9992676 -0.9994109 0 -0.03432145
Visceral.endoderm Intermediate.mesoderm 0 0 0 0 0 0 0.01833026 0.05122579 -0.03431653 0.01693172 0.9992676 -0.9994109 0 -0.03432145
Visceral.endoderm Pharyngeal.mesoderm 0 0 0 0 0 0 0.01833026 0.02072609 -0.03431653 0.01693172 0.9992676 -0.9994109 0 -0.03432145
Visceral.endoderm Caudal.epiblast 0 0 0 0 0 0 0.01833026 0.02577177 -0.03431653 0.01693172 0.9992676 -0.9994109 0 -0.03432145
Visceral.endoderm PGC 0 0 0 0 0 0 0.01833026 0.02122958 -0.03431653 0.01693172 0.9992676 -0.9994109 0 -0.03432145
Visceral.endoderm Mesenchyme 0 0 0 0 0 0 0.01833026 0.09978206 -0.03431653 0.01693172 0.9992676 -0.9994109 0 -0.03432145
Visceral.endoderm Haematoendothelial.progenitors 0 0 0 0 0 0 0.01833026 0.09490774 -0.03431653 0.01693172 0.9992676 -0.9994109 0 -0.03432145
Visceral.endoderm Blood.progenitors.1 0 0 0 0 0 0 0.01833026 0.01894477 -0.03431653 0.01693172 0.9992676 -0.9994109 0 -0.03432145
Visceral.endoderm Surface.ectoderm 0 0 0 0 0 0 0.01833026 0.08517039 -0.03431653 0.01693172 0.9992676 -0.9994109 0 -0.03432145
Visceral.endoderm Gut 43 70 113 0.001754877 0.1712787 0.02670538 0.01024574 0.06571247 0.9798083 0.1931892 0.05151371 -0.05250277 0 0.9986207
Visceral.endoderm Paraxial.mesoderm 0 0 0 0 0 0 0.01833026 0.03104369 -0.03431653 0.01693172 0.9992676 -0.9994109 0 -0.03432145
Visceral.endoderm Caudal.neurectoderm 0 0 0 0 0 0 0.01833026 0.03146395 -0.03431653 0.01693172 0.9992676 -0.9994109 0 -0.03432145
Visceral.endoderm Notochord 0 0 0 0 0 0 0.01901071 0.00355301 -0.3232228 0.1158166 0.939209 -0.9455721 0 -0.3254126
Visceral.endoderm Somitic.mesoderm 0 0 0 0 0 0 0.01833026 0.02408604 -0.03431653 0.01693172 0.9992676 -0.9994109 0 -0.03432145
Visceral.endoderm Caudal.Mesoderm 0 0 0 0 0 0 0.01833026 0.01688522 -0.03431653 0.01693172 0.9992676 -0.9994109 0 -0.03432145
Visceral.endoderm Erythroid1 0 0 0 0 0 0 0.01833026 0.01280685 -0.03431653 0.01693172 0.9992676 -0.9994109 0 -0.03432145
Visceral.endoderm Def.endoderm 1 0 1 0.0001088365 0.01300024 0.002198789 0.008371886 0.04949841 -0.9610947 0.02431775 -0.2751465 0.2752279 0 -0.961379
Visceral.endoderm Parietal.endoderm 0 0 0 0 0 0 0.01833026 0.01108525 -0.03431653 0.01693172 0.9992676 -0.9994109 0 -0.03432145
Visceral.endoderm Allantois 0 0 0 0 0 0 0.01833026 0.01287907 -0.03431653 0.01693172 0.9992676 -0.9994109 0 -0.03432145
Visceral.endoderm Anterior.Primitive.Streak 0 0 0 0 0 0 0.01833026 0.01914414 -0.03431653 0.01693172 0.9992676 -0.9994109 0 -0.03432145
Visceral.endoderm Endothelium 0 0 0 0 0 0 0.01833026 0.01106812 -0.03431653 0.01693172 0.9992676 -0.9994109 0 -0.03432145
Visceral.endoderm Forebrain/Midbrain/Hindbrain 0 0 0 0 0 0 0.01800789 0.0669778 0.04742682 0.01380628 0.9987793 -0.9988745 0 0.04743133
Visceral.endoderm Spinal.cord 0 0 0 0 0 0 0.01833026 0.01605795 -0.03431653 0.01693172 0.9992676 -0.9994109 0 -0.03432145
Visceral.endoderm Cardiomyocytes 0 0 0 0 0 0 0.01833026 0.07450933 -0.03431653 0.01693172 0.9992676 -0.9994109 0 -0.03432145
Visceral.endoderm Erythroid2 0 0 0 0 0 0 0.01833026 0.006654852 -0.03431653 0.01693172 0.9992676 -0.9994109 0 -0.03432145
Visceral.endoderm NMP 0 0 0 0 0 0 0.01833026 0.02095546 -0.03431653 0.01693172 0.9992676 -0.9994109 0 -0.03432145
Visceral.endoderm Erythroid3 0 0 0 0 0 0 0.01833026 0.01651622 -0.03431653 0.01693172 0.9992676 -0.9994109 0 -0.03432145
Visceral.endoderm Neural.crest 0 0 0 0 0 0 0.01833026 0.008413025 -0.03431653 0.01693172 0.9992676 -0.9994109 0 -0.03432145
ExE.endoderm Nascent.mesoderm 0 0 0 0 0 0 0.05338583 0.02342405 -0.03431653 0.01693172 0.9992676 -0.9994109 0 -0.03432145
ExE.endoderm Rostral.neurectoderm 0 0 0 0 0 0 0.05338583 0.05129429 -0.03431653 0.01693172 0.9992676 -0.9994109 0 -0.03432145
ExE.endoderm Blood.progenitors.2 0 0 0 0 0 0 0.05338583 0.01973032 -0.03431653 0.01693172 0.9992676 -0.9994109 0 -0.03432145
ExE.endoderm Mixed.mesoderm 0 0 0 0 0 0 0.05338583 0.02670541 -0.03431653 0.01693172 0.9992676 -0.9994109 0 -0.03432145
ExE.endoderm ExE.mesoderm 0 0 0 0 0 0 0.05338583 0.03359666 -0.03431653 0.01693172 0.9992676 -0.9994109 0 -0.03432145
ExE.endoderm Intermediate.mesoderm 0 0 0 0 0 0 0.05338583 0.05122579 -0.03431653 0.01693172 0.9992676 -0.9994109 0 -0.03432145
ExE.endoderm Pharyngeal.mesoderm 0 0 0 0 0 0 0.05338583 0.02072609 -0.03431653 0.01693172 0.9992676 -0.9994109 0 -0.03432145
ExE.endoderm Caudal.epiblast 0 0 0 0 0 0 0.05338583 0.02577177 -0.03431653 0.01693172 0.9992676 -0.9994109 0 -0.03432145
ExE.endoderm PGC 0 0 0 0 0 0 0.05338583 0.02122958 -0.03431653 0.01693172 0.9992676 -0.9994109 0 -0.03432145
ExE.endoderm Mesenchyme 0 0 0 0 0 0 0.05338583 0.09978206 -0.03431653 0.01693172 0.9992676 -0.9994109 0 -0.03432145
ExE.endoderm Haematoendothelial.progenitors 0 0 0 0 0 0 0.05338583 0.09490774 -0.03431653 0.01693172 0.9992676 -0.9994109 0 -0.03432145
ExE.endoderm Blood.progenitors.1 0 0 0 0 0 0 0.05338583 0.01894477 -0.03431653 0.01693172 0.9992676 -0.9994109 0 -0.03432145
ExE.endoderm Surface.ectoderm 0 0 0 0 0 0 0.05338583 0.08517039 -0.03431653 0.01693172 0.9992676 -0.9994109 0 -0.03432145
ExE.endoderm Gut 0 0 0 0 0 0 0.05338583 0.04142233 -0.03431653 0.01693172 0.9992676 -0.9994109 0 -0.03432145
ExE.endoderm Paraxial.mesoderm 0 0 0 0 0 0 0.05338583 0.03104369 -0.03431653 0.01693172 0.9992676 -0.9994109 0 -0.03432145
ExE.endoderm Caudal.neurectoderm 0 0 0 0 0 0 0.05338583 0.03146395 -0.03431653 0.01693172 0.9992676 -0.9994109 0 -0.03432145
ExE.endoderm Notochord 0 0 0 0 0 0 0.05338583 0.003157642 -0.03431653 0.01693172 0.9992676 -0.9994109 0 -0.03432145
ExE.endoderm Somitic.mesoderm 0 0 0 0 0 0 0.05338583 0.02408604 -0.03431653 0.01693172 0.9992676 -0.9994109 0 -0.03432145
ExE.endoderm Caudal.Mesoderm 0 0 0 0 0 0 0.05338583 0.01688522 -0.03431653 0.01693172 0.9992676 -0.9994109 0 -0.03432145
ExE.endoderm Erythroid1 0 0 0 0 0 0 0.05338583 0.01280685 -0.03431653 0.01693172 0.9992676 -0.9994109 0 -0.03432145
ExE.endoderm Def.endoderm 0 0 0 0 0 0 0.05338583 0.02253444 -0.03431653 0.01693172 0.9992676 -0.9994109 0 -0.03432145
ExE.endoderm Parietal.endoderm 0 0 0 0 0 0 0.05338583 0.01108525 -0.03431653 0.01693172 0.9992676 -0.9994109 0 -0.03432145
ExE.endoderm Allantois 0 0 0 0 0 0 0.05338583 0.01287907 -0.03431653 0.01693172 0.9992676 -0.9994109 0 -0.03432145
ExE.endoderm Anterior.Primitive.Streak 0 0 0 0 0 0 0.05338583 0.01914414 -0.03431653 0.01693172 0.9992676 -0.9994109 0 -0.03432145
ExE.endoderm Endothelium 0 0 0 0 0 0 0.05338583 0.01106812 -0.03431653 0.01693172 0.9992676 -0.9994109 0 -0.03432145
ExE.endoderm Forebrain/Midbrain/Hindbrain 0 0 0 0 0 0 0.05408904 0.06215989 -0.06643912 0.06958211 0.9953613 -0.9977797 0 -0.06660055
ExE.endoderm Spinal.cord 0 0 0 0 0 0 0.05394677 0.01589707 -0.01288601 0.06498964 0.9978027 -0.9999166 0 -0.01291331
ExE.endoderm Cardiomyocytes 0 0 0 0 0 0 0.05338583 0.07450933 -0.03431653 0.01693172 0.9992676 -0.9994109 0 -0.03432145
ExE.endoderm Erythroid2 0 0 0 0 0 0 0.05338583 0.006654852 -0.03431653 0.01693172 0.9992676 -0.9994109 0 -0.03432145
ExE.endoderm NMP 0 0 0 0 0 0 0.05338583 0.02095546 -0.03431653 0.01693172 0.9992676 -0.9994109 0 -0.03432145
ExE.endoderm Erythroid3 0 0 0 0 0 0 0.05338583 0.01651622 -0.03431653 0.01693172 0.9992676 -0.9994109 0 -0.03432145
ExE.endoderm Neural.crest 0 0 0 0 0 0 0.05659958 0.008490559 -0.1560896 0.2395605 0.958252 -0.9869917 0 -0.160771
Nascent.mesoderm Rostral.neurectoderm 0 0 0 0 0 0 0.02342405 0.05129429 -0.03431653 0.01693172 0.9992676 -0.9994109 0 -0.03432145
Nascent.mesoderm Blood.progenitors.2 0 0 0 0 0 0 0.02342405 0.01973032 -0.03431653 0.01693172 0.9992676 -0.9994109 0 -0.03432145
Nascent.mesoderm Mixed.mesoderm 1477 1230 2707 0.01621639 0.5615799 0.4755122 0.02887637 0.03410299 -0.6833177 0.5723053 0.4533692 -0.5528618 0 -0.8332729
Nascent.mesoderm ExE.mesoderm 1 6 7 0.0004174011 0.01575288 0.02211237 0.02649681 0.01887636 -0.1331076 0.8181911 0.5593262 -0.9728318 0 -0.2315131
Nascent.mesoderm Intermediate.mesoderm 131 526 657 0.00967148 0.2374404 0.222312 0.04073224 0.04350409 0.5567296 0.7854996 0.2702637 -0.4367107 0 0.8996019
Nascent.mesoderm Pharyngeal.mesoderm 0 0 0 0 0 0 0.03019701 0.02065568 -0.4001794 0.01801315 0.9162598 -0.9164084 0 -0.4002444
Nascent.mesoderm Caudal.epiblast 54 62 116 0.002804456 0.1155945 0.1092861 0.02426116 0.02566161 0.1187103 0.004232347 -0.9929199 0.9929288 0 0.1187114
Nascent.mesoderm PGC 1 5 6 0.0002389775 0.0110053 0.01956038 0.02171477 0.01221742 -0.3483714 0.486822 0.8010254 -0.9170284 0 -0.3988219
Nascent.mesoderm Mesenchyme 2 0 2 0.0005728619 0.01640843 0.005596499 0.03491265 0.1023607 -0.8412677 0.4256898 0.333252 -0.3682874 0 -0.9297119
Nascent.mesoderm Haematoendothelial.progenitors 7 0 7 0.002448502 0.0707058 0.02928951 0.03462944 0.08359656 -0.6567824 0.08925439 0.7487793 -0.7517797 0 -0.6594142
Nascent.mesoderm Blood.progenitors.1 0 0 0 0 0 0 0.02269879 0.01922032 -0.06643912 0.06958211 0.9953613 -0.9977797 0 -0.06660055
Nascent.mesoderm Surface.ectoderm 88 2 90 0.007134863 0.3125335 0.1009969 0.02282911 0.07064438 -0.2569189 0.2797809 0.9250488 -0.9635284 0 -0.267606
Nascent.mesoderm Gut 0 0 0 0 0 0 0.02423093 0.04351048 -0.2036511 0.1137582 0.9724121 -0.9787658 0 -0.2049817
Nascent.mesoderm Paraxial.mesoderm 1 0 1 9.068385E-06 0.0003333335 0.000298398 0.02720514 0.03039023 -0.2801453 0.02150143 0.9597168 -0.9599388 0 -0.28021
Nascent.mesoderm Caudal.neurectoderm 0 0 0 0 0 0 0.02342405 0.03146395 -0.03431653 0.01693172 0.9992676 -0.9994109 0 -0.03432145
Nascent.mesoderm Notochord 0 0 0 0 0 0 0.02342405 0.003157642 -0.03431653 0.01693172 0.9992676 -0.9994109 0 -0.03432145
Nascent.mesoderm Somitic.mesoderm 4 10 14 0.001303492 0.05483978 0.05274351 0.0237691 0.0247138 -0.2180506 0.1634182 0.9621582 -0.9752688 0 -0.2210218
Nascent.mesoderm Caudal.Mesoderm 0 0 0 0 0 0 0.02519191 0.01765433 0.1419002 0.2285514 0.9631348 -0.9893203 0 0.1457581
Nascent.mesoderm Erythroid1 0 0 0 0 0 0 0.02342405 0.01280685 -0.03431653 0.01693172 0.9992676 -0.9994109 0 -0.03432145
Nascent.mesoderm Def.endoderm 0 0 0 0 0 0 0.02342405 0.02253444 -0.03431653 0.01693172 0.9992676 -0.9994109 0 -0.03432145
Nascent.mesoderm Parietal.endoderm 0 0 0 0 0 0 0.02342405 0.01108525 -0.03431653 0.01693172 0.9992676 -0.9994109 0 -0.03432145
Nascent.mesoderm Allantois 0 0 0 0 0 0 0.0375492 0.01862839 0.569857 0.03388599 0.8210449 -0.8215167 0 0.5701845
Nascent.mesoderm Anterior.Primitive.Streak 516 118 634 0.005494844 0.1732992 0.4254545 0.03170727 0.01291523 0.2011689 0.8247125 0.5285645 -0.9345988 0 0.3557035
Nascent.mesoderm Endothelium 0 0 0 0 0 0 0.02342405 0.01106812 -0.03431653 0.01693172 0.9992676 -0.9994109 0 -0.03432145
Nascent.mesoderm Forebrain/Midbrain/Hindbrain 0 0 0 0 0 0 0.02342405 0.06444515 -0.03431653 0.01693172 0.9992676 -0.9994109 0 -0.03432145
Nascent.mesoderm Spinal.cord 0 0 0 0 0 0 0.02342405 0.01605795 -0.03431653 0.01693172 0.9992676 -0.9994109 0 -0.03432145
Nascent.mesoderm Cardiomyocytes 0 0 0 0 0 0 0.02342405 0.07450933 -0.03431653 0.01693172 0.9992676 -0.9994109 0 -0.03432145
Nascent.mesoderm Erythroid2 0 0 0 0 0 0 0.02342405 0.006654852 -0.03431653 0.01693172 0.9992676 -0.9994109 0 -0.03432145
Nascent.mesoderm NMP 0 0 0 0 0 0 0.02342405 0.02095546 -0.03431653 0.01693172 0.9992676 -0.9994109 0 -0.03432145
Nascent.mesoderm Erythroid3 0 0 0 0 0 0 0.02342405 0.01651622 -0.03431653 0.01693172 0.9992676 -0.9994109 0 -0.03432145
Nascent.mesoderm Neural.crest 0 0 0 0 0 0 0.02342405 0.008413025 -0.03431653 0.01693172 0.9992676 -0.9994109 0 -0.03432145
Rostral.neurectoderm Blood.progenitors.2 0 0 0 0 0 0 0.05224974 0.01957979 0.2073021 0.003277564 0.9782715 -0.9782767 0 0.2073032
Rostral.neurectoderm Mixed.mesoderm 0 0 0 0 0 0 0.05129429 0.02670541 -0.03431653 0.01693172 0.9992676 -0.9994109 0 -0.03432145
Rostral.neurectoderm ExE.mesoderm 0 0 0 0 0 0 0.05317247 0.03383667 0.23438 0.1128214 0.9655762 -0.9717807 0 0.2358861
Rostral.neurectoderm Intermediate.mesoderm 0 0 0 0 0 0 0.05193674 0.05395171 0.5880368 0.08416376 0.8044434 -0.8073078 0 0.5901307
Rostral.neurectoderm Pharyngeal.mesoderm 0 0 0 0 0 0 0.05129429 0.02072609 -0.03431653 0.01693172 0.9992676 -0.9994109 0 -0.03432145
Rostral.neurectoderm Caudal.epiblast 122 54 176 0.007326966 0.1553537 0.1639894 0.04716313 0.04467951 0.915449 0.3998916 0.04516598 -0.04927758 0 0.9987851
Rostral.neurectoderm PGC 0 0 0 0 0 0 0.05240125 0.02214652 0.5024322 0.0140817 0.864502 -0.8645877 0 0.502482
Rostral.neurectoderm Mesenchyme 0 0 0 0 0 0 0.05314531 0.09057924 0.3215272 0.05887337 0.9450684 -0.9467105 0 0.3220858
Rostral.neurectoderm Haematoendothelial.progenitors 2 2 4 0.001010335 0.02195273 0.01083243 0.04602321 0.0932695 -0.9955942 0.01182645 0.09301758 -0.09302409 0 -0.9956639
Rostral.neurectoderm Blood.progenitors.1 0 0 0 0 0 0 0.05290388 0.01814173 0.3547372 0.01683701 0.9348145 -0.934947 0 0.3547874
Rostral.neurectoderm Surface.ectoderm 848 479 1327 0.01213319 0.293026 0.08524359 0.04140655 0.1423356 -0.2866079 0.934703 -0.2102051 0.5914112 0 -0.8063701
Rostral.neurectoderm Gut 0 0 0 0 0 0 0.05278287 0.04095754 0.2289817 0.05414301 0.9719238 -0.9733515 0 0.229318
Rostral.neurectoderm Paraxial.mesoderm 0 0 0 0 0 0 0.05129429 0.03104369 -0.03431653 0.01693172 0.9992676 -0.9994109 0 -0.03432145
Rostral.neurectoderm Caudal.neurectoderm 230 248 478 0.003779285 0.09301879 0.1509558 0.04062927 0.02503571 -0.2500439 0.9667841 -0.05297854 0.2072755 0 -0.9782826
Rostral.neurectoderm Notochord 0 0 0 0 0 0 0.05353361 0.002902268 0.1929392 0.234078 0.9528809 -0.9801105 0 0.1984527
Rostral.neurectoderm Somitic.mesoderm 0 0 0 0 0 0 0.05227317 0.02408379 0.1493689 0.02250491 0.9885254 -0.9887758 0 0.1494068
Rostral.neurectoderm Caudal.Mesoderm 0 0 0 0 0 0 0.05317689 0.01848587 0.3927413 0.05137501 0.9182129 -0.919427 0 0.3932606
Rostral.neurectoderm Erythroid1 0 0 0 0 0 0 0.05201399 0.01345864 -0.009749388 0.1570104 0.9875488 -0.9999513 0 -0.009871829
Rostral.neurectoderm Def.endoderm 279 233 512 0.009629948 0.1927132 0.2284402 0.04997036 0.04215523 0.8020208 0.06718209 0.5935059 -0.5948498 0 0.8038369
Rostral.neurectoderm Parietal.endoderm 0 0 0 0 0 0 0.04295838 0.01027354 -0.6289607 0.05290691 0.7756348 -0.7767226 0 -0.6298428
Rostral.neurectoderm Allantois 0 0 0 0 0 0 0.05129429 0.01287907 -0.03431653 0.01693172 0.9992676 -0.9994109 0 -0.03432145
Rostral.neurectoderm Anterior.Primitive.Streak 13 29 42 0.0011448 0.03454505 0.04899044 0.03313933 0.02336783 0.560816 0.5807595 -0.590088 0.7248569 0 0.6888995
Rostral.neurectoderm Endothelium 0 0 0 0 0 0 0.04976238 0.01069418 -0.163272 0.004171492 0.9865723 -0.9865808 0 -0.1632735
Rostral.neurectoderm Forebrain/Midbrain/Hindbrain 1646 774 2420 0.01726605 0.3757331 0.2904155 0.04595296 0.05945292 0.7646403 0.5495257 0.33667 -0.4029674 0 0.9152143
Rostral.neurectoderm Spinal.cord 38 61 99 0.001447161 0.03392679 0.1037872 0.04265542 0.01394355 -0.5769207 0.7905728 0.2053223 -0.3352923 0 -0.9421142
Rostral.neurectoderm Cardiomyocytes 0 0 0 0 0 0 0.04701023 0.06455556 -0.4626331 0.1760384 0.8688965 -0.8826811 0 -0.4699725
Rostral.neurectoderm Erythroid2 0 0 0 0 0 0 0.05122358 0.006901989 -0.06643912 0.06958211 0.9953613 -0.9977797 0 -0.06660055
Rostral.neurectoderm NMP 0 0 0 0 0 0 0.05304634 0.02127833 0.3408805 0.4239017 0.8391113 -0.9264699 0 0.376369
Rostral.neurectoderm Erythroid3 0 0 0 0 0 0 0.05122358 0.01657009 -0.06643912 0.06958211 0.9953613 -0.9977797 0 -0.06660055
Rostral.neurectoderm Neural.crest 0 0 0 0 0 0 0.05129429 0.008413025 -0.03431653 0.01693172 0.9992676 -0.9994109 0 -0.03432145
Blood.progenitors.2 Mixed.mesoderm 0 0 0 0 0 0 0.01973032 0.02670541 -0.03431653 0.01693172 0.9992676 -0.9994109 0 -0.03432145
Blood.progenitors.2 ExE.mesoderm 0 0 0 0 0 0 0.01940865 0.03243089 -0.163272 0.004171492 0.9865723 -0.9865808 0 -0.1632735
Blood.progenitors.2 Intermediate.mesoderm 0 0 0 0 0 0 0.02116048 0.04831688 0.1419002 0.2285514 0.9631348 -0.9893203 0 0.1457581
Blood.progenitors.2 Pharyngeal.mesoderm 0 0 0 0 0 0 0.01973032 0.02072609 -0.03431653 0.01693172 0.9992676 -0.9994109 0 -0.03432145
Blood.progenitors.2 Caudal.epiblast 0 0 0 0 0 0 0.01920493 0.0299389 0.3547372 0.01683701 0.9348145 -0.934947 0 0.3547874
Blood.progenitors.2 PGC 0 0 0 0 0 0 0.02086384 0.01941148 0.05119072 0.1727043 0.9836426 -0.9986485 0 0.05197166
Blood.progenitors.2 Mesenchyme 0 0 0 0 0 0 0.02053814 0.09118611 -0.1625286 0.1886289 0.9685059 -0.9862099 0 -0.1654996
Blood.progenitors.2 Haematoendothelial.progenitors 0 0 0 0 0 0 0.02128817 0.07185537 -0.003033328 0.2775952 0.9606934 -0.9999951 0 -0.00315742
Blood.progenitors.2 Blood.progenitors.1 226 78 304 0.001948014 0.1329572 0.2420858 0.01465143 0.00804679 -0.7841393 0.6103835 0.1120605 -0.1414717 0 -0.9899423
Blood.progenitors.2 Surface.ectoderm 0 0 0 0 0 0 0.01991007 0.0793089 -0.3232228 0.1158166 0.939209 -0.9455721 0 -0.3254126
Blood.progenitors.2 Gut 0 0 0 0 0 0 0.01991007 0.04592754 -0.3232228 0.1158166 0.939209 -0.9455721 0 -0.3254126
Blood.progenitors.2 Paraxial.mesoderm 0 0 0 0 0 0 0.01973032 0.03104369 -0.03431653 0.01693172 0.9992676 -0.9994109 0 -0.03432145
Blood.progenitors.2 Caudal.neurectoderm 0 0 0 0 0 0 0.020139 0.03012902 0.1077844 0.05883846 0.9924316 -0.994154 0 0.1079714
Blood.progenitors.2 Notochord 0 0 0 0 0 0 0.01967641 0.003299749 -0.1153257 0.02846082 0.9929199 -0.9933223 0 -0.1153724
Blood.progenitors.2 Somitic.mesoderm 0 0 0 0 0 0 0.02079962 0.02458082 -0.05303492 0.1855574 0.9812012 -0.9985424 0 -0.05397223
Blood.progenitors.2 Caudal.Mesoderm 0 0 0 0 0 0 0.02003722 0.01663288 -0.2036511 0.1137582 0.9724121 -0.9787658 0 -0.2049817
Blood.progenitors.2 Erythroid1 175 162 337 0.001897106 0.0995175 0.1526436 0.01906304 0.01242834 0.4791469 0.6690764 0.5681152 -0.7644243 0 0.6447135
Blood.progenitors.2 Def.endoderm 0 0 0 0 0 0 0.01968756 0.02436208 -0.2472899 0.07461375 0.9660645 -0.9687648 0 -0.2479811
Blood.progenitors.2 Parietal.endoderm 0 0 0 0 0 0 0.01973032 0.01108525 -0.03431653 0.01693172 0.9992676 -0.9994109 0 -0.03432145
Blood.progenitors.2 Allantois 0 0 0 0 0 0 0.01973032 0.01287907 -0.03431653 0.01693172 0.9992676 -0.9994109 0 -0.03432145
Blood.progenitors.2 Anterior.Primitive.Streak 0 0 0 0 0 0 0.02058178 0.01825066 0.06822697 0.1235493 0.9899902 -0.9976337 0 0.06875373
Blood.progenitors.2 Endothelium 0 0 0 0 0 0 0.01973032 0.01106812 -0.03431653 0.01693172 0.9992676 -0.9994109 0 -0.03432145
Blood.progenitors.2 Forebrain/Midbrain/Hindbrain 0 0 0 0 0 0 0.020139 0.06737039 0.1077844 0.05883846 0.9924316 -0.994154 0 0.1079714
Blood.progenitors.2 Spinal.cord 0 0 0 0 0 0 0.020139 0.01583545 0.1077844 0.05883846 0.9924316 -0.994154 0 0.1079714
Blood.progenitors.2 Cardiomyocytes 0 0 0 0 0 0 0.01973032 0.07450933 -0.03431653 0.01693172 0.9992676 -0.9994109 0 -0.03432145
Blood.progenitors.2 Erythroid2 0 0 0 0 0 0 0.01973032 0.006654852 -0.03431653 0.01693172 0.9992676 -0.9994109 0 -0.03432145
Blood.progenitors.2 NMP 0 0 0 0 0 0 0.01944234 0.0179689 -0.4550163 0.0438203 0.8894043 -0.8902594 0 -0.4554538
Blood.progenitors.2 Erythroid3 0 0 0 0 0 0 0.01973032 0.01651622 -0.03431653 0.01693172 0.9992676 -0.9994109 0 -0.03432145
Blood.progenitors.2 Neural.crest 0 0 0 0 0 0 0.01973032 0.008413025 -0.03431653 0.01693172 0.9992676 -0.9994109 0 -0.03432145
Mixed.mesoderm ExE.mesoderm 276 126 402 0.003304431 0.1592686 0.1634937 0.02074754 0.02021137 0.2468407 0.7105446 0.6589355 -0.9364506 0 0.3507993
Mixed.mesoderm Intermediate.mesoderm 287 634 921 0.00753749 0.371383 0.1835842 0.02029573 0.0410574 0.2548814 0.6645902 0.7023926 -0.9400228 0 0.3411117
Mixed.mesoderm Pharyngeal.mesoderm 149 197 346 0.003927637 0.1373558 0.1819757 0.02859462 0.02158331 0.3756277 0.5618235 -0.7370605 0.8909691 0 0.4540641
Mixed.mesoderm Caudal.epiblast 0 2 2 9.561142E-05 0.003762901 0.003153212 0.02540897 0.03032192 0.2898928 0.9568548 0.01977537 -0.06805798 0 0.9976814
Mixed.mesoderm PGC 40 20 60 0.001557815 0.06107521 0.07940549 0.0255065 0.01961848 -0.1226607 0.08250041 0.9890137 -0.9923967 0 -0.1230802
Mixed.mesoderm Mesenchyme 216 53 269 0.00989789 0.2827143 0.1048504 0.03501022 0.09440008 0.91781 0.3192009 -0.236084 0.249116 0 0.9684736
Mixed.mesoderm Haematoendothelial.progenitors 27 62 89 0.005584729 0.1763528 0.04896875 0.03166793 0.1140468 0.7514393 0.4341688 -0.4968263 0.5515196 0 0.8341619
Mixed.mesoderm Blood.progenitors.1 0 0 0 0 0 0 0.02670541 0.01894477 -0.03431653 0.01693172 0.9992676 -0.9994109 0 -0.03432145
Mixed.mesoderm Surface.ectoderm 68 0 68 0.003933176 0.1408121 0.04037397 0.0279321 0.09741861 0.5355605 0.3516018 -0.7678223 0.8201918 0 0.5720886
Mixed.mesoderm Gut 0 0 0 0 0 0 0.02610069 0.04316441 -0.1153257 0.02846082 0.9929199 -0.9933223 0 -0.1153724
Mixed.mesoderm Paraxial.mesoderm 126 116 242 0.004728589 0.2091779 0.1585493 0.02260558 0.02982409 0.01436153 0.3574081 0.9338379 -0.9998817 0 0.01537722
Mixed.mesoderm Caudal.neurectoderm 0 0 0 0 0 0 0.02670541 0.03146395 -0.03431653 0.01693172 0.9992676 -0.9994109 0 -0.03432145
Mixed.mesoderm Notochord 0 0 0 0 0 0 0.02670541 0.003157642 -0.03431653 0.01693172 0.9992676 -0.9994109 0 -0.03432145
Mixed.mesoderm Somitic.mesoderm 0 0 0 0 0 0 0.02670541 0.02408604 -0.03431653 0.01693172 0.9992676 -0.9994109 0 -0.03432145
Mixed.mesoderm Caudal.Mesoderm 0 2 2 0.0004402456 0.01445985 0.02458478 0.03044607 0.01790725 0.6414422 0.1836191 -0.7448731 0.7577569 0 0.6525369
Mixed.mesoderm Erythroid1 0 0 0 0 0 0 0.02670541 0.01280685 -0.03431653 0.01693172 0.9992676 -0.9994109 0 -0.03432145
Mixed.mesoderm Def.endoderm 0 0 0 0 0 0 0.02670541 0.02253444 -0.03431653 0.01693172 0.9992676 -0.9994109 0 -0.03432145
Mixed.mesoderm Parietal.endoderm 0 0 0 0 0 0 0.02670541 0.01108525 -0.03431653 0.01693172 0.9992676 -0.9994109 0 -0.03432145
Mixed.mesoderm Allantois 0 0 0 0 0 0 0.02402668 0.02273045 -0.1392371 0.6223399 0.7702637 -0.9840517 0 -0.1778826
Mixed.mesoderm Anterior.Primitive.Streak 0 0 0 0 0 0 0.03002313 0.01875513 0.8014591 0.447515 0.3967285 -0.4436308 0 0.8962097
Mixed.mesoderm Endothelium 0 0 0 0 0 0 0.02670541 0.01106812 -0.03431653 0.01693172 0.9992676 -0.9994109 0 -0.03432145
Mixed.mesoderm Forebrain/Midbrain/Hindbrain 0 0 0 0 0 0 0.02670541 0.06444515 -0.03431653 0.01693172 0.9992676 -0.9994109 0 -0.03432145
Mixed.mesoderm Spinal.cord 0 0 0 0 0 0 0.02670541 0.01605795 -0.03431653 0.01693172 0.9992676 -0.9994109 0 -0.03432145
Mixed.mesoderm Cardiomyocytes 0 0 0 0 0 0 0.02670541 0.07450933 -0.03431653 0.01693172 0.9992676 -0.9994109 0 -0.03432145
Mixed.mesoderm Erythroid2 0 0 0 0 0 0 0.02670541 0.006654852 -0.03431653 0.01693172 0.9992676 -0.9994109 0 -0.03432145
Mixed.mesoderm NMP 0 0 0 0 0 0 0.02670541 0.02095546 -0.03431653 0.01693172 0.9992676 -0.9994109 0 -0.03432145
Mixed.mesoderm Erythroid3 0 0 0 0 0 0 0.02670541 0.01651622 -0.03431653 0.01693172 0.9992676 -0.9994109 0 -0.03432145
Mixed.mesoderm Neural.crest 0 0 0 0 0 0 0.02670541 0.008413025 -0.03431653 0.01693172 0.9992676 -0.9994109 0 -0.03432145
ExE.mesoderm Intermediate.mesoderm 1213 1504 2717 0.02595337 0.6517888 0.479086 0.03981869 0.05417268 0.7483105 0.2058054 0.6306152 -0.6444101 0 0.76468
ExE.mesoderm Pharyngeal.mesoderm 9 19 28 0.0009452588 0.02248756 0.03753648 0.04203474 0.0251824 -0.5609938 0.02659846 -0.8273926 0.8276854 0 -0.5611923
ExE.mesoderm Caudal.epiblast 1 39 40 0.00175986 0.07826005 0.05867604 0.02248734 0.02999283 0.2476928 0.8288163 0.5017089 -0.896676 0 0.4426873
ExE.mesoderm PGC 0 2 2 0.0006441973 0.02290898 0.04727041 0.02811986 0.01362792 -0.5769202 0.2675785 0.7717285 -0.8009337 0 -0.598753
ExE.mesoderm Mesenchyme 1978 3 1981 0.03570319 0.8239262 0.424569 0.043333 0.0840928 0.983911 0.1548497 -0.08911139 0.09019937 0 0.9959237
ExE.mesoderm Haematoendothelial.progenitors 1198 230 1428 0.02663015 0.6998456 0.2266656 0.03805146 0.1174865 0.3819301 0.3754716 -0.8444824 0.9111475 0 0.4120803
ExE.mesoderm Blood.progenitors.1 0 0 0 0 0 0 0.03079961 0.01915271 -0.1226607 0.08250041 0.9890137 -0.9923967 0 -0.1230802
ExE.mesoderm Surface.ectoderm 689 10 699 0.01864914 0.5300463 0.2320114 0.03518398 0.08038028 0.5578465 0.8288437 0.04272455 -0.07636472 0 0.99708
ExE.mesoderm Gut 40 0 40 0.00527055 0.2099594 0.1309013 0.02510271 0.04026355 -0.2064188 0.265868 0.9416504 -0.9768062 0 -0.2141253
ExE.mesoderm Paraxial.mesoderm 0 0 0 0 0 0 0.03448563 0.03096974 0.04742682 0.01380628 0.9987793 -0.9988745 0 0.04743133
ExE.mesoderm Caudal.neurectoderm 0 0 0 0 0 0 0.03359666 0.03146395 -0.03431653 0.01693172 0.9992676 -0.9994109 0 -0.03432145
ExE.mesoderm Notochord 0 0 0 0 0 0 0.03359666 0.003157642 -0.03431653 0.01693172 0.9992676 -0.9994109 0 -0.03432145
ExE.mesoderm Somitic.mesoderm 4 233 237 0.004764317 0.1172421 0.2969348 0.04063656 0.01604499 0.4200597 0.6839696 -0.5964356 0.8175833 0 0.5758104
ExE.mesoderm Caudal.Mesoderm 0 666 666 0.009503535 0.2489607 0.4154642 0.03817283 0.0228745 0.8014591 0.447515 0.3967285 -0.4436308 0 0.8962097
ExE.mesoderm Erythroid1 0 0 0 0 0 0 0.03359666 0.01280685 -0.03431653 0.01693172 0.9992676 -0.9994109 0 -0.03432145
ExE.mesoderm Def.endoderm 1 6 7 0.0027716 0.1038626 0.07377669 0.02668526 0.03756741 -0.5136341 0.7408178 0.4328613 -0.6444208 0 -0.764671
ExE.mesoderm Parietal.endoderm 0 0 0 0 0 0 0.03359666 0.01108525 -0.03431653 0.01693172 0.9992676 -0.9994109 0 -0.03432145
ExE.mesoderm Allantois 429 371 800 0.005140527 0.1472916 0.285634 0.03490034 0.0179969 0.681556 0.6443022 0.3469239 -0.453631 0 0.8911896
ExE.mesoderm Anterior.Primitive.Streak 0 0 0 0 0 0 0.03641823 0.01753267 0.2728818 0.02695352 0.9616699 -0.9620194 0 0.272981
ExE.mesoderm Endothelium 0 0 0 0 0 0 0.03359666 0.01106812 -0.03431653 0.01693172 0.9992676 -0.9994109 0 -0.03432145
ExE.mesoderm Forebrain/Midbrain/Hindbrain 0 0 0 0 0 0 0.03359666 0.06444515 -0.03431653 0.01693172 0.9992676 -0.9994109 0 -0.03432145
ExE.mesoderm Spinal.cord 0 0 0 0 0 0 0.03359666 0.01605795 -0.03431653 0.01693172 0.9992676 -0.9994109 0 -0.03432145
ExE.mesoderm Cardiomyocytes 0 0 0 0 0 0 0.03359666 0.07450933 -0.03431653 0.01693172 0.9992676 -0.9994109 0 -0.03432145
ExE.mesoderm Erythroid2 0 0 0 0 0 0 0.03359666 0.006654852 -0.03431653 0.01693172 0.9992676 -0.9994109 0 -0.03432145
ExE.mesoderm NMP 1 0 1 6.375562E-05 0.003553946 0.003794306 0.01793939 0.01680297 -0.1284424 0.5262455 0.8405762 -0.9885262 0 -0.1510496
ExE.mesoderm Erythroid3 0 0 0 0 0 0 0.03359666 0.01651622 -0.03431653 0.01693172 0.9992676 -0.9994109 0 -0.03432145
ExE.mesoderm Neural.crest 0 0 0 0 0 0 0.03359666 0.008413025 -0.03431653 0.01693172 0.9992676 -0.9994109 0 -0.03432145
Intermediate.mesoderm Pharyngeal.mesoderm 331 102 433 0.002519548 0.0554734 0.1105197 0.04541903 0.02279728 0.7585518 0.001375867 -0.6516113 0.6516119 0 0.7585525
Intermediate.mesoderm Caudal.epiblast 102 272 374 0.002997858 0.05900915 0.1300652 0.05080329 0.02304889 -0.4733426 0.8165991 -0.3303222 0.5722786 0 -0.8200594
Intermediate.mesoderm PGC 7 12 19 0.002551951 0.06349753 0.1867366 0.04018978 0.01366604 -0.4431272 0.8415803 0.308838 -0.5717823 0 -0.8204054
Intermediate.mesoderm Mesenchyme 2210 3 2213 0.03739763 0.6375796 0.496553 0.05865562 0.07531448 0.8877239 0.1892533 0.4196778 -0.4274016 0 0.9040619
Intermediate.mesoderm Haematoendothelial.progenitors 3290 130 3420 0.03713296 0.7592048 0.3471472 0.04891033 0.106966 0.8253589 0.3577943 -0.4367675 0.4677312 0 0.8838708
Intermediate.mesoderm Blood.progenitors.1 0 0 0 0 0 0 0.04446007 0.01690102 -0.4550163 0.0438203 0.8894043 -0.8902594 0 -0.4554538
Intermediate.mesoderm Surface.ectoderm 3037 8 3045 0.04790613 0.8581985 0.3138175 0.05582174 0.152656 -0.9560611 0.2931596 0.00219722 -0.002298195 0 -0.9999974
Intermediate.mesoderm Gut 282 1 283 0.00801155 0.2033561 0.2386613 0.03939664 0.0335687 -0.09642142 0.457371 0.8840332 -0.9941044 0 -0.1084269
Intermediate.mesoderm Paraxial.mesoderm 88 77 165 0.00300091 0.05348114 0.1161734 0.05611157 0.02583131 -0.8027294 0.1242692 -0.583252 0.5878083 0 -0.8090003
Intermediate.mesoderm Caudal.neurectoderm 71 1 72 0.002260434 0.05941554 0.113759 0.03804449 0.01987037 0.1806324 0.910758 0.3713379 -0.8992527 0 0.4374296
Intermediate.mesoderm Notochord 0 0 0 0 0 0 0.05122579 0.003157642 -0.03431653 0.01693172 0.9992676 -0.9994109 0 -0.03432145
Intermediate.mesoderm Somitic.mesoderm 915 1277 2192 0.007799614 0.1452599 0.5618988 0.05369418 0.01388082 0.8920419 0.4378398 -0.1120605 0.1246428 0 0.9922017
Intermediate.mesoderm Caudal.Mesoderm 108 344 452 0.006426279 0.1463261 0.3557076 0.04391752 0.01806619 0.6435109 0.009261083 -0.7653809 0.7654137 0 0.6435385
Intermediate.mesoderm Erythroid1 0 0 0 0 0 0 0.05122579 0.01280685 -0.03431653 0.01693172 0.9992676 -0.9994109 0 -0.03432145
Intermediate.mesoderm Def.endoderm 0 3 3 0.001232237 0.02195515 0.02635094 0.05612518 0.04676255 0.9653062 0.164388 -0.2028808 0.2056789 0 0.9786195
Intermediate.mesoderm Parietal.endoderm 0 0 0 0 0 0 0.05122579 0.01108525 -0.03431653 0.01693172 0.9992676 -0.9994109 0 -0.03432145
Intermediate.mesoderm Allantois 0 0 0 0 0 0 0.05460573 0.01974225 0.6076496 0.005010491 0.7941895 -0.7941994 0 0.6076573
Intermediate.mesoderm Anterior.Primitive.Streak 1 0 1 0.0002835433 0.005326584 0.01600038 0.05323172 0.01772103 0.7276131 0.3371617 0.5974121 -0.6345681 0 0.772867
Intermediate.mesoderm Endothelium 0 0 0 0 0 0 0.05122579 0.01106812 -0.03431653 0.01693172 0.9992676 -0.9994109 0 -0.03432145
Intermediate.mesoderm Forebrain/Midbrain/Hindbrain 13 0 13 0.001889471 0.04625053 0.04307706 0.04085296 0.04386259 0.1277896 0.9917104 -0.01342773 0.1045016 0 0.9945248
Intermediate.mesoderm Spinal.cord 0 0 0 0 0 0 0.04460173 0.01630829 -0.4880287 0.006581897 0.8728027 -0.8728217 0 -0.4880393
Intermediate.mesoderm Cardiomyocytes 0 0 0 0.00379319 0.08831497 0.06487606 0.0429507 0.05846826 -0.4736908 0.2893911 0.8317871 -0.8689695 0 -0.4948657
Intermediate.mesoderm Erythroid2 0 0 0 0 0 0 0.05122579 0.006654852 -0.03431653 0.01693172 0.9992676 -0.9994109 0 -0.03432145
Intermediate.mesoderm NMP 3 87 90 0.00230238 0.04384635 0.1404501 0.05251018 0.01639287 -0.823122 0.5305727 -0.2023926 0.238772 0 -0.9710757
Intermediate.mesoderm Erythroid3 0 0 0 0 0 0 0.05122579 0.01651622 -0.03431653 0.01693172 0.9992676 -0.9994109 0 -0.03432145
Intermediate.mesoderm Neural.crest 0 0 0 0 0 0 0.05122579 0.008413025 -0.03431653 0.01693172 0.9992676 -0.9994109 0 -0.03432145
Pharyngeal.mesoderm Caudal.epiblast 0 0 0 0 0 0 0.02072609 0.02577177 -0.03431653 0.01693172 0.9992676 -0.9994109 0 -0.03432145
Pharyngeal.mesoderm PGC 0 0 0 0 0 0 0.02072609 0.02122958 -0.03431653 0.01693172 0.9992676 -0.9994109 0 -0.03432145
Pharyngeal.mesoderm Mesenchyme 617 0 617 0.006051185 0.3239643 0.06258748 0.01867855 0.09668363 0.5870985 0.8035738 -0.09790037 0.1644817 0 0.9863802
Pharyngeal.mesoderm Haematoendothelial.progenitors 713 145 858 0.005382406 0.2608872 0.04847886 0.02063116 0.1110258 0.8055679 0.4520266 -0.3830566 0.4294335 0 0.9030985
Pharyngeal.mesoderm Blood.progenitors.1 0 0 0 0 0 0 0.02072609 0.01894477 -0.03431653 0.01693172 0.9992676 -0.9994109 0 -0.03432145
Pharyngeal.mesoderm Surface.ectoderm 714 2 716 0.00548185 0.2842838 0.09461783 0.01928302 0.05793676 0.06631152 0.3776181 0.923584 -0.9974325 0 0.07161369
Pharyngeal.mesoderm Gut 0 0 0 0 0 0 0.01957821 0.04124045 -0.1625286 0.1886289 0.9685059 -0.9862099 0 -0.1654996
Pharyngeal.mesoderm Paraxial.mesoderm 481 450 931 0.006090854 0.2107671 0.2500936 0.02889851 0.0243543 -0.6940721 0.6007249 -0.3967285 0.4962482 0 -0.8681807
Pharyngeal.mesoderm Caudal.neurectoderm 24 1 25 0.000394897 0.02078104 0.02055611 0.01900275 0.01921069 0.2120357 0.6505675 0.729248 -0.9602338 0 0.279197
Pharyngeal.mesoderm Notochord 0 0 0 0 0 0 0.02072609 0.003157642 -0.03431653 0.01693172 0.9992676 -0.9994109 0 -0.03432145
Pharyngeal.mesoderm Somitic.mesoderm 0 0 0 0 0 0 0.02072609 0.02408604 -0.03431653 0.01693172 0.9992676 -0.9994109 0 -0.03432145
Pharyngeal.mesoderm Caudal.Mesoderm 0 0 0 0 0 0 0.02072609 0.01688522 -0.03431653 0.01693172 0.9992676 -0.9994109 0 -0.03432145
Pharyngeal.mesoderm Erythroid1 0 0 0 0 0 0 0.02072609 0.01280685 -0.03431653 0.01693172 0.9992676 -0.9994109 0 -0.03432145
Pharyngeal.mesoderm Def.endoderm 0 0 0 0 0 0 0.02072609 0.02253444 -0.03431653 0.01693172 0.9992676 -0.9994109 0 -0.03432145
Pharyngeal.mesoderm Parietal.endoderm 0 0 0 0 0 0 0.02072609 0.01108525 -0.03431653 0.01693172 0.9992676 -0.9994109 0 -0.03432145
Pharyngeal.mesoderm Allantois 0 0 0 0 0 0 0.02293635 0.0156729 0.4227867 0.09136975 0.9016113 -0.9053986 0 0.4245626
Pharyngeal.mesoderm Anterior.Primitive.Streak 0 0 0 0 0 0 0.02072609 0.01914414 -0.03431653 0.01693172 0.9992676 -0.9994109 0 -0.03432145
Pharyngeal.mesoderm Endothelium 0 0 0 0 0 0 0.02072609 0.01106812 -0.03431653 0.01693172 0.9992676 -0.9994109 0 -0.03432145
Pharyngeal.mesoderm Forebrain/Midbrain/Hindbrain 1 1 2 0.0002054731 0.009285598 0.003555413 0.02212815 0.05779162 0.7076743 0.4023136 0.5808105 -0.6344177 0 0.7729905
Pharyngeal.mesoderm Spinal.cord 0 0 0 0 0 0 0.02072609 0.01605795 -0.03431653 0.01693172 0.9992676 -0.9994109 0 -0.03432145
Pharyngeal.mesoderm Cardiomyocytes 357 122 479 0.00176946 0.08710381 0.1266515 0.02031438 0.0139711 -0.03572223 0.8995751 0.4353028 -0.9966498 0 -0.08178801
Pharyngeal.mesoderm Erythroid2 0 0 0 0 0 0 0.02072609 0.006654852 -0.03431653 0.01693172 0.9992676 -0.9994109 0 -0.03432145
Pharyngeal.mesoderm NMP 0 0 0 0 0 0 0.02072609 0.02095546 -0.03431653 0.01693172 0.9992676 -0.9994109 0 -0.03432145
Pharyngeal.mesoderm Erythroid3 0 0 0 0 0 0 0.02072609 0.01651622 -0.03431653 0.01693172 0.9992676 -0.9994109 0 -0.03432145
Pharyngeal.mesoderm Neural.crest 0 0 0 0 0 0 0.02072609 0.008413025 -0.03431653 0.01693172 0.9992676 -0.9994109 0 -0.03432145
Caudal.epiblast PGC 156 31 187 0.003452085 0.1233087 0.2535505 0.02799546 0.01361498 -0.05880699 0.554172 0.8303223 -0.9975013 0 -0.07064733
Caudal.epiblast Mesenchyme 257 1 258 0.004166307 0.1274268 0.1076677 0.0326957 0.03869599 0.4330366 0.5895019 0.6818848 -0.8441603 0 0.536091
Caudal.epiblast Haematoendothelial.progenitors 857 5 862 0.01187056 0.2905052 0.1430932 0.04086176 0.08295682 -0.9608328 0.00402823 0.2770996 -0.2771018 0 -0.9608406
Caudal.epiblast Blood.progenitors.1 0 0 0 0 0 0 0.02733844 0.0180603 -0.2801453 0.02150143 0.9597168 -0.9599388 0 -0.28021
Caudal.epiblast Surface.ectoderm 1853 10 1863 0.01189318 0.4976889 0.1003075 0.02389682 0.1185672 0.01324143 0.9972083 -0.07348635 0.9841509 0 0.1773331
Caudal.epiblast Gut 137 156 293 0.004496192 0.1560332 0.189357 0.02881562 0.02374453 0.13624 0.5463289 0.826416 -0.9866821 0 0.1626609
Caudal.epiblast Paraxial.mesoderm 0 0 0 0 0 0 0.02577177 0.03104369 -0.03431653 0.01693172 0.9992676 -0.9994109 0 -0.03432145
Caudal.epiblast Caudal.neurectoderm 231 133 364 0.003161393 0.1532042 0.1096881 0.02063516 0.02882165 -0.2142471 0.9271569 -0.3073731 0.8203764 0 -0.5718239
Caudal.epiblast Notochord 0 0 0 0 0 0 0.02577177 0.003157642 -0.03431653 0.01693172 0.9992676 -0.9994109 0 -0.03432145
Caudal.epiblast Somitic.mesoderm 1 3 4 0.0001271403 0.003029117 0.006394744 0.04197272 0.019882 -0.9992568 0.0311511 0.02270511 -0.02271613 0 -0.999742
Caudal.epiblast Caudal.Mesoderm 562 472 1034 0.007596864 0.2345953 0.4024349 0.03238285 0.01887725 0.4782434 0.0780088 0.8747559 -0.8774297 0 0.4797053
Caudal.epiblast Erythroid1 0 0 0 0 0 0 0.02577177 0.01280685 -0.03431653 0.01693172 0.9992676 -0.9994109 0 -0.03432145
Caudal.epiblast Def.endoderm 942 569 1511 0.009507326 0.3303196 0.5385724 0.0287822 0.01765283 0.3756277 0.5618235 -0.7370605 0.8909691 0 0.4540641
Caudal.epiblast Parietal.endoderm 0 0 0 0 0 0 0.02577177 0.01108525 -0.03431653 0.01693172 0.9992676 -0.9994109 0 -0.03432145
Caudal.epiblast Allantois 0 0 0 0 0 0 0.02577177 0.01287907 -0.03431653 0.01693172 0.9992676 -0.9994109 0 -0.03432145
Caudal.epiblast Anterior.Primitive.Streak 282 523 805 0.006325743 0.2629619 0.601643 0.02405574 0.01051411 -0.4244353 0.9053192 -0.01586911 0.03736266 0 -0.9993018
Caudal.epiblast Endothelium 0 0 0 0 0 0 0.02577177 0.01106812 -0.03431653 0.01693172 0.9992676 -0.9994109 0 -0.03432145
Caudal.epiblast Forebrain/Midbrain/Hindbrain 298 88 386 0.003110474 0.1081552 0.1043014 0.02875936 0.02982197 0.1806324 0.910758 0.3713379 -0.8992527 0 0.4374296
Caudal.epiblast Spinal.cord 42 26 68 0.0008635778 0.02795553 0.05306366 0.03089112 0.01627437 -0.467636 0.07052074 -0.8811035 0.8833027 0 -0.4688032
Caudal.epiblast Cardiomyocytes 0 0 0 0 0 0 0.02609875 0.07538857 -0.163272 0.004171492 0.9865723 -0.9865808 0 -0.1632735
Caudal.epiblast Erythroid2 0 0 0 0 0 0 0.02577177 0.006654852 -0.03431653 0.01693172 0.9992676 -0.9994109 0 -0.03432145
Caudal.epiblast NMP 214 58 272 0.003722205 0.09027775 0.2053442 0.0412306 0.01812666 0.7487279 0.6140265 0.2497559 -0.3164329 0 0.9486149
Caudal.epiblast Erythroid3 0 0 0 0 0 0 0.02577177 0.01651622 -0.03431653 0.01693172 0.9992676 -0.9994109 0 -0.03432145
Caudal.epiblast Neural.crest 0 0 0 0 0 0 0.02577177 0.008413025 -0.03431653 0.01693172 0.9992676 -0.9994109 0 -0.03432145
PGC Mesenchyme 28 0 28 0.003342891 0.2148437 0.03616491 0.01555964 0.09243464 -0.9546596 0.1319783 0.2668457 -0.2692005 0 -0.9630842
PGC Haematoendothelial.progenitors 6 3 9 0.002626842 0.1560736 0.03072053 0.01683079 0.08550771 0.2757838 0.8589764 0.4313965 -0.8425462 0 0.5386242
PGC Blood.progenitors.1 0 0 0 0 0 0 0.0205097 0.01885015 -0.1153257 0.02846082 0.9929199 -0.9933223 0 -0.1153724
PGC Surface.ectoderm 168 100 268 0.01081165 0.606853 0.1176334 0.01781592 0.0919097 0.5576846 0.3223775 0.7648926 -0.8080325 0 0.589138
PGC Gut 0 0 0 0.001509204 0.1015928 0.05349529 0.01485543 0.02821191 0.0673444 0.4699376 0.880127 -0.9970854 0 0.07629368
PGC Paraxial.mesoderm 0 0 0 0 0 0 0.02122958 0.03104369 -0.03431653 0.01693172 0.9992676 -0.9994109 0 -0.03432145
PGC Caudal.neurectoderm 0 0 0 0 0 0 0.02122958 0.03146395 -0.03431653 0.01693172 0.9992676 -0.9994109 0 -0.03432145
PGC Notochord 0 0 0 0 0 0 0.02122958 0.003157642 -0.03431653 0.01693172 0.9992676 -0.9994109 0 -0.03432145
PGC Somitic.mesoderm 0 0 0 0 0 0 0.01927345 0.02386289 -0.2801453 0.02150143 0.9597168 -0.9599388 0 -0.28021
PGC Caudal.Mesoderm 65 90 155 0.003585222 0.3085625 0.210606 0.01161911 0.01702337 -0.3965879 0.5184672 0.7575684 -0.8859438 0 -0.4637926
PGC Erythroid1 0 0 0 0 0 0 0.02122958 0.01280685 -0.03431653 0.01693172 0.9992676 -0.9994109 0 -0.03432145
PGC Def.endoderm 1 3 4 0.001819487 0.0683789 0.07347742 0.02660889 0.02476253 -0.1365673 0.5986187 -0.7893066 0.9853596 0 -0.1704888
PGC Parietal.endoderm 0 0 0 0 0 0 0.02122958 0.01108525 -0.03431653 0.01693172 0.9992676 -0.9994109 0 -0.03432145
PGC Allantois 0 0 0 0 0 0 0.02122958 0.01287907 -0.03431653 0.01693172 0.9992676 -0.9994109 0 -0.03432145
PGC Anterior.Primitive.Streak 0 0 0 0 0 0 0.02040526 0.0175119 0.2718759 0.1597833 0.9489746 -0.9613256 0 0.2754143
PGC Endothelium 0 0 0 0 0 0 0.02122958 0.01106812 -0.03431653 0.01693172 0.9992676 -0.9994109 0 -0.03432145
PGC Forebrain/Midbrain/Hindbrain 0 0 0 0 0 0 0.02122958 0.06444515 -0.03431653 0.01693172 0.9992676 -0.9994109 0 -0.03432145
PGC Spinal.cord 0 0 0 0 0 0 0.02122958 0.01605795 -0.03431653 0.01693172 0.9992676 -0.9994109 0 -0.03432145
PGC Cardiomyocytes 0 0 0 0 0 0 0.02122958 0.07450933 -0.03431653 0.01693172 0.9992676 -0.9994109 0 -0.03432145
PGC Erythroid2 0 0 0 0 0 0 0.02122958 0.006654852 -0.03431653 0.01693172 0.9992676 -0.9994109 0 -0.03432145
PGC NMP 0 0 0 0 0 0 0.01721114 0.02014214 -0.003033328 0.2775952 0.9606934 -0.9999951 0 -0.00315742
PGC Erythroid3 0 0 0 0 0 0 0.02122958 0.01651622 -0.03431653 0.01693172 0.9992676 -0.9994109 0 -0.03432145
PGC Neural.crest 0 0 0 0 0 0 0.02122958 0.008413025 -0.03431653 0.01693172 0.9992676 -0.9994109 0 -0.03432145
Mesenchyme Haematoendothelial.progenitors 36 1401 1437 0.04556221 0.6217777 0.4743146 0.07327733 0.09605905 0.9317806 0.3381417 0.13208 -0.1403472 0 0.9901024
Mesenchyme Blood.progenitors.1 0 0 0 0 0 0 0.05864765 0.01978946 -0.05880699 0.554172 0.8303223 -0.9975013 0 -0.07064733
Mesenchyme Surface.ectoderm 35 77 112 0.03337405 0.4489779 0.4540732 0.07433338 0.07349928 0.561738 0.8123792 0.1564942 -0.2683695 0 0.963316
Mesenchyme Gut 20 11 31 0.02289875 0.2804023 0.3425591 0.08166391 0.06684612 0.984485 0.1744587 -0.01879884 0.01909162 0 0.9998177
Mesenchyme Paraxial.mesoderm 0 0 0 0 0 0 0.06638931 0.02590831 0.6006798 0.3073843 0.7380371 -0.7755868 0 0.631241
Mesenchyme Caudal.neurectoderm 0 0 0 0 0 0 0.09422792 0.0301461 0.2728818 0.02695352 0.9616699 -0.9620194 0 0.272981
Mesenchyme Notochord 0 0 0 0 0 0 0.09978206 0.003157642 -0.03431653 0.01693172 0.9992676 -0.9994109 0 -0.03432145
Mesenchyme Somitic.mesoderm 0 907 907 0.008809589 0.06328504 0.3733913 0.1392049 0.02359345 -0.3048701 0.6171982 -0.7253418 0.9218793 0 -0.3874772
Mesenchyme Caudal.Mesoderm 0 499 499 0.008236703 0.08513159 0.4918979 0.0967526 0.01674474 -0.06643912 0.06958211 0.9953613 -0.9977797 0 -0.06660055
Mesenchyme Erythroid1 0 0 0 0 0 0 0.09978206 0.01280685 -0.03431653 0.01693172 0.9992676 -0.9994109 0 -0.03432145
Mesenchyme Def.endoderm 1 25 26 0.002641786 0.03915088 0.06286081 0.06747707 0.04202597 0.888958 0.3964834 0.229248 -0.2497142 0 0.9683197
Mesenchyme Parietal.endoderm 0 0 0 0 0 0 0.09978206 0.01108525 -0.03431653 0.01693172 0.9992676 -0.9994109 0 -0.03432145
Mesenchyme Allantois 1479 263 1742 0.008607443 0.2296723 0.4815296 0.03747706 0.01787521 0.2548814 0.6645902 0.7023926 -0.9400228 0 0.3411117
Mesenchyme Anterior.Primitive.Streak 0 0 0 0 0 0 0.08936624 0.01693997 0.5269197 0.05848553 0.8479004 -0.8493543 0 0.5278232
Mesenchyme Endothelium 0 0 0 0 0 0 0.09978206 0.01106812 -0.03431653 0.01693172 0.9992676 -0.9994109 0 -0.03432145
Mesenchyme Forebrain/Midbrain/Hindbrain 0 0 0 0 0 0 0.09713797 0.07101086 0.2073021 0.003277564 0.9782715 -0.9782767 0 0.2073032
Mesenchyme Spinal.cord 0 0 0 0 0 0 0.09978206 0.01605795 -0.03431653 0.01693172 0.9992676 -0.9994109 0 -0.03432145
Mesenchyme Cardiomyocytes 12 23 35 0.00852148 0.07663236 0.2100199 0.1111995 0.04057463 -0.8996198 0.2105367 -0.3825683 0.3913398 0 -0.9202462
Mesenchyme Erythroid2 0 0 0 0 0 0 0.09978206 0.006654852 -0.03431653 0.01693172 0.9992676 -0.9994109 0 -0.03432145
Mesenchyme NMP 0 8 8 0.0009024973 0.00974884 0.07325917 0.09257484 0.01231924 -0.7687394 0.2880058 0.5710449 -0.5963115 0 -0.8027532
Mesenchyme Erythroid3 0 0 0 0 0 0 0.09978206 0.01651622 -0.03431653 0.01693172 0.9992676 -0.9994109 0 -0.03432145
Mesenchyme Neural.crest 0 0 0 0 0 0 0.09978206 0.008413025 -0.03431653 0.01693172 0.9992676 -0.9994109 0 -0.03432145
Haematoendothelial.progenitors Blood.progenitors.1 214 175 389 0.001276611 0.01093185 0.2861255 0.116779 0.004461717 -0.8918888 0.3860429 -0.2355957 0.2553936 0 -0.9668372
Haematoendothelial.progenitors Surface.ectoderm 499 52 551 0.03275584 0.3365653 0.4898818 0.09732389 0.0668648 0.5567296 0.7854996 0.2702637 -0.4367107 0 0.8996019
Haematoendothelial.progenitors Gut 423 4 427 0.03654749 0.3541837 0.6177226 0.103188 0.05916489 0.6414422 0.1836191 -0.7448731 0.7577569 0 0.6525369
Haematoendothelial.progenitors Paraxial.mesoderm 18 632 650 0.006725631 0.0941068 0.2792535 0.07146806 0.02408432 -0.2393094 0.7863266 0.5695801 -0.9219325 0 -0.3873504
Haematoendothelial.progenitors Caudal.neurectoderm 38 176 214 0.03552722 0.3967505 0.573857 0.0895455 0.06190953 0.9947048 0.07283287 -0.07250978 0.07270286 0 0.9973536
Haematoendothelial.progenitors Notochord 0 0 0 0 0 0 0.09490774 0.003157642 -0.03431653 0.01693172 0.9992676 -0.9994109 0 -0.03432145
Haematoendothelial.progenitors Somitic.mesoderm 0 929 929 0.005916715 0.05380204 0.4536457 0.109972 0.01304259 0.7369954 0.6755639 -0.02124023 0.02880807 0 0.999585
Haematoendothelial.progenitors Caudal.Mesoderm 0 356 356 0.00785909 0.05897008 0.4589523 0.1332725 0.01712398 0.01324143 0.9972083 -0.07348635 0.9841509 0 0.1773331
Haematoendothelial.progenitors Erythroid1 0 0 0 0 0 0 0.09490774 0.01280685 -0.03431653 0.01693172 0.9992676 -0.9994109 0 -0.03432145
Haematoendothelial.progenitors Def.endoderm 4 140 144 0.006787227 0.08185071 0.1423587 0.08292202 0.04767694 0.9588766 0.01460704 -0.2834473 0.2834775 0 0.9589789
Haematoendothelial.progenitors Parietal.endoderm 1 0 1 0.0008664921 0.01147289 0.06223955 0.07552516 0.01392189 0.1562996 0.8167491 0.5554199 -0.9626113 0 0.2708865
Haematoendothelial.progenitors Allantois 19 16 35 0.003403251 0.04306245 0.1956075 0.07903059 0.01739837 0.390893 0.6360824 0.6652832 -0.8621889 0 0.5065868
Haematoendothelial.progenitors Anterior.Primitive.Streak 0 71 71 0.0008341636 0.009740778 0.04123703 0.08563624 0.02022851 -0.7597435 0.4268731 0.4904785 -0.5423778 0 -0.8401347
Haematoendothelial.progenitors Endothelium 76 101 177 0.002030203 0.01434489 0.2290333 0.141528 0.008864224 -0.3041879 0.6652088 -0.6818848 0.91325 0 -0.4073996
Haematoendothelial.progenitors Forebrain/Midbrain/Hindbrain 2 1 3 0.03469938 0.3388072 0.4887788 0.1024163 0.07099199 0.4227867 0.09136975 0.9016113 -0.9053986 0 0.4245626
Haematoendothelial.progenitors Spinal.cord 0 0 0 0 0 0 0.09490774 0.01605795 -0.03431653 0.01693172 0.9992676 -0.9994109 0 -0.03432145
Haematoendothelial.progenitors Cardiomyocytes 33 1 34 0.01037316 0.1014696 0.4261778 0.1022292 0.02433997 -0.5465135 0.7996448 0.2487793 -0.4143054 0 -0.9101379
Haematoendothelial.progenitors Erythroid2 0 0 0 0 0 0 0.09148385 0.006603971 -0.01288601 0.06498964 0.9978027 -0.9999166 0 -0.01291331
Haematoendothelial.progenitors NMP 0 61 61 0.00195105 0.02065278 0.119843 0.0944691 0.01628005 0.9971997 0.06237281 0.04125981 -0.0413403 0 0.9991451
Haematoendothelial.progenitors Erythroid3 0 0 0 0 0 0 0.09501134 0.0171125 -0.163272 0.004171492 0.9865723 -0.9865808 0 -0.1632735
Haematoendothelial.progenitors Neural.crest 0 0 0 0 0 0 0.09490774 0.008413025 -0.03431653 0.01693172 0.9992676 -0.9994109 0 -0.03432145
Blood.progenitors.1 Surface.ectoderm 0 0 0 0 0 0 0.01838244 0.0779058 -0.372568 0.2177368 0.9020996 -0.9242753 0 -0.3817266
Blood.progenitors.1 Gut 0 0 0 0 0 0 0.01767273 0.05119908 -0.4736908 0.2893911 0.8317871 -0.8689695 0 -0.4948657
Blood.progenitors.1 Paraxial.mesoderm 0 0 0 0 0 0 0.01894477 0.03104369 -0.03431653 0.01693172 0.9992676 -0.9994109 0 -0.03432145
Blood.progenitors.1 Caudal.neurectoderm 0 0 0 0 0 0 0.01897439 0.02951918 0.2810331 0.09154117 0.9553223 -0.9593503 0 0.282218
Blood.progenitors.1 Notochord 0 0 0 0 0 0 0.01894477 0.003157642 -0.03431653 0.01693172 0.9992676 -0.9994109 0 -0.03432145
Blood.progenitors.1 Somitic.mesoderm 0 0 0 0 0 0 0.01733758 0.02494997 -0.4936816 0.21736 0.842041 -0.8626661 0 -0.505774
Blood.progenitors.1 Caudal.Mesoderm 0 0 0 0 0 0 0.01852573 0.01656538 -0.163272 0.004171492 0.9865723 -0.9865808 0 -0.1632735
Blood.progenitors.1 Erythroid1 0 0 0 0 0 0 0.01894477 0.01280685 -0.03431653 0.01693172 0.9992676 -0.9994109 0 -0.03432145
Blood.progenitors.1 Def.endoderm 0 0 0 0 0 0 0.01857764 0.02436208 -0.2472899 0.07461375 0.9660645 -0.9687648 0 -0.2479811
Blood.progenitors.1 Parietal.endoderm 0 0 0 0 0 0 0.0192529 0.01138257 0.1077844 0.05883846 0.9924316 -0.994154 0 0.1079714
Blood.progenitors.1 Allantois 0 0 0 0 0 0 0.01894477 0.01287907 -0.03431653 0.01693172 0.9992676 -0.9994109 0 -0.03432145
Blood.progenitors.1 Anterior.Primitive.Streak 0 0 0 0 0 0 0.01816086 0.02062329 -0.3069578 0.06555232 0.9494629 -0.9515095 0 -0.3076195
Blood.progenitors.1 Endothelium 2 5 7 0.0003245238 0.01753998 0.02942605 0.01850195 0.01102845 0.4654669 0.336495 0.8186035 -0.8692963 0 0.4942914
Blood.progenitors.1 Forebrain/Midbrain/Hindbrain 0 0 0 0 0 0 0.01862915 0.07144433 0.2728818 0.02695352 0.9616699 -0.9620194 0 0.272981
Blood.progenitors.1 Spinal.cord 0 0 0 0 0 0 0.01894477 0.01605795 -0.03431653 0.01693172 0.9992676 -0.9994109 0 -0.03432145
Blood.progenitors.1 Cardiomyocytes 0 0 0 0 0 0 0.01862915 0.06854826 0.2728818 0.02695352 0.9616699 -0.9620194 0 0.272981
Blood.progenitors.1 Erythroid2 0 0 0 0 0 0 0.01894477 0.006654852 -0.03431653 0.01693172 0.9992676 -0.9994109 0 -0.03432145
Blood.progenitors.1 NMP 0 0 0 0 0 0 0.01852573 0.01999771 -0.163272 0.004171492 0.9865723 -0.9865808 0 -0.1632735
Blood.progenitors.1 Erythroid3 0 0 0 0 0 0 0.01894477 0.01651622 -0.03431653 0.01693172 0.9992676 -0.9994109 0 -0.03432145
Blood.progenitors.1 Neural.crest 0 0 0 0 0 0 0.01894477 0.008413025 -0.03431653 0.01693172 0.9992676 -0.9994109 0 -0.03432145
Surface.ectoderm Gut 120 174 294 0.02478975 0.2444728 0.4065616 0.1014009 0.06097416 -0.6668757 0.2209135 0.7116699 -0.7296983 0 -0.6837693
Surface.ectoderm Paraxial.mesoderm 3 134 137 0.003860143 0.07821542 0.1413944 0.04935271 0.02730054 0.13624 0.5463289 0.826416 -0.9866821 0 0.1626609
Surface.ectoderm Caudal.neurectoderm 27 122 149 0.004551574 0.08800323 0.2679282 0.05172053 0.01698804 0.06786964 0.6876109 0.7229004 -0.9956217 0 0.09347413
Surface.ectoderm Notochord 0 20 20 0.0002058418 0.003640799 0.0746638 0.05653754 0.002756916 -0.01691821 0.3979841 0.9172363 -0.9998299 0 -0.01844163
Surface.ectoderm Somitic.mesoderm 0 15 15 0.0006228128 0.005737782 0.02973127 0.1085459 0.02094807 0.6066954 0.1926376 0.7712402 -0.7859613 0 0.6182757
Surface.ectoderm Caudal.Mesoderm 97 825 922 0.01567687 0.1090616 0.749292 0.1437433 0.02092225 -0.979468 0.1936922 0.0559082 -0.05698741 0 -0.9983749
Surface.ectoderm Erythroid1 0 0 0 0 0 0 0.07988648 0.01334864 -0.06643912 0.06958211 0.9953613 -0.9977797 0 -0.06660055
Surface.ectoderm Def.endoderm 34 484 518 0.01631831 0.1347265 0.5001758 0.1211218 0.03262515 -0.328575 0.8960391 0.298584 -0.6725242 0 -0.7400751
Surface.ectoderm Parietal.endoderm 0 0 0 0 0 0 0.08517039 0.01108525 -0.03431653 0.01693172 0.9992676 -0.9994109 0 -0.03432145
Surface.ectoderm Allantois 0 0 0 0 0 0 0.0882687 0.01293171 0.04742682 0.01380628 0.9987793 -0.9988745 0 0.04743133
Surface.ectoderm Anterior.Primitive.Streak 0 1 1 6.575018E-05 0.0005784122 0.005091611 0.1136736 0.01291343 0.04510467 0.9985309 -0.03002935 0.5541835 0 0.8323945
Surface.ectoderm Endothelium 0 0 0 0 0 0 0.08517039 0.01106812 -0.03431653 0.01693172 0.9992676 -0.9994109 0 -0.03432145
Surface.ectoderm Forebrain/Midbrain/Hindbrain 5 4 9 0.01017588 0.1025962 0.1594274 0.09918375 0.06382768 0.2427989 0.2711997 -0.9313965 0.9676614 0 0.2522525
Surface.ectoderm Spinal.cord 0 18 18 0.001226382 0.01996981 0.06307939 0.06141181 0.01944188 0.4520864 0.7771731 0.4377441 -0.6956193 0 0.7184106
Surface.ectoderm Cardiomyocytes 1 0 1 0.002965901 0.03601934 0.04082614 0.08234189 0.07264711 -0.01288601 0.06498964 0.9978027 -0.9999166 0 -0.01291331
Surface.ectoderm Erythroid2 0 0 0 0 0 0 0.08517039 0.006654852 -0.03431653 0.01693172 0.9992676 -0.9994109 0 -0.03432145
Surface.ectoderm NMP 5 42 47 0.003034348 0.05815345 0.1640829 0.05217829 0.01849278 0.2913826 0.7180327 0.6320801 -0.9081488 0 0.4186475
Surface.ectoderm Erythroid3 0 0 0 0 0 0 0.08517039 0.01651622 -0.03431653 0.01693172 0.9992676 -0.9994109 0 -0.03432145
Surface.ectoderm Neural.crest 0 0 0 0 0 0 0.08517039 0.008413025 -0.03431653 0.01693172 0.9992676 -0.9994109 0 -0.03432145
Gut Paraxial.mesoderm 0 0 0 0 0 0 0.03875582 0.03063389 0.1493689 0.02250491 0.9885254 -0.9887758 0 0.1494068
Gut Caudal.neurectoderm 0 0 0 0 0 0 0.04142233 0.03146395 -0.03431653 0.01693172 0.9992676 -0.9994109 0 -0.03432145
Gut Notochord 0 0 0 0 0 0 0.04095754 0.003375771 0.2289817 0.05414301 0.9719238 -0.9733515 0 0.229318
Gut Somitic.mesoderm 0 276 276 0.006354945 0.1777795 0.262383 0.03574623 0.02422011 0.1254137 0.1091319 0.986084 -0.992009 0 0.1261673
Gut Caudal.Mesoderm 0 723 723 0.008970634 0.1840007 0.5172379 0.04875326 0.01734334 0.1831092 0.4813702 -0.8571778 0.9779359 0 0.2089054
Gut Erythroid1 0 0 0 0 0 0 0.04142233 0.01280685 -0.03431653 0.01693172 0.9992676 -0.9994109 0 -0.03432145
Gut Def.endoderm 414 171 585 0.0079133 0.1887557 0.2787326 0.04192351 0.0283903 0.2810331 0.09154117 0.9553223 -0.9593503 0 0.282218
Gut Parietal.endoderm 0 0 0 0 0 0 0.04142233 0.01108525 -0.03431653 0.01693172 0.9992676 -0.9994109 0 -0.03432145
Gut Allantois 0 0 0 0 0 0 0.04142233 0.01287907 -0.03431653 0.01693172 0.9992676 -0.9994109 0 -0.03432145
Gut Anterior.Primitive.Streak 0 0 0 0.0008089319 0.02090868 0.04588139 0.03868881 0.01763093 0.1755089 0.06725698 0.9821777 -0.9844068 0 0.1759073
Gut Endothelium 0 0 0 0 0 0 0.04142233 0.01106812 -0.03431653 0.01693172 0.9992676 -0.9994109 0 -0.03432145
Gut Forebrain/Midbrain/Hindbrain 0 0 0 0 0 0 0.04142233 0.06444515 -0.03431653 0.01693172 0.9992676 -0.9994109 0 -0.03432145
Gut Spinal.cord 0 0 0 0 0 0 0.04142233 0.01605795 -0.03431653 0.01693172 0.9992676 -0.9994109 0 -0.03432145
Gut Cardiomyocytes 0 0 0 0 0 0 0.04142233 0.07450933 -0.03431653 0.01693172 0.9992676 -0.9994109 0 -0.03432145
Gut Erythroid2 0 0 0 0 0 0 0.04142233 0.006654852 -0.03431653 0.01693172 0.9992676 -0.9994109 0 -0.03432145
Gut NMP 0 747 747 0.008988029 0.2196606 0.4127934 0.04091781 0.02177368 0.00869377 0.9284571 -0.371338 0.9997261 0 0.0234056
Gut Erythroid3 0 0 0 0 0 0 0.04142233 0.01651622 -0.03431653 0.01693172 0.9992676 -0.9994109 0 -0.03432145
Gut Neural.crest 0 0 0 0 0 0 0.04142233 0.008413025 -0.03431653 0.01693172 0.9992676 -0.9994109 0 -0.03432145
Paraxial.mesoderm Caudal.neurectoderm 128 3 131 0.001766248 0.0651938 0.09486773 0.02709227 0.018618 0.09455039 0.5790171 0.8098145 -0.9932529 0 0.1159679
Paraxial.mesoderm Notochord 0 0 0 0 0 0 0.03104369 0.003157642 -0.03431653 0.01693172 0.9992676 -0.9994109 0 -0.03432145
Paraxial.mesoderm Somitic.mesoderm 32 75 107 0.000987916 0.04564335 0.06622259 0.02164425 0.01491811 0.8014591 0.447515 0.3967285 -0.4436308 0 0.8962097
Paraxial.mesoderm Caudal.Mesoderm 0 0 0 0 0 0 0.03104369 0.01688522 -0.03431653 0.01693172 0.9992676 -0.9994109 0 -0.03432145
Paraxial.mesoderm Erythroid1 0 0 0 0 0 0 0.03104369 0.01280685 -0.03431653 0.01693172 0.9992676 -0.9994109 0 -0.03432145
Paraxial.mesoderm Def.endoderm 0 0 0 0 0 0 0.03104369 0.02253444 -0.03431653 0.01693172 0.9992676 -0.9994109 0 -0.03432145
Paraxial.mesoderm Parietal.endoderm 0 0 0 0 0 0 0.03104369 0.01108525 -0.03431653 0.01693172 0.9992676 -0.9994109 0 -0.03432145
Paraxial.mesoderm Allantois 0 0 0 0 0 0 0.03063389 0.01345559 0.1493689 0.02250491 0.9885254 -0.9887758 0 0.1494068
Paraxial.mesoderm Anterior.Primitive.Streak 0 0 0 0 0 0 0.03104369 0.01914414 -0.03431653 0.01693172 0.9992676 -0.9994109 0 -0.03432145
Paraxial.mesoderm Endothelium 0 0 0 0 0 0 0.03104369 0.01106812 -0.03431653 0.01693172 0.9992676 -0.9994109 0 -0.03432145
Paraxial.mesoderm Forebrain/Midbrain/Hindbrain 453 1 454 0.004648655 0.1678063 0.1065926 0.0277025 0.04361143 -0.2165742 0.5864195 0.7805176 -0.9635931 0 -0.2673731
Paraxial.mesoderm Spinal.cord 0 0 0 0 0 0 0.03104369 0.01605795 -0.03431653 0.01693172 0.9992676 -0.9994109 0 -0.03432145
Paraxial.mesoderm Cardiomyocytes 1 0 1 1.343063E-05 0.0006820176 0.0009761921 0.01969249 0.01375818 0.205361 0.8864378 0.4147949 -0.8961803 0 0.4436902
Paraxial.mesoderm Erythroid2 0 0 0 0 0 0 0.03104369 0.006654852 -0.03431653 0.01693172 0.9992676 -0.9994109 0 -0.03432145
Paraxial.mesoderm NMP 0 0 0 0 0 0 0.03104369 0.02095546 -0.03431653 0.01693172 0.9992676 -0.9994109 0 -0.03432145
Paraxial.mesoderm Erythroid3 0 0 0 0 0 0 0.03104369 0.01651622 -0.03431653 0.01693172 0.9992676 -0.9994109 0 -0.03432145
Paraxial.mesoderm Neural.crest 0 0 0 0 0 0 0.03104369 0.008413025 -0.03431653 0.01693172 0.9992676 -0.9994109 0 -0.03432145
Caudal.neurectoderm Notochord 0 0 0 0 0 0 0.03146395 0.003157642 -0.03431653 0.01693172 0.9992676 -0.9994109 0 -0.03432145
Caudal.neurectoderm Somitic.mesoderm 0 442 442 0.002718215 0.1348675 0.1422558 0.0201547 0.01910794 -0.04414238 0.9895244 0.1374511 -0.9521059 0 -0.3057684
Caudal.neurectoderm Caudal.Mesoderm 0 0 0 0 0 0 0.03146395 0.01688522 -0.03431653 0.01693172 0.9992676 -0.9994109 0 -0.03432145
Caudal.neurectoderm Erythroid1 0 0 0 0 0 0 0.02955275 0.01300375 0.0169663 0.1090042 0.9938965 -0.9998543 0 0.017068
Caudal.neurectoderm Def.endoderm 11 53 64 0.001520209 0.08462653 0.06244309 0.01796374 0.02434551 0.1909757 0.7422501 0.642334 -0.9585317 0 0.284986
Caudal.neurectoderm Parietal.endoderm 0 1 1 0.0002896705 0.009206424 0.02613116 0.03146395 0.01108525 -0.03431653 0.01693172 0.9992676 -0.9994109 0 -0.03432145
Caudal.neurectoderm Allantois 0 0 0 0 0 0 0.03146395 0.01287907 -0.03431653 0.01693172 0.9992676 -0.9994109 0 -0.03432145
Caudal.neurectoderm Anterior.Primitive.Streak 0 469 469 0.002038528 0.05220502 0.1083848 0.03904851 0.01880824 0.2632535 0.8044704 -0.5324706 0.8964262 0 0.4431931
Caudal.neurectoderm Endothelium 0 0 0 0 0 0 0.03343395 0.01086293 -0.1153257 0.02846082 0.9929199 -0.9933223 0 -0.1153724
Caudal.neurectoderm Forebrain/Midbrain/Hindbrain 914 24 938 0.04131641 0.7080424 0.5937763 0.05835302 0.06958245 0.9341043 0.2420093 0.2624512 -0.2704918 0 0.9627223
Caudal.neurectoderm Spinal.cord 144 70 214 0.003251916 0.09461036 0.2286898 0.03437167 0.01421977 -0.4006758 0.4257755 0.8112793 -0.8966108 0 -0.4428194
Caudal.neurectoderm Cardiomyocytes 2 0 2 0.008484113 0.1820232 0.1456759 0.04661006 0.05823966 -0.6500251 0.1790187 0.7385254 -0.7506517 0 -0.6606982
Caudal.neurectoderm Erythroid2 0 0 0 0 0 0 0.03146395 0.006654852 -0.03431653 0.01693172 0.9992676 -0.9994109 0 -0.03432145
Caudal.neurectoderm NMP 1 2 3 0.0001678972 0.009346451 0.009327202 0.01796374 0.01800081 0.1909757 0.7422501 0.642334 -0.9585317 0 0.284986
Caudal.neurectoderm Erythroid3 0 0 0 0 0 0 0.03146395 0.01651622 -0.03431653 0.01693172 0.9992676 -0.9994109 0 -0.03432145
Caudal.neurectoderm Neural.crest 0 0 0 0 0 0 0.03146395 0.008413025 -0.03431653 0.01693172 0.9992676 -0.9994109 0 -0.03432145
Notochord Somitic.mesoderm 0 0 0 0 0 0 0.003157642 0.02408604 -0.03431653 0.01693172 0.9992676 -0.9994109 0 -0.03432145
Notochord Caudal.Mesoderm 0 0 0 0 0 0 0.003157642 0.01688522 -0.03431653 0.01693172 0.9992676 -0.9994109 0 -0.03432145
Notochord Erythroid1 0 0 0 0 0 0 0.003157642 0.01280685 -0.03431653 0.01693172 0.9992676 -0.9994109 0 -0.03432145
Notochord Def.endoderm 78 23 101 0.0007493625 0.243771 0.03082598 0.003074042 0.02430945 0.6144435 0.7870801 -0.05444341 0.08826026 0 0.9960974
Notochord Parietal.endoderm 0 0 0 0 0 0 0.003157642 0.01108525 -0.03431653 0.01693172 0.9992676 -0.9994109 0 -0.03432145
Notochord Allantois 0 0 0 0 0 0 0.003157642 0.01287907 -0.03431653 0.01693172 0.9992676 -0.9994109 0 -0.03432145
Notochord Anterior.Primitive.Streak 0 0 0 0 0 0 0.003157642 0.01914414 -0.03431653 0.01693172 0.9992676 -0.9994109 0 -0.03432145
Notochord Endothelium 0 0 0 0 0 0 0.003157642 0.01106812 -0.03431653 0.01693172 0.9992676 -0.9994109 0 -0.03432145
Notochord Forebrain/Midbrain/Hindbrain 0 0 0 0 0 0 0.003157642 0.06444515 -0.03431653 0.01693172 0.9992676 -0.9994109 0 -0.03432145
Notochord Spinal.cord 0 0 0 0 0 0 0.003157642 0.01605795 -0.03431653 0.01693172 0.9992676 -0.9994109 0 -0.03432145
Notochord Cardiomyocytes 0 0 0 0 0 0 0.003157642 0.07450933 -0.03431653 0.01693172 0.9992676 -0.9994109 0 -0.03432145
Notochord Erythroid2 0 0 0 0 0 0 0.003157642 0.006654852 -0.03431653 0.01693172 0.9992676 -0.9994109 0 -0.03432145
Notochord NMP 0 0 0 0 0 0 0.003386084 0.01999771 -0.163272 0.004171492 0.9865723 -0.9865808 0 -0.1632735
Notochord Erythroid3 0 0 0 0 0 0 0.003157642 0.01651622 -0.03431653 0.01693172 0.9992676 -0.9994109 0 -0.03432145
Notochord Neural.crest 0 0 0 0 0 0 0.003157642 0.008413025 -0.03431653 0.01693172 0.9992676 -0.9994109 0 -0.03432145
Somitic.mesoderm Caudal.Mesoderm 28 100 128 0.002002452 0.08783286 0.1100985 0.02279844 0.01818783 -0.857691 0.4994051 0.1223144 -0.1411806 0 -0.9899839
Somitic.mesoderm Erythroid1 0 0 0 0 0 0 0.02408604 0.01280685 -0.03431653 0.01693172 0.9992676 -0.9994109 0 -0.03432145
Somitic.mesoderm Def.endoderm 0 0 0 0 0 0 0.02356108 0.03332939 -0.6289607 0.05290691 0.7756348 -0.7767226 0 -0.6298428
Somitic.mesoderm Parietal.endoderm 0 0 0 0 0 0 0.02408604 0.01108525 -0.03431653 0.01693172 0.9992676 -0.9994109 0 -0.03432145
Somitic.mesoderm Allantois 0 0 0 0 0 0 0.02408604 0.01287907 -0.03431653 0.01693172 0.9992676 -0.9994109 0 -0.03432145
Somitic.mesoderm Anterior.Primitive.Streak 0 0 0 0 0 0 0.02293898 0.0241793 -0.7476897 0.05380062 0.6618652 -0.6628252 0 -0.7487742
Somitic.mesoderm Endothelium 0 0 0 0 0 0 0.02423441 0.01100187 -0.06643912 0.06958211 0.9953613 -0.9977797 0 -0.06660055
Somitic.mesoderm Forebrain/Midbrain/Hindbrain 25 2 27 0.0005722686 0.03068525 0.01809122 0.01864963 0.0316324 0.0481834 0.9622627 0.2678223 -0.984199 0 0.1770653
Somitic.mesoderm Spinal.cord 0 0 0 0 0 0 0.02408604 0.01605795 -0.03431653 0.01693172 0.9992676 -0.9994109 0 -0.03432145
Somitic.mesoderm Cardiomyocytes 68 42 110 0.001344424 0.06693581 0.09182301 0.02008527 0.01464147 -0.0657738 0.9176768 0.3918457 -0.986203 0 -0.1655405
Somitic.mesoderm Erythroid2 0 0 0 0 0 0 0.02408604 0.006654852 -0.03431653 0.01693172 0.9992676 -0.9994109 0 -0.03432145
Somitic.mesoderm NMP 4 1 5 0.0002513028 0.0112701 0.02080417 0.02229818 0.01207944 -0.9115743 0.3575915 0.2028808 -0.2172455 0 -0.976117
Somitic.mesoderm Erythroid3 0 0 0 0 0 0 0.02408604 0.01651622 -0.03431653 0.01693172 0.9992676 -0.9994109 0 -0.03432145
Somitic.mesoderm Neural.crest 0 0 0 0 0 0 0.02408604 0.008413025 -0.03431653 0.01693172 0.9992676 -0.9994109 0 -0.03432145
Caudal.Mesoderm Erythroid1 0 0 0 0 0 0 0.01688522 0.01280685 -0.03431653 0.01693172 0.9992676 -0.9994109 0 -0.03432145
Caudal.Mesoderm Def.endoderm 81 4 85 0.003621391 0.1809933 0.09985229 0.02000843 0.03626749 0.6459382 0.1692787 0.7443848 -0.7552848 0 0.6553967
Caudal.Mesoderm Parietal.endoderm 0 0 0 0 0 0 0.01688522 0.01108525 -0.03431653 0.01693172 0.9992676 -0.9994109 0 -0.03432145
Caudal.Mesoderm Allantois 0 0 0 0 0 0 0.01688522 0.01287907 -0.03431653 0.01693172 0.9992676 -0.9994109 0 -0.03432145
Caudal.Mesoderm Anterior.Primitive.Streak 0 0 0 0 0 0 0.01771272 0.01754921 0.2073021 0.003277564 0.9782715 -0.9782767 0 0.2073032
Caudal.Mesoderm Endothelium 0 0 0 0 0 0 0.01688522 0.01106812 -0.03431653 0.01693172 0.9992676 -0.9994109 0 -0.03432145
Caudal.Mesoderm Forebrain/Midbrain/Hindbrain 0 0 0 0 0 0 0.01688522 0.06444515 -0.03431653 0.01693172 0.9992676 -0.9994109 0 -0.03432145
Caudal.Mesoderm Spinal.cord 0 0 0 0 0 0 0.01688522 0.01605795 -0.03431653 0.01693172 0.9992676 -0.9994109 0 -0.03432145
Caudal.Mesoderm Cardiomyocytes 0 0 0 0 0 0 0.01688522 0.07450933 -0.03431653 0.01693172 0.9992676 -0.9994109 0 -0.03432145
Caudal.Mesoderm Erythroid2 0 0 0 0 0 0 0.01688522 0.006654852 -0.03431653 0.01693172 0.9992676 -0.9994109 0 -0.03432145
Caudal.Mesoderm NMP 283 111 394 0.003881867 0.2422824 0.22044 0.01602208 0.01760963 0.1314364 0.7688846 0.6257324 -0.9786432 0 0.205566
Caudal.Mesoderm Erythroid3 0 0 0 0 0 0 0.01688522 0.01651622 -0.03431653 0.01693172 0.9992676 -0.9994109 0 -0.03432145
Caudal.Mesoderm Neural.crest 0 0 0 0 0 0 0.01688522 0.008413025 -0.03431653 0.01693172 0.9992676 -0.9994109 0 -0.03432145
Erythroid1 Def.endoderm 0 0 0 0 0 0 0.01334864 0.02317792 -0.06643912 0.06958211 0.9953613 -0.9977797 0 -0.06660055
Erythroid1 Parietal.endoderm 0 0 0 0 0 0 0.01280685 0.01108525 -0.03431653 0.01693172 0.9992676 -0.9994109 0 -0.03432145
Erythroid1 Allantois 0 0 0 0 0 0 0.01280685 0.01287907 -0.03431653 0.01693172 0.9992676 -0.9994109 0 -0.03432145
Erythroid1 Anterior.Primitive.Streak 0 0 0 0 0 0 0.01280685 0.01914414 -0.03431653 0.01693172 0.9992676 -0.9994109 0 -0.03432145
Erythroid1 Endothelium 0 0 0 0 0 0 0.01280685 0.01106812 -0.03431653 0.01693172 0.9992676 -0.9994109 0 -0.03432145
Erythroid1 Forebrain/Midbrain/Hindbrain 0 0 0 0 0 0 0.0107867 0.07144433 0.2728818 0.02695352 0.9616699 -0.9620194 0 0.272981
Erythroid1 Spinal.cord 0 0 0 0 0 0 0.0107867 0.0163387 0.2728818 0.02695352 0.9616699 -0.9620194 0 0.272981
Erythroid1 Cardiomyocytes 0 0 0 0 0 0 0.01152914 0.06961642 0.1755089 0.06725698 0.9821777 -0.9844068 0 0.1759073
Erythroid1 Erythroid2 99 110 209 0.001192616 0.1032507 0.1505475 0.01155069 0.00792186 -0.8662713 0.394961 -0.3059083 0.3329802 0 -0.9429338
Erythroid1 NMP 0 0 0 0 0 0 0.01345864 0.02072369 -0.009749388 0.1570104 0.9875488 -0.9999513 0 -0.009871829
Erythroid1 Erythroid3 0 0 0 0 0 0 0.01280685 0.01651622 -0.03431653 0.01693172 0.9992676 -0.9994109 0 -0.03432145
Erythroid1 Neural.crest 0 0 0 0 0 0 0.01280685 0.008413025 -0.03431653 0.01693172 0.9992676 -0.9994109 0 -0.03432145
Def.endoderm Parietal.endoderm 0 0 0 0 0 0 0.02253444 0.01108525 -0.03431653 0.01693172 0.9992676 -0.9994109 0 -0.03432145
Def.endoderm Allantois 0 0 0 0 0 0 0.02253444 0.01287907 -0.03431653 0.01693172 0.9992676 -0.9994109 0 -0.03432145
Def.endoderm Anterior.Primitive.Streak 309 403 712 0.004713446 0.2321363 0.2387853 0.02030465 0.01973927 0.1418853 0.2222974 -0.9645996 0.9893543 0 0.1455266
Def.endoderm Endothelium 0 0 0 0 0 0 0.02253444 0.01106812 -0.03431653 0.01693172 0.9992676 -0.9994109 0 -0.03432145
Def.endoderm Forebrain/Midbrain/Hindbrain 0 0 0 0 0 0 0.02317792 0.06215989 -0.06643912 0.06958211 0.9953613 -0.9977797 0 -0.06660055
Def.endoderm Spinal.cord 0 1 1 0.000118601 0.0052631 0.007385813 0.02253444 0.01605795 -0.03431653 0.01693172 0.9992676 -0.9994109 0 -0.03432145
Def.endoderm Cardiomyocytes 0 0 0 0 0 0 0.02253444 0.07450933 -0.03431653 0.01693172 0.9992676 -0.9994109 0 -0.03432145
Def.endoderm Erythroid2 0 0 0 0 0 0 0.02253444 0.006654852 -0.03431653 0.01693172 0.9992676 -0.9994109 0 -0.03432145
Def.endoderm NMP 1 0 1 0.0004528097 0.02363087 0.02339482 0.01916179 0.01935513 0.1084748 0.9924704 0.05688475 -0.464421 0 0.8856146
Def.endoderm Erythroid3 0 0 0 0 0 0 0.02253444 0.01651622 -0.03431653 0.01693172 0.9992676 -0.9994109 0 -0.03432145
Def.endoderm Neural.crest 0 0 0 0 0 0 0.02253444 0.008413025 -0.03431653 0.01693172 0.9992676 -0.9994109 0 -0.03432145
Parietal.endoderm Allantois 0 0 0 0 0 0 0.01108525 0.01287907 -0.03431653 0.01693172 0.9992676 -0.9994109 0 -0.03432145
Parietal.endoderm Anterior.Primitive.Streak 0 0 0 0 0 0 0.01108525 0.01914414 -0.03431653 0.01693172 0.9992676 -0.9994109 0 -0.03432145
Parietal.endoderm Endothelium 0 0 0 0 0 0 0.01108525 0.01106812 -0.03431653 0.01693172 0.9992676 -0.9994109 0 -0.03432145
Parietal.endoderm Forebrain/Midbrain/Hindbrain 1 0 1 0.003508398 0.2798081 0.05331174 0.01253859 0.0658091 0.2954749 0.2082668 0.932373 -0.9532765 0 0.3020993
Parietal.endoderm Spinal.cord 0 0 0 0 0 0 0.01108525 0.01605795 -0.03431653 0.01693172 0.9992676 -0.9994109 0 -0.03432145
Parietal.endoderm Cardiomyocytes 0 0 0 0 0 0 0.01170272 0.06082168 0.4227867 0.09136975 0.9016113 -0.9053986 0 0.4245626
Parietal.endoderm Erythroid2 0 0 0 0 0 0 0.01112013 0.00622607 0.04742682 0.01380628 0.9987793 -0.9988745 0 0.04743133
Parietal.endoderm NMP 0 0 0 0 0 0 0.01108525 0.02095546 -0.03431653 0.01693172 0.9992676 -0.9994109 0 -0.03432145
Parietal.endoderm Erythroid3 0 0 0 0 0 0 0.01224525 0.01497809 0.1710274 0.1756515 0.9694824 -0.9847935 0 0.1737285
Parietal.endoderm Neural.crest 0 0 0 0 0 0 0.01108525 0.008413025 -0.03431653 0.01693172 0.9992676 -0.9994109 0 -0.03432145
Allantois Anterior.Primitive.Streak 0 0 0 0.0008011636 0.06005469 0.04389778 0.01334057 0.01825066 0.06822697 0.1235493 0.9899902 -0.9976337 0 0.06875373
Allantois Endothelium 0 0 0 0 0 0 0.01287907 0.01106812 -0.03431653 0.01693172 0.9992676 -0.9994109 0 -0.03432145
Allantois Forebrain/Midbrain/Hindbrain 0 0 0 0 0 0 0.01287907 0.06444515 -0.03431653 0.01693172 0.9992676 -0.9994109 0 -0.03432145
Allantois Spinal.cord 0 0 0 0 0 0 0.01287907 0.01605795 -0.03431653 0.01693172 0.9992676 -0.9994109 0 -0.03432145
Allantois Cardiomyocytes 0 0 0 0 0 0 0.01287907 0.07450933 -0.03431653 0.01693172 0.9992676 -0.9994109 0 -0.03432145
Allantois Erythroid2 0 0 0 0 0 0 0.01287907 0.006654852 -0.03431653 0.01693172 0.9992676 -0.9994109 0 -0.03432145
Allantois NMP 0 0 0 0 0 0 0.01287907 0.02095546 -0.03431653 0.01693172 0.9992676 -0.9994109 0 -0.03432145
Allantois Erythroid3 0 0 0 0 0 0 0.01287907 0.01651622 -0.03431653 0.01693172 0.9992676 -0.9994109 0 -0.03432145
Allantois Neural.crest 0 0 0 0 0 0 0.01287907 0.008413025 -0.03431653 0.01693172 0.9992676 -0.9994109 0 -0.03432145
Anterior.Primitive.Streak Endothelium 0 0 0 0 0 0 0.01914414 0.01106812 -0.03431653 0.01693172 0.9992676 -0.9994109 0 -0.03432145
Anterior.Primitive.Streak Forebrain/Midbrain/Hindbrain 80 0 80 0.0005151524 0.0335214 0.01211374 0.01536787 0.04252628 0.01599294 0.572042 0.8200684 -0.9998099 0 0.01949825
Anterior.Primitive.Streak Spinal.cord 0 0 0 0 0 0 0.01914414 0.01605795 -0.03431653 0.01693172 0.9992676 -0.9994109 0 -0.03432145
Anterior.Primitive.Streak Cardiomyocytes 0 0 0 0 0 0 0.01929163 0.07290737 -0.06643912 0.06958211 0.9953613 -0.9977797 0 -0.06660055
Anterior.Primitive.Streak Erythroid2 0 0 0 0 0 0 0.01914414 0.006654852 -0.03431653 0.01693172 0.9992676 -0.9994109 0 -0.03432145
Anterior.Primitive.Streak NMP 0 0 0 0 0 0 0.01825066 0.02149603 0.06822697 0.1235493 0.9899902 -0.9976337 0 0.06875373
Anterior.Primitive.Streak Erythroid3 0 0 0 0 0 0 0.01914414 0.01651622 -0.03431653 0.01693172 0.9992676 -0.9994109 0 -0.03432145
Anterior.Primitive.Streak Neural.crest 0 0 0 0 0 0 0.01914414 0.008413025 -0.03431653 0.01693172 0.9992676 -0.9994109 0 -0.03432145
Endothelium Forebrain/Midbrain/Hindbrain 0 0 0 0 0 0 0.01051238 0.06066903 -0.2136004 0.03431214 0.9763184 -0.9768936 0 -0.2137263
Endothelium Spinal.cord 0 0 0 0 0 0 0.01106812 0.01605795 -0.03431653 0.01693172 0.9992676 -0.9994109 0 -0.03432145
Endothelium Cardiomyocytes 0 0 0 0 0 0 0.009835704 0.06474708 -0.372568 0.2177368 0.9020996 -0.9242753 0 -0.3817266
Endothelium Erythroid2 0 0 0 0 0 0 0.01106812 0.006654852 -0.03431653 0.01693172 0.9992676 -0.9994109 0 -0.03432145
Endothelium NMP 0 0 0 0 0 0 0.01106812 0.02095546 -0.03431653 0.01693172 0.9992676 -0.9994109 0 -0.03432145
Endothelium Erythroid3 0 0 0 0 0 0 0.01087439 0.0146973 0.08645777 0.329509 0.9401855 -0.9957985 0 0.09157184
Endothelium Neural.crest 0 0 0 0 0 0 0.01106812 0.008413025 -0.03431653 0.01693172 0.9992676 -0.9994109 0 -0.03432145
Forebrain/Midbrain/Hindbrain Spinal.cord 487 1024 1511 0.009448498 0.1337253 0.637561 0.07065605 0.01481976 -0.3192873 0.7891701 -0.5246581 0.8542491 0 -0.519864
Forebrain/Midbrain/Hindbrain Cardiomyocytes 0 1 1 0.0007861226 0.01514089 0.03130116 0.05192051 0.02511481 0.652764 0.565448 0.5041504 -0.6112515 0 0.7914364
Forebrain/Midbrain/Hindbrain Erythroid2 0 0 0 0 0 0 0.06087301 0.007318534 -0.163272 0.004171492 0.9865723 -0.9865808 0 -0.1632735
Forebrain/Midbrain/Hindbrain NMP 0 0 0 0 0 0 0.06377746 0.0221611 0.7733744 0.239034 0.5871582 -0.6046873 0 0.796463
Forebrain/Midbrain/Hindbrain Erythroid3 0 0 0 0 0 0 0.06177064 0.01687428 -0.1153257 0.02846082 0.9929199 -0.9933223 0 -0.1153724
Forebrain/Midbrain/Hindbrain Neural.crest 118 50 168 0.002121367 0.03045938 0.2753221 0.06964575 0.007705035 0.02910873 0.4738451 -0.880127 0.9994535 0 0.03305526
Spinal.cord Cardiomyocytes 54 1 55 0.0006436576 0.03274633 0.0367318 0.01965587 0.01752317 0.5433394 0.7465258 0.3840332 -0.5771841 0 0.816614
Spinal.cord Erythroid2 0 0 0 0 0 0 0.01605795 0.006654852 -0.03431653 0.01693172 0.9992676 -0.9994109 0 -0.03432145
Spinal.cord NMP 53 61 114 0.001643281 0.1137996 0.09241943 0.01444014 0.01778069 -0.5049007 0.7556382 -0.4172364 0.6370125 0 -0.7708534
Spinal.cord Erythroid3 0 0 0 0 0 0 0.01605795 0.01651622 -0.03431653 0.01693172 0.9992676 -0.9994109 0 -0.03432145
Spinal.cord Neural.crest 0 0 0 0 0 0 0.01651834 0.007923969 0.4518901 0.03573929 0.8913574 -0.8919272 0 0.452179
Cardiomyocytes Erythroid2 0 0 0 0 0 0 0.07450933 0.006654852 -0.03431653 0.01693172 0.9992676 -0.9994109 0 -0.03432145
Cardiomyocytes NMP 1 3 4 0.0002462968 0.01454487 0.0159496 0.01693359 0.01544219 -0.1234356 0.8634983 0.4890137 -0.9695885 0 -0.2447412
Cardiomyocytes Erythroid3 0 0 0 0 0 0 0.07290737 0.01657009 -0.06643912 0.06958211 0.9953613 -0.9977797 0 -0.06660055
Cardiomyocytes Neural.crest 0 0 0 0 0 0 0.07450933 0.008413025 -0.03431653 0.01693172 0.9992676 -0.9994109 0 -0.03432145
Erythroid2 NMP 0 0 0 0 0 0 0.006654852 0.02095546 -0.03431653 0.01693172 0.9992676 -0.9994109 0 -0.03432145
Erythroid2 Erythroid3 88 101 189 0.00173596 0.1755824 0.1032054 0.009886871 0.01682044 -0.8169603 0.1170167 0.5646973 -0.5686036 0 -0.8226116
Erythroid2 Neural.crest 0 0 0 0 0 0 0.006654852 0.008413025 -0.03431653 0.01693172 0.9992676 -0.9994109 0 -0.03432145
NMP Erythroid3 0 0 0 0 0 0 0.02095546 0.01651622 -0.03431653 0.01693172 0.9992676 -0.9994109 0 -0.03432145
NMP Neural.crest 0 0 0 0 0 0 0.02095546 0.008413025 -0.03431653 0.01693172 0.9992676 -0.9994109 0 -0.03432145
Erythroid3 Neural.crest 0 0 0 0 0 0 0.01651622 0.008413025 -0.03431653 0.01693172 0.9992676 -0.9994109 0 -0.03432145
