2 12 0.07234786 0.627767 0.5068888 0.1152464 0.1427292 0.1806324 0.910758 0.3713379 -0.8992527 0 0.4374296
2 3 0 0 0 0.1588875 0.09943843 -0.03431653 0.01693172 0.9992676 -0.9994109 0 -0.03432145
2 1 0.09986911 0.8622892 0.6739347 0.1158186 0.1481881 0.3505518 0.8748741 0.3342285 -0.6900552 0 0.7237567
2 11 0 0 0 0.1588875 0.02937162 -0.03431653 0.01693172 0.9992676 -0.9994109 0 -0.03432145
2 4 0 0 0 0.1597064 0.0942452 0.04742682 0.01380628 0.9987793 -0.9988745 0 0.04743133
2 5 0 0 0 0.1595526 0.1256782 0.1077844 0.05883846 0.9924316 -0.994154 0 0.1079714
2 14 0 0 0 0.1244364 0.05961527 -0.1735824 0.7340876 0.6564941 -0.9667764 0 -0.2556236
2 10 0.02506606 0.2006015 0.149195 0.1249545 0.1680087 -0.1795812 0.9722174 -0.1501465 0.6414328 0 -0.7671791
2 13 0 0 0 0.1558416 0.2210993 0.3215272 0.05887337 0.9450684 -0.9467105 0 0.3220858
2 6 0 0 0 0.1595526 0.2003915 0.1077844 0.05883846 0.9924316 -0.994154 0 0.1079714
2 16 0 0 0 0.1561747 0.1838174 -0.163272 0.004171492 0.9865723 -0.9865808 0 -0.1632735
2 15 0.008203708 0.06825413 0.04313928 0.1201936 0.1901679 0.02583054 0.9988544 0.04028323 -0.8418035 0 0.5397841
2 17 0 0 0 0.1590836 0.1127921 0.2073021 0.003277564 0.9782715 -0.9782767 0 0.2073032
2 19 0.01723125 0.1493788 0.1500642 0.1153527 0.1148258 0.2530107 0.9278019 0.27417 -0.734896 0 0.6781798
2 9 0.009285538 0.07296155 0.05418392 0.1272662 0.1713708 0.3829078 0.8976914 -0.2180176 0.4947921 0 0.8690114
2 8 0.0009147549 0.006667051 0.1944942 0.1372053 0.00470325 0.7538237 0.6146896 -0.2321778 0.2943546 0 0.9556963
2 7 0 0 0 0.1588875 0.02436399 -0.03431653 0.01693172 0.9992676 -0.9994109 0 -0.03432145
2 18 0 0 0 0.1449063 0.02456083 -0.6017814 0.1010978 0.7922363 -0.7963163 0 -0.6048805
12 3 0 0 0 0.1621469 0.09943843 -0.03431653 0.01693172 0.9992676 -0.9994109 0 -0.03432145
12 1 0.0918317 0.6406624 0.5587612 0.1433387 0.1643488 -0.6772301 0.1317631 -0.723877 0.7302438 0 -0.6831866
12 11 0 0 0 0.1613339 0.03120268 0.1493689 0.02250491 0.9885254 -0.9887758 0 0.1494068
12 4 0 0 0 0.1525196 0.08690564 0.4518901 0.03573929 0.8913574 -0.8919272 0 0.452179
12 5 0.03827669 0.2529048 0.4127548 0.1513482 0.09273471 0.2274065 0.9408371 -0.2512207 0.7413719 0 0.6710944
12 14 0 0 0 0.1446246 0.08197924 -0.3071743 0.2834916 0.9084473 -0.947311 0 -0.3203154
12 10 0.05873882 0.4233899 0.3001733 0.1387346 0.195683 -0.109921 0.7313409 0.6730957 -0.9869264 0 -0.1611716
12 13 0.01977993 0.1305724 0.09881648 0.1514864 0.2001684 0.4782434 0.0780088 0.8747559 -0.8774297 0 0.4797053
12 6 0.008502377 0.0587966 0.07589287 0.1446066 0.1120313 0.148221 0.9654982 0.2141114 -0.82221 0 0.5691842
12 16 0.03055273 0.2266293 0.1870417 0.1348137 0.1633471 -0.2539085 0.6263164 0.7370605 -0.9454719 0 -0.3257038
12 15 0.04812186 0.3324012 0.2842505 0.1447704 0.1692939 0.08932251 0.7524297 0.6525879 -0.9907623 0 0.1356099
12 17 0 0 0 0.1502242 0.109824 0.3880356 0.5891652 0.7087402 -0.87714 0 0.4802346
12 19 0.03729509 0.2517532 0.2981232 0.1481415 0.1250996 0.32618 0.7602788 0.5617676 -0.8647941 0 0.5021267
12 9 0.03653831 0.3029596 0.1190757 0.1206046 0.3068493 -0.978779 0.005883305 -0.204834 0.2048375 0 -0.978796
12 8 0.001083665 0.007460934 0.2659724 0.1452453 0.004074352 0.8093088 0.3078557 0.5002441 -0.5257797 0 0.8506208
12 7 0 0 0 0.1621469 0.02436399 -0.03431653 0.01693172 0.9992676 -0.9994109 0 -0.03432145
12 18 0 0 0 0.1493383 0.03001132 -0.3726342 0.09969591 0.9226074 -0.9272269 0 -0.3745
3 1 0 0 0 0.09943843 0.2001614 -0.03431653 0.01693172 0.9992676 -0.9994109 0 -0.03432145
3 11 0 0 0 0.09943843 0.02937162 -0.03431653 0.01693172 0.9992676 -0.9994109 0 -0.03432145
3 4 0 0 0 0.09943843 0.09549287 -0.03431653 0.01693172 0.9992676 -0.9994109 0 -0.03432145
3 5 0 0 0 0.09943843 0.1221764 -0.03431653 0.01693172 0.9992676 -0.9994109 0 -0.03432145
3 14 0 0 0 0.09943843 0.09132498 -0.03431653 0.01693172 0.9992676 -0.9994109 0 -0.03432145
3 10 0 0 0 0.09943843 0.2157567 -0.03431653 0.01693172 0.9992676 -0.9994109 0 -0.03432145
3 13 0.00317208 0.05216196 0.01384563 0.06081214 0.2291034 -0.2994635 0.9537501 -0.0261231 0.08690299 0 -0.9962168
3 6 0.0006450716 0.009458809 0.005682778 0.06819797 0.1135134 -0.3415917 0.8309095 0.439209 -0.7893655 0 -0.6139235
3 16 0.0057428 0.09404119 0.02859256 0.06106686 0.2008494 -0.2500439 0.9667841 -0.05297854 0.2072755 0 -0.9782826
3 15 0 0 0 0.09943843 0.1650543 -0.03431653 0.01693172 0.9992676 -0.9994109 0 -0.03432145
3 17 0 0 0 0.097078 0.1194033 -0.1153257 0.02846082 0.9929199 -0.9933223 0 -0.1153724
3 19 0 0 0 0.09943843 0.1716648 -0.03431653 0.01693172 0.9992676 -0.9994109 0 -0.03432145
3 9 0 0 0 0.09943843 0.2255065 -0.03431653 0.01693172 0.9992676 -0.9994109 0 -0.03432145
3 8 0 0 0 0.09943843 0.02016668 -0.03431653 0.01693172 0.9992676 -0.9994109 0 -0.03432145
3 7 0.004957472 0.05673461 0.2244743 0.08738003 0.02208481 -0.372568 0.2177368 0.9020996 -0.9242753 0 -0.3817266
3 18 0 0 0 0.09943843 0.03595774 -0.03431653 0.01693172 0.9992676 -0.9994109 0 -0.03432145
1 11 0 0 0 0.2001614 0.02937162 -0.03431653 0.01693172 0.9992676 -0.9994109 0 -0.03432145
1 4 0 0 0 0.1935116 0.09273557 0.1493689 0.02250491 0.9885254 -0.9887758 0 0.1494068
1 5 0.004333563 0.02549914 0.0487176 0.1699494 0.08895273 0.2073346 0.9076312 -0.3649903 0.8695039 0 0.4939261
1 14 0 0 0 0.1765568 0.05793422 0.03156806 0.6609611 0.7497559 -0.9991148 0 0.04206718
1 10 0.0554915 0.3369281 0.3151833 0.1646983 0.176061 0.1747827 0.5745902 0.7995605 -0.9769309 0 0.2135556
1 13 0.0009309239 0.005194194 0.004663957 0.1792239 0.1995996 -0.4395601 0.03020858 -0.8977051 0.898115 0 -0.4397607
1 6 0.002707951 0.01506021 0.01504031 0.1798084 0.1800462 -0.757098 0.3995911 -0.5168457 0.5638152 0 -0.825901
1 16 0.01060489 0.06478169 0.05689679 0.163702 0.1863883 0.203372 0.6988065 0.685791 -0.9587316 0 0.2843127
1 15 0.03252295 0.1974698 0.1913216 0.1646983 0.1699911 0.1747827 0.5745902 0.7995605 -0.9769309 0 0.2135556
1 17 0 0 0 0.1763535 0.10867 0.4227867 0.09136975 0.9016113 -0.9053986 0 0.4245626
1 19 0.03205263 0.2112664 0.2594134 0.1517166 0.1235581 0.3723862 0.7584178 0.5349121 -0.8207085 0 0.5713472
1 9 0.005499018 0.03561649 0.03022101 0.1543953 0.1819601 0.5042244 0.8103119 -0.298584 0.5095301 0 0.8604528
1 8 0 0 0 0.1935116 0.01656831 0.1493689 0.02250491 0.9885254 -0.9887758 0 0.1494068
1 7 0 0 0 0.2001614 0.02436399 -0.03431653 0.01693172 0.9992676 -0.9994109 0 -0.03432145
1 18 0 0 0 0.214813 0.02469416 -0.5582472 0.2249971 0.798584 -0.819599 0 -0.5729377
11 4 0.001693004 0.1263525 0.02190373 0.01339905 0.07729297 0.7594639 0.5133107 -0.3996582 0.465692 0 0.8849469
11 5 0 0 0 0.02937162 0.1221764 -0.03431653 0.01693172 0.9992676 -0.9994109 0 -0.03432145
11 14 0 0 0 0.02937162 0.09132498 -0.03431653 0.01693172 0.9992676 -0.9994109 0 -0.03432145
11 10 0 0 0 0.03025999 0.2033529 0.04742682 0.01380628 0.9987793 -0.9988745 0 0.04743133
11 13 0 0 0 0.01615528 0.3291971 -0.818154 0.007431732 0.5749512 -0.574967 0 -0.8181766
11 6 0 0 0 0.02937162 0.1925776 -0.03431653 0.01693172 0.9992676 -0.9994109 0 -0.03432145
11 16 0 0 0 0.01821357 0.2332935 -0.7248717 0.01499496 0.6887207 -0.6887981 0 -0.7249532
11 15 0 0 0 0.02637458 0.2870577 0.9499839 0.005177998 0.3122559 -0.3122601 0 0.9499967
11 17 0 0 0 0.02937162 0.1186771 -0.03431653 0.01693172 0.9992676 -0.9994109 0 -0.03432145
11 19 0 0 0 0.02937162 0.1716648 -0.03431653 0.01693172 0.9992676 -0.9994109 0 -0.03432145
11 9 0 0 0 0.02444842 0.26416 -0.4230307 0.1366509 0.895752 -0.9042343 0 -0.4270366
11 8 0 0 0 0.02937162 0.02016668 -0.03431653 0.01693172 0.9992676 -0.9994109 0 -0.03432145
11 7 0 0 0 0.02937162 0.02436399 -0.03431653 0.01693172 0.9992676 -0.9994109 0 -0.03432145
11 18 0 0 0 0.02937162 0.03595774 -0.03431653 0.01693172 0.9992676 -0.9994109 0 -0.03432145
4 5 0 0 0 0.08937124 0.1303437 -0.6510513 0.0009098255 0.7590332 -0.7590335 0 -0.6510516
4 14 0 0 0 0.09549287 0.09132498 -0.03431653 0.01693172 0.9992676 -0.9994109 0 -0.03432145
4 10 0 0 0 0.08690564 0.1819389 0.4518901 0.03573929 0.8913574 -0.8919272 0 0.452179
4 13 0.00101339 0.01589276 0.004649042 0.06376422 0.2179782 0.1653155 0.7302817 -0.6628419 0.9702784 0 0.2419914
4 6 0 0 0 0.08697437 0.1603567 -0.7248717 0.01499496 0.6887207 -0.6887981 0 -0.7249532
4 16 0 0 0 0.0925294 0.2161103 -0.6289607 0.05290691 0.7756348 -0.7767226 0 -0.6298428
4 15 0 0 0 0.08287257 0.2395886 0.732671 0.01490012 0.6804199 -0.6804954 0 0.7327523
4 17 0 0 0 0.08288582 0.1094506 0.7698446 0.04021977 0.6369629 -0.6374787 0 0.770468
4 19 0 0 0 0.08800304 0.1528612 0.3547372 0.01683701 0.9348145 -0.934947 0 0.3547874
4 9 0.008861929 0.132843 0.05921569 0.06670981 0.1496551 -0.1373805 0.9468783 -0.2907715 0.9041625 0 -0.4271886
4 8 0 0 0 0.08584032 0.007546021 0.569857 0.03388599 0.8210449 -0.8215167 0 0.5701845
4 7 0 0 0 0.09549287 0.02436399 -0.03431653 0.01693172 0.9992676 -0.9994109 0 -0.03432145
4 18 0 0 0 0.09549287 0.03595774 -0.03431653 0.01693172 0.9992676 -0.9994109 0 -0.03432145
5 14 0 0 0 0.1221764 0.09132498 -0.03431653 0.01693172 0.9992676 -0.9994109 0 -0.03432145
5 10 0.02462076 0.2528133 0.1487853 0.09738711 0.1654784 0.1802237 0.9576949 -0.2243652 0.7796274 0 0.6262437
5 13 0.06261078 0.7637116 0.2983377 0.08198222 0.2098654 0.07430357 0.6869456 -0.7229003 0.9947591 0 0.1022467
5 6 0.0606203 0.5518734 0.5364473 0.1098446 0.1130033 0.2974121 0.9453634 0.1335449 -0.4096235 0 0.9122548
5 16 0.05612563 0.6302598 0.2761182 0.08905158 0.2032667 0.2594975 0.8479804 -0.4621583 0.8719513 0 0.4895925
5 15 0.05493055 0.3986898 0.1751806 0.1377777 0.3135652 0.9606966 0.2146556 -0.1760253 0.1802265 0 0.9836251
5 17 0.008278065 0.0767507 0.1008685 0.1078565 0.08206786 0.5387784 0.8348296 0.1130371 -0.2053321 0 0.9786924
5 19 0.02995928 0.3501652 0.248774 0.08555757 0.1204277 0.1544363 0.8387128 -0.5222167 0.9589454 0 0.283591
5 9 0.07150102 0.8721527 0.416082 0.08198222 0.1718436 0.07430357 0.6869456 -0.7229003 0.9947591 0 0.1022467
5 8 0.002106371 0.01470891 1 0.1432037 0.002106371 0.8619642 0.4375255 0.2561036 -0.2848108 0 0.9585837
5 7 0 0 0 0.1221764 0.02436399 -0.03431653 0.01693172 0.9992676 -0.9994109 0 -0.03432145
5 18 0 0 0 0.1221764 0.03595774 -0.03431653 0.01693172 0.9992676 -0.9994109 0 -0.03432145
14 10 0 0 0 0.09030586 0.2281721 -0.1153257 0.02846082 0.9929199 -0.9933223 0 -0.1153724
14 13 0 0 0 0.09185118 0.2210993 0.3215272 0.05887337 0.9450684 -0.9467105 0 0.3220858
14 6 0 0 0 0.09132498 0.1925776 -0.03431653 0.01693172 0.9992676 -0.9994109 0 -0.03432145
14 16 0 0 0 0.09132498 0.2011428 -0.03431653 0.01693172 0.9992676 -0.9994109 0 -0.03432145
14 15 0 0 0 0.09132498 0.1650543 -0.03431653 0.01693172 0.9992676 -0.9994109 0 -0.03432145
14 17 0 0 0 0.09132498 0.1186771 -0.03431653 0.01693172 0.9992676 -0.9994109 0 -0.03432145
14 19 0.008325953 0.2270411 0.06844254 0.03667156 0.1216488 0.3587441 0.7935835 0.491455 -0.8077012 0 0.5895922
14 9 0 0 0 0.09132498 0.2255065 -0.03431653 0.01693172 0.9992676 -0.9994109 0 -0.03432145
14 8 0 0 0 0.09132498 0.02016668 -0.03431653 0.01693172 0.9992676 -0.9994109 0 -0.03432145
14 7 0 0 0 0.09132498 0.02436399 -0.03431653 0.01693172 0.9992676 -0.9994109 0 -0.03432145
14 18 0.005795811 0.0778869 0.2378316 0.07441317 0.02436939 0.5686203 0.7057434 -0.4226075 0.5965095 0 0.8026061
10 13 0.02142079 0.1310843 0.1075268 0.1634123 0.1992135 0.038936 0.9439164 -0.3278808 0.9930229 0 0.1179219
10 6 0.0223783 0.1366681 0.2272592 0.1637419 0.09847035 0.04510467 0.9985309 -0.03002935 0.5541835 0 0.8323945
10 16 0.0699704 0.4024909 0.3589932 0.1738434 0.1949073 0.3587441 0.7935835 0.491455 -0.8077012 0 0.5895922
10 15 0.09954657 0.6113962 0.4946919 0.1628184 0.2012294 0.1960732 0.9743326 -0.1105957 0.4912884 0 0.870997
10 17 0 0 0 0.1845226 0.1084642 0.6261579 0.05730028 0.7775879 -0.7788675 0 0.6271884
10 19 0.05134801 0.3192929 0.4455215 0.1608179 0.1152537 0.1318038 0.9713998 -0.1975097 0.8317962 0 0.5550811
10 9 0.03270841 0.1758113 0.1702822 0.1860427 0.1920836 0.5175241 0.847973 -0.114502 0.2160253 0 0.9763877
10 8 0.001973595 0.008872003 0.852219 0.222452 0.002315831 0.8532929 0.5184785 0.05541996 -0.06481179 0 0.9978976
10 7 0 0 0 0.2033529 0.02713246 0.04742682 0.01380628 0.9987793 -0.9988745 0 0.04743133
10 18 0 0 0 0.2157567 0.03595774 -0.03431653 0.01693172 0.9992676 -0.9994109 0 -0.03432145
13 6 0.04558086 0.219376 0.4129773 0.207775 0.1103713 -0.158641 0.9624089 -0.2204589 0.8116905 0 -0.5840877
13 16 0.1155716 0.5826365 0.5823501 0.1983596 0.1984572 -0.009462146 0.9535692 -0.3010254 0.9995063 0 -0.03141753
13 15 0.07311809 0.3905115 0.4046619 0.1872367 0.1806893 -0.3024372 0.5634537 -0.7687988 0.9305829 0 -0.3660813
13 17 0.0207512 0.06887136 0.2702155 0.3013038 0.07679502 0.7263591 0.5254059 -0.4431151 0.5207901 0 0.8536847
13 19 0.04455851 0.1946403 0.3904415 0.2289275 0.1141234 0.1277896 0.9917104 -0.01342773 0.1045016 0 0.9945248
13 9 0.09245545 0.4914369 0.4944883 0.1881329 0.186972 -0.339339 0.4123689 -0.845459 0.9280387 0 -0.3724838
13 8 0.0004308273 0.00154643 0.1120347 0.2785947 0.00384548 0.8892844 0.3304766 0.3161621 -0.3349834 0 0.942224
13 7 0.006046512 0.02757038 0.2664394 0.2193119 0.02269376 -0.1929333 0.272454 -0.942627 0.9796898 0 -0.2005192
13 18 0 0 0 0.2615827 0.03595774 -0.03431653 0.01693172 0.9992676 -0.9994109 0 -0.03432145
6 16 0.03927615 0.296407 0.1826824 0.1325075 0.2149969 0.6365045 0.6943861 -0.3356934 0.4664983 0 0.8845221
6 15 0.04548961 0.2909983 0.202727 0.1563226 0.2243885 0.338291 0.4834336 -0.807373 0.9223104 0 0.38645
6 17 0.01870425 0.1447171 0.2772291 0.129247 0.06746855 0.573013 0.7399624 -0.3522949 0.5237432 0 0.8518763
6 19 0.0294284 0.3038568 0.2258158 0.09684955 0.1303204 -0.006008167 0.9999769 -0.003173867 0.4670912 0 -0.8842092
6 9 0.05689831 0.5642341 0.3236176 0.1008417 0.1758196 -0.04414238 0.9895244 0.1374511 -0.9521059 0 -0.3057684
6 8 0 0 0 0.1826528 0.01137167 0.9461929 0.1638557 0.2790528 -0.282876 0 0.9591565
6 7 0.008796533 0.04473768 0.4022094 0.1966247 0.02187053 -0.1312659 0.2070582 -0.9694824 0.9909578 0 -0.1341736
6 18 0 0 0 0.1925776 0.03595774 -0.03431653 0.01693172 0.9992676 -0.9994109 0 -0.03432145
16 15 0.07175415 0.4453816 0.4080775 0.1611071 0.1758346 -0.2393094 0.7863266 0.5695801 -0.9219325 0 -0.3873504
16 17 0 0 0 0.1716117 0.1296275 -0.267615 0.1216898 0.9558105 -0.9629672 0 -0.2696187
16 19 0.01590502 0.09251966 0.1131385 0.1719096 0.1405801 0.003039747 0.8055432 0.5925293 -0.9999868 0 0.005130053
16 9 0.06477384 0.3477065 0.4218059 0.1862888 0.1535631 0.01324143 0.9972083 -0.07348635 0.9841509 0 0.1773331
16 8 0.002106371 0.007031662 1 0.2995552 0.002106371 0.8619642 0.4375255 0.2561036 -0.2848108 0 0.9585837
16 7 0.007969681 0.04615441 0.350032 0.1726743 0.02276844 -0.2036511 0.1137582 0.9724121 -0.9787658 0 -0.2049817
16 18 0 0 0 0.2011428 0.03595774 -0.03431653 0.01693172 0.9992676 -0.9994109 0 -0.03432145
15 17 0.03500505 0.1468781 0.4638331 0.2383272 0.07546907 0.599965 0.7998689 0.01586915 -0.02644087 0 0.9996504
15 19 0.0714901 0.3619284 0.6160966 0.1975255 0.1160372 0.2073346 0.9076312 -0.3649903 0.8695039 0 0.4939261
15 9 0.09862273 0.5002816 0.6870224 0.1971345 0.143551 0.2190861 0.8732197 -0.4353027 0.8932465 0 0.4495673
15 8 0.0006128243 0.002554451 0.05915347 0.2399045 0.0103599 0.7309949 0.5125921 0.4504394 -0.5246011 0 0.8513482
15 7 0 0 0 0.1650543 0.02436399 -0.03431653 0.01693172 0.9992676 -0.9994109 0 -0.03432145
15 18 0 0 0 0.1650543 0.03595774 -0.03431653 0.01693172 0.9992676 -0.9994109 0 -0.03432145
17 19 0.01256227 0.1398294 0.09428317 0.08984 0.1332398 0.6168423 0.7329488 0.2868652 -0.4216846 0 0.9067426
17 9 0.03842527 0.3387955 0.2502204 0.1134173 0.1535657 -0.08888455 0.9958456 -0.01977534 0.2171734 0 -0.976133
17 8 0 0 0 0.1186771 0.02016668 -0.03431653 0.01693172 0.9992676 -0.9994109 0 -0.03432145
17 7 0.007065721 0.06173582 0.2848924 0.1144509 0.02480137 0.2469806 0.1151183 -0.9621582 0.9685976 0 0.2486335
17 18 0 0 0 0.1186771 0.03595774 -0.03431653 0.01693172 0.9992676 -0.9994109 0 -0.03432145
19 9 0.04425515 0.3648648 0.2992121 0.1212919 0.1479056 0.2260531 0.8326182 -0.5056154 0.9129146 0 0.4081506
19 8 0.0001531155 0.0009299481 0.0726916 0.1646495 0.002106371 0.8619642 0.4375255 0.2561036 -0.2848108 0 0.9585837
19 7 0 0 0 0.1716648 0.02436399 -0.03431653 0.01693172 0.9992676 -0.9994109 0 -0.03432145
19 18 0 0 0 0.1956974 0.03096845 -0.3232228 0.1158166 0.939209 -0.9455721 0 -0.3254126
9 8 0.002106371 0.007634135 1 0.2759148 0.002106371 0.8619642 0.4375255 0.2561036 -0.2848108 0 0.9585837
9 7 0 0 0 0.2255065 0.02436399 -0.03431653 0.01693172 0.9992676 -0.9994109 0 -0.03432145
9 18 0 0 0 0.2326119 0.03534263 -0.06643912 0.06958211 0.9953613 -0.9977797 0 -0.06660055
8 7 0 0 0 0.02016668 0.02436399 -0.03431653 0.01693172 0.9992676 -0.9994109 0 -0.03432145
8 18 0 0 0 0.02016668 0.03595774 -0.03431653 0.01693172 0.9992676 -0.9994109 0 -0.03432145
7 18 0 0 0 0.02436399 0.03595774 -0.03431653 0.01693172 0.9992676 -0.9994109 0 -0.03432145
