2 12 0.009444849 0.4258167 0.1343236
2 3 0 0 0
2 1 0.01135202 0.5118008 0.3327492
2 11 0 0 0
2 4 0 0 0
2 5 0 0 0
2 14 0 0 0
2 10 0.006716149 0.3027945 0.06453914
2 13 0 0 0
2 6 0 0 0
2 16 0 0 0
2 15 0 0 0
2 17 0.00581634 0.262227 0.03701174
2 19 0 0 0
2 9 0.00329281 0.1484548 0.03533879
2 8 0 0 0
2 7 0 0 0
2 18 0 0 0
12 3 0 0 0
12 1 0.0253662 0.3607552 0.743531
12 11 0 0 0
12 4 0 0 0
12 5 0.01218172 0.1732471 0.2611568
12 14 0 0 0
12 10 0.05503563 0.7827106 0.5288675
12 13 0.02904784 0.4131151 0.2149466
12 6 0 0 0
12 16 0.0422471 0.6008335 0.4302125
12 15 0.03297869 0.4690193 0.5489919
12 17 0.04727779 0.6723794 0.3008477
12 19 0.04689599 0.6669495 0.2129188
12 9 0.04023509 0.5722189 0.4318073
12 8 0.002236754 0.03181086 0.2444981
12 7 0.0004192764 0.005962901 0.00993403
12 18 0 0 0
3 1 0 0 0
3 11 0 0 0
3 4 0 0 0
3 5 0 0 0
3 14 0 0 0
3 10 0 0 0
3 13 0 0 0
3 6 0 0 0
3 16 0 0 0
3 15 0 0 0
3 17 0 0 0
3 19 0 0 0
3 9 0 0 0
3 8 0 0 0
3 7 0 0 0
3 18 0 0 0
1 11 0 0 0
1 4 0 0 0
1 5 0.004303432 0.1261417 0.09225875
1 14 0 0 0
1 10 0.01738954 0.5097202 0.1671056
1 13 0.003513757 0.1029948 0.02600091
1 6 0 0 0
1 16 0.009838065 0.2883722 0.1001834
1 15 0.008775561 0.2572282 0.1460856
1 17 0.0189415 0.555211 0.1205325
1 19 0.00876797 0.2570057 0.03980865
1 9 0.01445242 0.4236274 0.1551049
1 8 0 0 0
1 7 0 0 0
1 18 0 0 0
11 4 0.001069216 0.1050403 0.0269644
11 5 0 0 0
11 14 0 0 0
11 10 0 0 0
11 13 0 0 0
11 6 0 0 0
11 16 0 0 0
11 15 0 0 0
11 17 0 0 0
11 19 0 0 0
11 9 0.002180486 0.2142121 0.02340121
11 8 0 0 0
11 7 0 0 0
11 18 0 0 0
4 5 0 0 0
4 14 0 0 0
4 10 0 0 0
4 13 0 0 0
4 6 0 0 0
4 16 0 0 0
4 15 0 0 0
4 17 0 0 0
4 19 0 0 0
4 9 0 0 0
4 8 0 0 0
4 7 0 0 0
4 18 0 0 0
5 14 0 0 0
5 10 0.02596813 0.5567155 0.2495419
5 13 0.0367423 0.7876966 0.2718836
5 6 0.007725317 0.1656185 0.2587429
5 16 0.02236141 0.4793932 0.2277117
5 15 0.005585546 0.1197453 0.09298183
5 17 0.04211084 0.9027897 0.2679684
5 19 0.04233675 0.9076329 0.1922188
5 9 0.01941863 0.4163047 0.2084028
5 8 0 0 0
5 7 0.002988159 0.0640614 0.07079928
5 18 0 0 0
14 10 0 0 0
14 13 0 0 0
14 6 0 0 0
14 16 0 0 0
14 15 0 0 0
14 17 0 0 0
14 19 0.002420877 0.0796098 0.01099135
14 9 0 0 0
14 8 0 0 0
14 7 0.0003799415 0.01249426 0.00900206
14 18 0.001064705 0.0350125 0.1091359
10 13 0.06513333 0.6259018 0.48197
10 6 0.006297053 0.06051182 0.2109063
10 16 0.08220741 0.7899759 0.8371381
10 15 0.04555067 0.4377213 0.7582759
10 17 0.06089355 0.5851594 0.3874903
10 19 0.08987232 0.8636322 0.4080414
10 9 0.0521692 0.5013223 0.5598854
10 8 0.003259843 0.03132561 0.3563313
10 7 0.01565328 0.1504209 0.3708775
10 18 0 0 0
13 6 0.01718584 0.1271708 0.5756027
13 16 0.06479658 0.4794782 0.6598393
13 15 0.03121874 0.2310107 0.5196942
13 17 0.0973064 0.7200425 0.6192001
13 19 0.1084803 0.8027264 0.492526
13 9 0.0353957 0.2619191 0.3798704
13 8 0.0009381955 0.006942407 0.1025536
13 7 0.02053359 0.1519433 0.486508
13 18 0 0 0
6 16 0.008608671 0.2883289 0.08766419
6 15 0 0 0
6 17 0.008569567 0.2870193 0.05453163
6 19 0.02284439 0.7651237 0.1037189
6 9 0 0 0
6 8 0 0 0
6 7 0.02049574 0.6864607 0.4856111
6 18 0 0 0
16 15 0.04995945 0.5087492 0.8316682
16 17 0.05047349 0.5139838 0.3211833
16 19 0.09257924 0.9427569 0.4203315
16 9 0.04961846 0.5052768 0.5325106
16 8 0.002116133 0.0215491 0.2313132
16 7 0.01833211 0.1866803 0.4343477
16 18 0 0 0
15 17 0.04533445 0.7546764 0.2884815
15 19 0.05339024 0.8887801 0.2424043
15 9 0.04435587 0.7383861 0.4760319
15 8 0.001870951 0.03114547 0.2045125
15 7 0 0 0
15 18 0 0 0
17 19 0.09643202 0.613636 0.437824
17 9 0.06830738 0.4346676 0.7330821
17 8 0.001284455 0.00817351 0.140403
17 7 0.001734855 0.01103958 0.04110439
17 18 0 0 0
19 9 0.05401483 0.24524 0.579693
19 8 0.006157753 0.02795765 0.6731
19 7 0.03992352 0.1812622 0.945919
19 18 0 0 0
9 8 0.001216015 0.0130504 0.1329218
9 7 0 0 0
9 18 0 0 0
8 7 0 0 0
8 18 0 0 0
7 18 0 0 0
