Bladder Bone-Marrow 0.001287519 0.02104016 0.02128643 0.06119339 0.06048542 0.7635781 0.4458936 0.4670411 -0.5217835 0 0.8530779
Bladder Bone-Marrow_c-kit 9.858271E-07 1.617159E-05 1.722408E-05 0.06096045 0.05723541 0.7672997 0.481485 0.423584 -0.4832928 0 0.8754588
Bladder Brain 0 0 0 0.08698085 0.03751363 -0.1284424 0.5262455 0.8405762 -0.9885262 0 -0.1510496
Bladder Embryonic-Mesenchyme 0 0 0 0.08443382 0.04168674 0.3649228 0.325421 0.8723145 -0.9225284 0 0.3859292
Bladder Embryonic-Stem-Cell 0 0 0 0.1063515 0.01473943 -0.03431653 0.01693172 0.9992676 -0.9994109 0 -0.03432145
Bladder Fetal_Brain 0 0 0 0.08892167 0.02009347 0.4227867 0.09136975 0.9016113 -0.9053986 0 0.4245626
Bladder Fetal_Intestine 0 0 0 0.09497369 0.0306613 0.1469421 0.2871984 0.9465332 -0.9881634 0 0.1534049
Bladder Fetal-Liver 1.912299E-05 0.000362743 0.0006036105 0.05271773 0.031681 -0.196639 0.8591623 0.4724121 -0.9232153 0 -0.3842833
Bladder Fetal_Lung 0 0 0 0.09532951 0.02597649 0.1929392 0.234078 0.9528809 -0.9801105 0 0.1984527
Bladder Fetal_Stomache 0 0 0 0.08559379 0.03580528 0.2278388 0.424649 0.8762207 -0.9678168 0 0.251656
Bladder Fetal_Kidney 0.0002136019 0.003550602 0.06043673 0.06015934 0.003534306 -0.7907329 0.3669484 -0.4899901 0.5267345 0 -0.8500298
Bladder Kidney 0.005612164 0.1053796 0.2538283 0.05325663 0.02211008 -0.7326671 0.5713081 -0.369873 0.4506603 0 -0.8926955
Bladder Liver 0.0008919332 0.01959565 0.05304257 0.0455169 0.01681542 -0.03097179 0.9674342 0.2512208 -0.9924859 0 -0.1223588
Bladder Lung 0.01332948 0.25465 0.4449006 0.05234432 0.02996058 -0.4321643 0.892428 -0.1296387 0.2873263 0 -0.9578328
Bladder MammaryGland.Involution 0.01597794 0.315542 0.179624 0.05063649 0.08895215 0.006528119 0.993844 0.1105957 -0.9982625 0 0.05892432
Bladder MammaryGland.Lactation 0 0 0 0.1063515 0.02289111 -0.03431653 0.01693172 0.9992676 -0.9994109 0 -0.03432145
Bladder MammaryGland.Pregnancy 0.003347582 0.0636507 0.1247209 0.05259302 0.02684059 0.0574824 0.9948283 0.08374024 -0.8244509 0 0.5659335
Bladder MammaryGland.Virgin 0.007978057 0.1414986 0.1974275 0.05638261 0.04041005 -0.1999303 0.9765523 -0.07983398 0.3708374 0 -0.9286978
Bladder Mesenchymal-Stem-Cell-Cultured 0 0 0 0.101075 0.01103339 0.1254137 0.1091319 0.986084 -0.992009 0 0.1261673
Bladder Bone_Marrow_Mesenchyme 0 0 0 0.06048875 0.03659141 0.4806067 0.6284875 0.6115723 -0.7862648 0 0.6178896
Bladder Muscle 0.0209909 0.3736655 0.2537284 0.05617565 0.08272981 -0.6759537 0.704708 0.2155762 -0.3038436 0 -0.952722
Bladder Neonatal-Calvaria 0 0 0 0.09216044 0.03578932 0.3585721 0.09682696 0.9284668 -0.93285 0 0.3602649
Bladder Neonatal-Heart 0 0 0 0.1003889 0.01629537 0.1755089 0.06725698 0.9821777 -0.9844068 0 0.1759073
Bladder Neonatal-Muscle 0.008169478 0.1549664 0.1942014 0.05271773 0.04206704 -0.196639 0.8591623 0.4724121 -0.9232153 0 -0.3842833
Bladder Neonatal-Rib 0.008112112 0.157675 0.1494549 0.05144831 0.05427799 -0.6240604 0.7798945 0.0480957 -0.07684111 0 -0.9970434
Bladder Neonatal-Skin 0.0003854453 0.004819915 0.0220179 0.07996931 0.017506 -0.0843403 0.6113344 0.7868652 -0.9943047 0 -0.1065747
Bladder Ovary 0.002298873 0.04680186 0.03262153 0.04911926 0.07047104 -0.2396524 0.9689537 0.06079102 -0.2458761 0 -0.9693013
Bladder Pancreas 0 0 0 0.1063515 0.02269883 -0.03431653 0.01693172 0.9992676 -0.9994109 0 -0.03432145
Bladder Peripheral_Blood 0.003515835 0.05903082 0.06298684 0.05955931 0.05581856 -0.939539 0.341553 -0.02465825 0.02623602 0 -0.9996558
Bladder Placenta 0 0 0 0.1063515 0.01835931 -0.03431653 0.01693172 0.9992676 -0.9994109 0 -0.03432145
Bladder Prostate 0 0 0 0.1063515 0.003107555 -0.03431653 0.01693172 0.9992676 -0.9994109 0 -0.03432145
Bladder Small-Intestine 0 0 0 0.1060186 0.03938641 -0.4230307 0.1366509 0.895752 -0.9042343 0 -0.4270366
Bladder Spleen 0 0 0 0.1078138 0.02352998 -0.2801453 0.02150143 0.9597168 -0.9599388 0 -0.28021
Bladder Stomach 0 0 0 0.1063515 0.01017712 -0.03431653 0.01693172 0.9992676 -0.9994109 0 -0.03432145
Bladder Testis 0 0 0 0.1063515 0.02890335 -0.03431653 0.01693172 0.9992676 -0.9994109 0 -0.03432145
Bladder Thymus 0 0 0 0.1063515 0.01411497 -0.03431653 0.01693172 0.9992676 -0.9994109 0 -0.03432145
Bladder Trophoblast-Stem-Cell 0 0 0 0.1063515 0.02079854 -0.03431653 0.01693172 0.9992676 -0.9994109 0 -0.03432145
Bladder Uterus 0.03282497 0.7363809 0.2245221 0.04457607 0.1461993 -0.1436509 0.9709899 0.1911621 -0.799439 0 -0.6007473
Bone-Marrow Bone-Marrow_c-kit 0.04384125 0.8553159 0.9609805 0.05125738 0.04562137 0.1923989 0.2535398 -0.947998 0.9800202 0 0.1988979
Bone-Marrow Brain 0 0 0 0.0511819 0.03613716 0.6076496 0.005010491 0.7941895 -0.7941994 0 0.6076573
Bone-Marrow Embryonic-Mesenchyme 0 0 0 0.0478574 0.04963492 0.3547372 0.01683701 0.9348145 -0.934947 0 0.3547874
Bone-Marrow Embryonic-Stem-Cell 0 0 0 0.05002825 0.01473943 -0.03431653 0.01693172 0.9992676 -0.9994109 0 -0.03432145
Bone-Marrow Fetal_Brain 0 0 0 0.04931208 0.01985979 0.04742682 0.01380628 0.9987793 -0.9988745 0 0.04743133
Bone-Marrow Fetal_Intestine 0 0 0 0.04775881 0.03318583 0.2728818 0.02695352 0.9616699 -0.9620194 0 0.272981
Bone-Marrow Fetal-Liver 0.003140815 0.05358104 0.1208616 0.05861803 0.02598687 0.1134267 0.86125 -0.4953612 0.9747724 0 0.2232013
Bone-Marrow Fetal_Lung 0 0 0 0.04797713 0.02806535 0.3215272 0.05887337 0.9450684 -0.9467105 0 0.3220858
Bone-Marrow Fetal_Stomache 0 0 0 0.0478574 0.04319588 0.3547372 0.01683701 0.9348145 -0.934947 0 0.3547874
Bone-Marrow Fetal_Kidney 0 0 0 0.05002825 0.008287401 -0.03431653 0.01693172 0.9992676 -0.9994109 0 -0.03432145
Bone-Marrow Kidney 0 0 0 0.05002825 0.03348349 -0.03431653 0.01693172 0.9992676 -0.9994109 0 -0.03432145
Bone-Marrow Liver 0 0 0 0.05478504 0.02218387 -0.105826 0.196116 0.9748535 -0.9941594 0 -0.1079217
Bone-Marrow Lung 0 0 0 0.05002825 0.04770849 -0.03431653 0.01693172 0.9992676 -0.9994109 0 -0.03432145
Bone-Marrow MammaryGland.Involution 0.004949742 0.07393473 0.05784709 0.06694745 0.08556596 0.2947769 0.829229 0.4748535 -0.8496079 0 0.5274148
Bone-Marrow MammaryGland.Lactation 0 0 0 0.05002825 0.02289111 -0.03431653 0.01693172 0.9992676 -0.9994109 0 -0.03432145
Bone-Marrow MammaryGland.Pregnancy 2.287932E-05 0.0003702189 0.0009943217 0.06179944 0.02300998 0.09455039 0.5790171 0.8098145 -0.9932529 0 0.1159679
Bone-Marrow MammaryGland.Virgin 0.00192334 0.03238666 0.02617683 0.05938679 0.07347491 -0.1499461 0.4216239 0.8942871 -0.9862328 0 -0.1653627
Bone-Marrow Mesenchymal-Stem-Cell-Cultured 0 0 0 0.04845688 0.0107389 0.1493689 0.02250491 0.9885254 -0.9887758 0 0.1494068
Bone-Marrow Bone_Marrow_Mesenchyme 0.006265476 0.09393364 0.2269422 0.06670109 0.02760825 0.2898928 0.9568548 0.01977537 -0.06805798 0 0.9976814
Bone-Marrow Muscle 0.04447008 0.9758702 0.4703976 0.04556967 0.09453722 -0.1006081 0.1323494 -0.986084 0.9948354 0 -0.101501
Bone-Marrow Neonatal-Calvaria 0 0 0 0.05002825 0.04006123 -0.03431653 0.01693172 0.9992676 -0.9994109 0 -0.03432145
Bone-Marrow Neonatal-Heart 0 0 0 0.05002825 0.01532468 -0.03431653 0.01693172 0.9992676 -0.9994109 0 -0.03432145
Bone-Marrow Neonatal-Muscle 8.847789E-05 0.001333745 0.001770567 0.06633792 0.04997149 0.6241196 0.7790732 0.0593262 -0.09462927 0 0.9955125
Bone-Marrow Neonatal-Rib 0.0008029485 0.01218888 0.01594411 0.0658755 0.05036018 0.5038995 0.8626312 -0.04418941 0.08735961 0 0.9961768
Bone-Marrow Neonatal-Skin 0 0 0 0.05002825 0.01693113 -0.03431653 0.01693172 0.9992676 -0.9994109 0 -0.03432145
Bone-Marrow Ovary 0 0 0 0.04975403 0.1015766 0.1077844 0.05883846 0.9924316 -0.994154 0 0.1079714
Bone-Marrow Pancreas 0 0 0 0.05002825 0.02269883 -0.03431653 0.01693172 0.9992676 -0.9994109 0 -0.03432145
Bone-Marrow Peripheral_Blood 0.03725415 0.7540512 0.5316258 0.04940534 0.07007589 0.03704995 0.00957133 -0.9992676 0.9993133 0 0.03705164
Bone-Marrow Placenta 0 0 0 0.05002825 0.01835931 -0.03431653 0.01693172 0.9992676 -0.9994109 0 -0.03432145
Bone-Marrow Prostate 0 0 0 0.05002825 0.003107555 -0.03431653 0.01693172 0.9992676 -0.9994109 0 -0.03432145
Bone-Marrow Small-Intestine 0 0 0 0.05002825 0.03858032 -0.03431653 0.01693172 0.9992676 -0.9994109 0 -0.03432145
Bone-Marrow Spleen 0.002569859 0.0364168 0.1251477 0.07056795 0.02053461 -0.2952447 0.8920978 0.342041 -0.7569919 0 -0.6534243
Bone-Marrow Stomach 0 0 0 0.05002825 0.01017712 -0.03431653 0.01693172 0.9992676 -0.9994109 0 -0.03432145
Bone-Marrow Testis 0 0 0 0.05002825 0.02890335 -0.03431653 0.01693172 0.9992676 -0.9994109 0 -0.03432145
Bone-Marrow Thymus 0 0 0 0.05002825 0.01411497 -0.03431653 0.01693172 0.9992676 -0.9994109 0 -0.03432145
Bone-Marrow Trophoblast-Stem-Cell 0 0 0 0.05002825 0.02079854 -0.03431653 0.01693172 0.9992676 -0.9994109 0 -0.03432145
Bone-Marrow Uterus 0.006235127 0.1039262 0.03731533 0.05999575 0.1670929 0.2556531 0.5582441 0.7893066 -0.9513423 0 0.3081358
Bone-Marrow_c-kit Brain 0 0 0 0.05132968 0.03117395 -0.6801735 0.03577337 0.7321777 -0.7326467 0 -0.6806092
Bone-Marrow_c-kit Embryonic-Mesenchyme 0 0 0 0.0557825 0.04879749 0.6076496 0.005010491 0.7941895 -0.7941994 0 0.6076573
Bone-Marrow_c-kit Embryonic-Stem-Cell 0 0 0 0.05016342 0.01473943 -0.03431653 0.01693172 0.9992676 -0.9994109 0 -0.03432145
Bone-Marrow_c-kit Fetal_Brain 0 0 0 0.05102051 0.01985979 0.04742682 0.01380628 0.9987793 -0.9988745 0 0.04743133
Bone-Marrow_c-kit Fetal_Intestine 0 0 0 0.05285352 0.03339371 0.3547372 0.01683701 0.9348145 -0.934947 0 0.3547874
Bone-Marrow_c-kit Fetal-Liver 0.005959332 0.1024642 0.2272013 0.05816012 0.0262293 0.100862 0.8995335 -0.4250488 0.9729813 0 0.2308836
Bone-Marrow_c-kit Fetal_Lung 0 0 0 0.05384061 0.02806033 0.4518901 0.03573929 0.8913574 -0.8919272 0 0.452179
Bone-Marrow_c-kit Fetal_Stomache 0 0 0 0.0557825 0.04320639 0.6076496 0.005010491 0.7941895 -0.7941994 0 0.6076573
Bone-Marrow_c-kit Fetal_Kidney 0 0 0 0.05016342 0.008287401 -0.03431653 0.01693172 0.9992676 -0.9994109 0 -0.03432145
Bone-Marrow_c-kit Kidney 0 0 0 0.05016342 0.03348349 -0.03431653 0.01693172 0.9992676 -0.9994109 0 -0.03432145
Bone-Marrow_c-kit Liver 0 0 0 0.05290749 0.02235632 -0.05303492 0.1855574 0.9812012 -0.9985424 0 -0.05397223
Bone-Marrow_c-kit Lung 0 0 0 0.05016342 0.04770849 -0.03431653 0.01693172 0.9992676 -0.9994109 0 -0.03432145
Bone-Marrow_c-kit MammaryGland.Involution 0 0 0 0.05175155 0.1202729 -0.3566344 0.2782502 0.8918457 -0.928514 0 -0.3712974
Bone-Marrow_c-kit MammaryGland.Lactation 0 0 0 0.05016342 0.02289111 -0.03431653 0.01693172 0.9992676 -0.9994109 0 -0.03432145
Bone-Marrow_c-kit MammaryGland.Pregnancy 0 0 0 0.05224952 0.02566227 -0.1625286 0.1886289 0.9685059 -0.9862099 0 -0.1654996
Bone-Marrow_c-kit MammaryGland.Virgin 0 0 0 0.04993828 0.08662197 -0.1724554 0.06801939 0.982666 -0.9849471 0 -0.1728557
Bone-Marrow_c-kit Mesenchymal-Stem-Cell-Cultured 0 0 0 0.05205034 0.0107389 0.1493689 0.02250491 0.9885254 -0.9887758 0 0.1494068
Bone-Marrow_c-kit Bone_Marrow_Mesenchyme 0.006403852 0.1042877 0.2326218 0.06140564 0.02752902 0.3464884 0.9319673 0.1066895 -0.2942815 0 0.9557188
Bone-Marrow_c-kit Muscle 0.04333453 0.9381105 0.4213042 0.04619341 0.1028581 0.2469806 0.1151183 -0.9621582 0.9685976 0 0.2486335
Bone-Marrow_c-kit Neonatal-Calvaria 0 0 0 0.05016342 0.04006123 -0.03431653 0.01693172 0.9992676 -0.9994109 0 -0.03432145
Bone-Marrow_c-kit Neonatal-Heart 0 0 0 0.05016342 0.01532468 -0.03431653 0.01693172 0.9992676 -0.9994109 0 -0.03432145
Bone-Marrow_c-kit Neonatal-Muscle 0 0 0 0.05062145 0.04895578 -0.1226607 0.08250041 0.9890137 -0.9923967 0 -0.1230802
Bone-Marrow_c-kit Neonatal-Rib 0 0 0 0.04993828 0.07209232 -0.1724554 0.06801939 0.982666 -0.9849471 0 -0.1728557
Bone-Marrow_c-kit Neonatal-Skin 0 0 0 0.05016342 0.01693113 -0.03431653 0.01693172 0.9992676 -0.9994109 0 -0.03432145
Bone-Marrow_c-kit Ovary 0 0 0 0.05102051 0.1014488 0.04742682 0.01380628 0.9987793 -0.9988745 0 0.04743133
Bone-Marrow_c-kit Pancreas 0 0 0 0.05016342 0.02269883 -0.03431653 0.01693172 0.9992676 -0.9994109 0 -0.03432145
Bone-Marrow_c-kit Peripheral_Blood 0.03214226 0.6687229 0.4146702 0.04806513 0.07751282 -0.4165192 0.07526719 0.9060059 -0.9085831 0 -0.417704
Bone-Marrow_c-kit Placenta 0 0 0 0.05016342 0.01835931 -0.03431653 0.01693172 0.9992676 -0.9994109 0 -0.03432145
Bone-Marrow_c-kit Prostate 0 0 0 0.05016342 0.003107555 -0.03431653 0.01693172 0.9992676 -0.9994109 0 -0.03432145
Bone-Marrow_c-kit Small-Intestine 0 0 0 0.05016342 0.03858032 -0.03431653 0.01693172 0.9992676 -0.9994109 0 -0.03432145
Bone-Marrow_c-kit Spleen 0 0 0 0.04767151 0.02352998 -0.2801453 0.02150143 0.9597168 -0.9599388 0 -0.28021
Bone-Marrow_c-kit Stomach 0 0 0 0.05016342 0.01017712 -0.03431653 0.01693172 0.9992676 -0.9994109 0 -0.03432145
Bone-Marrow_c-kit Testis 0 0 0 0.05016342 0.02890335 -0.03431653 0.01693172 0.9992676 -0.9994109 0 -0.03432145
Bone-Marrow_c-kit Thymus 0 0 0 0.05016342 0.01411497 -0.03431653 0.01693172 0.9992676 -0.9994109 0 -0.03432145
Bone-Marrow_c-kit Trophoblast-Stem-Cell 0 0 0 0.05016342 0.02079854 -0.03431653 0.01693172 0.9992676 -0.9994109 0 -0.03432145
Bone-Marrow_c-kit Uterus 0.002733367 0.04595728 0.01675965 0.05947625 0.1630922 0.3015188 0.6262059 0.7189941 -0.922192 0 0.3867323
Brain Embryonic-Mesenchyme 0.002675243 0.1075335 0.06215201 0.02487822 0.04304354 0.209596 0.977783 0.003173779 -0.01514063 0 0.9998854
Brain Embryonic-Stem-Cell 0 0 0 0.04021209 0.01473943 -0.03431653 0.01693172 0.9992676 -0.9994109 0 -0.03432145
Brain Fetal_Brain 0.003510415 0.1413406 0.3610724 0.02483657 0.009722193 0.1781963 0.98317 -0.04028319 0.2204969 0 0.9753876
Brain Fetal_Intestine 0.0004212686 0.01754204 0.01087972 0.0240148 0.03872054 -0.5782421 0.7016864 0.4162598 -0.5842358 0 -0.8115839
Brain Fetal-Liver 2.349703E-05 0.0009784395 0.000660283 0.0240148 0.0355863 -0.5782421 0.7016864 0.4162598 -0.5842358 0 -0.8115839
Brain Fetal_Lung 0.0002302688 0.00958862 0.007229283 0.0240148 0.03185223 -0.5782421 0.7016864 0.4162598 -0.5842358 0 -0.8115839
Brain Fetal_Stomache 0.0001628375 0.00649789 0.004041327 0.02506006 0.04029308 -0.5136341 0.7408178 0.4328613 -0.6444208 0 -0.764671
Brain Fetal_Kidney 0 0 0 0.04021209 0.008287401 -0.03431653 0.01693172 0.9992676 -0.9994109 0 -0.03432145
Brain Kidney 0 0 0 0.04034441 0.03506604 -0.009749388 0.1570104 0.9875488 -0.9999513 0 -0.009871829
Brain Liver 0 0 0 0.03993166 0.02199981 0.06631152 0.3776181 0.923584 -0.9974325 0 0.07161369
Brain Lung 0 0 0 0.03683915 0.04408027 -0.4191188 0.2005808 0.885498 -0.9038672 0 -0.4278132
Brain MammaryGland.Involution 0 0 0 0.03694923 0.1265423 -0.4230307 0.1366509 0.895752 -0.9042343 0 -0.4270366
Brain MammaryGland.Lactation 0 0 0 0.04021209 0.02289111 -0.03431653 0.01693172 0.9992676 -0.9994109 0 -0.03432145
Brain MammaryGland.Pregnancy 0 0 0 0.03971583 0.02857193 -0.163272 0.004171492 0.9865723 -0.9865808 0 -0.1632735
Brain MammaryGland.Virgin 0 0 0 0.03971583 0.08780809 -0.163272 0.004171492 0.9865723 -0.9865808 0 -0.1632735
Brain Mesenchymal-Stem-Cell-Cultured 0 0 0 0.04033246 0.0109813 0.05644158 0.06422738 0.9963379 -0.9983993 0 0.05655836
Brain Bone_Marrow_Mesenchyme 0 0 0 0.03944079 0.05496683 -0.2136004 0.03431214 0.9763184 -0.9768936 0 -0.2137263
Brain Muscle 0 0 0 0.03117395 0.1212342 -0.6801735 0.03577337 0.7321777 -0.7326467 0 -0.6806092
Brain Neonatal-Calvaria 0 0 0 0.04021209 0.04006123 -0.03431653 0.01693172 0.9992676 -0.9994109 0 -0.03432145
Brain Neonatal-Heart 0 0 0 0.04021209 0.01532468 -0.03431653 0.01693172 0.9992676 -0.9994109 0 -0.03432145
Brain Neonatal-Muscle 0 0 0 0.03944079 0.0486126 -0.2136004 0.03431214 0.9763184 -0.9768936 0 -0.2137263
Brain Neonatal-Rib 0 0 0 0.03944079 0.07144807 -0.2136004 0.03431214 0.9763184 -0.9768936 0 -0.2137263
Brain Neonatal-Skin 0 0 0 0.04021209 0.01693113 -0.03431653 0.01693172 0.9992676 -0.9994109 0 -0.03432145
Brain Ovary 0 0 0 0.03883794 0.1164025 -0.2801453 0.02150143 0.9597168 -0.9599388 0 -0.28021
Brain Pancreas 0 0 0 0.04021209 0.02269883 -0.03431653 0.01693172 0.9992676 -0.9994109 0 -0.03432145
Brain Peripheral_Blood 0 0 0 0.03346735 0.0804616 -0.5963449 0.01955031 0.8024902 -0.8026436 0 -0.5964589
Brain Placenta 0 0 0 0.04021209 0.01835931 -0.03431653 0.01693172 0.9992676 -0.9994109 0 -0.03432145
Brain Prostate 0 0 0 0.04021209 0.003107555 -0.03431653 0.01693172 0.9992676 -0.9994109 0 -0.03432145
Brain Small-Intestine 0 0 0 0.04021209 0.03858032 -0.03431653 0.01693172 0.9992676 -0.9994109 0 -0.03432145
Brain Spleen 0 0 0 0.04021209 0.02269476 -0.03431653 0.01693172 0.9992676 -0.9994109 0 -0.03432145
Brain Stomach 0 0 0 0.04021209 0.01017712 -0.03431653 0.01693172 0.9992676 -0.9994109 0 -0.03432145
Brain Testis 0 0 0 0.04021209 0.02890335 -0.03431653 0.01693172 0.9992676 -0.9994109 0 -0.03432145
Brain Thymus 0 0 0 0.04021209 0.01411497 -0.03431653 0.01693172 0.9992676 -0.9994109 0 -0.03432145
Brain Trophoblast-Stem-Cell 0 0 0 0.04021209 0.02079854 -0.03431653 0.01693172 0.9992676 -0.9994109 0 -0.03432145
Brain Uterus 0 0 0 0.03625217 0.1472075 -0.4640035 0.1086064 0.8791504 -0.8843817 0 -0.4667645
Embryonic-Mesenchyme Embryonic-Stem-Cell 0 0 0 0.04709638 0.01473943 -0.03431653 0.01693172 0.9992676 -0.9994109 0 -0.03432145
Embryonic-Mesenchyme Fetal_Brain 0.006108982 0.1547737 0.5269617 0.03947043 0.01159284 0.5980622 0.6941278 0.4006348 -0.5565518 0 0.8308129
Embryonic-Mesenchyme Fetal_Intestine 0.01527457 0.3225817 0.4384809 0.04735102 0.03483521 -0.02841646 0.9726068 -0.2307129 0.9925001 0 -0.1222443
Embryonic-Mesenchyme Fetal-Liver 0.01107529 0.2165843 0.3327522 0.05113618 0.03328391 -0.6799656 0.1934125 -0.7072753 0.7208875 0 -0.6930521
Embryonic-Mesenchyme Fetal_Lung 0.01969196 0.4922653 0.7434673 0.04000274 0.02648665 -0.1392371 0.6223399 0.7702637 -0.9840517 0 -0.1778826
Embryonic-Mesenchyme Fetal_Stomache 0.02555674 0.5759946 0.750679 0.04436976 0.03404483 -0.5769202 0.2675785 0.7717285 -0.8009337 0 -0.598753
Embryonic-Mesenchyme Fetal_Kidney 0 0 0 0.04709638 0.008287401 -0.03431653 0.01693172 0.9992676 -0.9994109 0 -0.03432145
Embryonic-Mesenchyme Kidney 0 0 0 0.04806649 0.03376947 0.04742682 0.01380628 0.9987793 -0.9988745 0 0.04743133
Embryonic-Mesenchyme Liver 0 0 0 0.04801408 0.02236968 0.1755089 0.06725698 0.9821777 -0.9844068 0 0.1759073
Embryonic-Mesenchyme Lung 0 0 0 0.0459394 0.04512662 0.2224071 0.1744011 0.9592285 -0.9741578 0 0.2258686
Embryonic-Mesenchyme MammaryGland.Involution 0 0 0 0.04268198 0.1264102 0.5126871 0.3320948 0.791748 -0.8393866 0 0.5435349
Embryonic-Mesenchyme MammaryGland.Lactation 0 0 0 0.04598141 0.02296572 -0.1153257 0.02846082 0.9929199 -0.9933223 0 -0.1153724
Embryonic-Mesenchyme MammaryGland.Pregnancy 0 0 0 0.04395069 0.02800241 0.4692509 0.2328714 0.8518066 -0.8758869 0 0.4825164
Embryonic-Mesenchyme MammaryGland.Virgin 0 0 0 0.04289873 0.08931389 -0.6017814 0.1010978 0.7922363 -0.7963163 0 -0.6048805
Embryonic-Mesenchyme Mesenchymal-Stem-Cell-Cultured 0 0 0 0.04088824 0.011502 -0.2569189 0.2797809 0.9250488 -0.9635284 0 -0.267606
Embryonic-Mesenchyme Bone_Marrow_Mesenchyme 0.0005784034 0.0128508 0.01463461 0.04500913 0.03952296 0.3314807 0.7899364 -0.5158691 0.8412893 0 0.5405851
Embryonic-Mesenchyme Muscle 0.01438325 0.2745638 0.1491489 0.0523858 0.09643548 -0.1549444 0.7208619 -0.6755371 0.9746903 0 -0.2235596
Embryonic-Mesenchyme Neonatal-Calvaria 0 0 0 0.04103241 0.03888797 -0.4880287 0.006581897 0.8728027 -0.8728217 0 -0.4880393
Embryonic-Mesenchyme Neonatal-Heart 0 0 0 0.04400762 0.01495879 -0.1010978 0.1390777 0.9851074 -0.9947752 0 -0.10209
Embryonic-Mesenchyme Neonatal-Muscle 0.004161201 0.1047105 0.09890437 0.03974005 0.04207298 -0.0843403 0.6113344 0.7868652 -0.9943047 0 -0.1065747
Embryonic-Mesenchyme Neonatal-Rib 0.002870471 0.07571493 0.06003694 0.03791156 0.04781175 0.6857941 0.7238243 0.07592774 -0.1100427 0 0.9939268
Embryonic-Mesenchyme Neonatal-Skin 0 0 0 0.04709638 0.01693113 -0.03431653 0.01693172 0.9992676 -0.9994109 0 -0.03432145
Embryonic-Mesenchyme Ovary 0.02124173 0.5037513 0.2391513 0.0421671 0.08882131 0.6186911 0.6247737 -0.4763183 0.6100342 0 0.7923751
Embryonic-Mesenchyme Pancreas 0 0 0 0.04709638 0.02269883 -0.03431653 0.01693172 0.9992676 -0.9994109 0 -0.03432145
Embryonic-Mesenchyme Peripheral_Blood 0 0 0 0.04998572 0.05488634 0.8680545 0.01140375 0.4963379 -0.4963702 0 0.868111
Embryonic-Mesenchyme Placenta 0 0 0 0.04709638 0.01835931 -0.03431653 0.01693172 0.9992676 -0.9994109 0 -0.03432145
Embryonic-Mesenchyme Prostate 0 0 0 0.04709638 0.003107555 -0.03431653 0.01693172 0.9992676 -0.9994109 0 -0.03432145
Embryonic-Mesenchyme Small-Intestine 0 0 0 0.04656608 0.03936223 -0.01288601 0.06498964 0.9978027 -0.9999166 0 -0.01291331
Embryonic-Mesenchyme Spleen 0 0 0 0.04103241 0.02428684 -0.4880287 0.006581897 0.8728027 -0.8728217 0 -0.4880393
Embryonic-Mesenchyme Stomach 0 0 0 0.04709638 0.01017712 -0.03431653 0.01693172 0.9992676 -0.9994109 0 -0.03432145
Embryonic-Mesenchyme Testis 0 0 0 0.04709638 0.02890335 -0.03431653 0.01693172 0.9992676 -0.9994109 0 -0.03432145
Embryonic-Mesenchyme Thymus 0 0 0 0.04578624 0.01396071 -0.06643912 0.06958211 0.9953613 -0.9977797 0 -0.06660055
Embryonic-Mesenchyme Trophoblast-Stem-Cell 0 0 0 0.04709638 0.02079854 -0.03431653 0.01693172 0.9992676 -0.9994109 0 -0.03432145
Embryonic-Mesenchyme Uterus 0.01259945 0.2802238 0.1053728 0.0449621 0.1195702 0.2915881 0.8600382 -0.4187012 0.8206132 0 0.571484
Embryonic-Stem-Cell Fetal_Brain 0 0 0 0.01473943 0.01958983 -0.03431653 0.01693172 0.9992676 -0.9994109 0 -0.03432145
Embryonic-Stem-Cell Fetal_Intestine 0 0 0 0.01473943 0.03262874 -0.03431653 0.01693172 0.9992676 -0.9994109 0 -0.03432145
Embryonic-Stem-Cell Fetal-Liver 0 0 0 0.01473943 0.0340731 -0.03431653 0.01693172 0.9992676 -0.9994109 0 -0.03432145
Embryonic-Stem-Cell Fetal_Lung 0 0 0 0.01473943 0.02682054 -0.03431653 0.01693172 0.9992676 -0.9994109 0 -0.03432145
Embryonic-Stem-Cell Fetal_Stomache 0 0 0 0.01473943 0.0391334 -0.03431653 0.01693172 0.9992676 -0.9994109 0 -0.03432145
Embryonic-Stem-Cell Fetal_Kidney 0 0 0 0.01473943 0.008287401 -0.03431653 0.01693172 0.9992676 -0.9994109 0 -0.03432145
Embryonic-Stem-Cell Kidney 0 0 0 0.01473943 0.03348349 -0.03431653 0.01693172 0.9992676 -0.9994109 0 -0.03432145
Embryonic-Stem-Cell Liver 0 0 0 0.01473943 0.02223135 -0.03431653 0.01693172 0.9992676 -0.9994109 0 -0.03432145
Embryonic-Stem-Cell Lung 0 0 0 0.01473943 0.04770849 -0.03431653 0.01693172 0.9992676 -0.9994109 0 -0.03432145
Embryonic-Stem-Cell MammaryGland.Involution 0 0 0 0.01519779 0.1532587 0.1493689 0.02250491 0.9885254 -0.9887758 0 0.1494068
Embryonic-Stem-Cell MammaryGland.Lactation 0 0 0 0.01519779 0.02252814 0.1493689 0.02250491 0.9885254 -0.9887758 0 0.1494068
Embryonic-Stem-Cell MammaryGland.Pregnancy 0 0 0 0.01473943 0.02930005 -0.03431653 0.01693172 0.9992676 -0.9994109 0 -0.03432145
Embryonic-Stem-Cell MammaryGland.Virgin 0 0 0 0.01493964 0.08420292 0.04742682 0.01380628 0.9987793 -0.9988745 0 0.04743133
Embryonic-Stem-Cell Mesenchymal-Stem-Cell-Cultured 0 0 0 0.01473943 0.01093641 -0.03431653 0.01693172 0.9992676 -0.9994109 0 -0.03432145
Embryonic-Stem-Cell Bone_Marrow_Mesenchyme 0 0 0 0.01473943 0.05325259 -0.03431653 0.01693172 0.9992676 -0.9994109 0 -0.03432145
Embryonic-Stem-Cell Muscle 0 0 0 0.01473943 0.09548143 -0.03431653 0.01693172 0.9992676 -0.9994109 0 -0.03432145
Embryonic-Stem-Cell Neonatal-Calvaria 0 0 0 0.01550418 0.03708116 0.2728818 0.02695352 0.9616699 -0.9620194 0 0.272981
Embryonic-Stem-Cell Neonatal-Heart 0 0 0 0.01556588 0.01688474 0.3215272 0.05887337 0.9450684 -0.9467105 0 0.3220858
Embryonic-Stem-Cell Neonatal-Muscle 0 0 0 0.01533413 0.04835213 0.2073021 0.003277564 0.9782715 -0.9782767 0 0.2073032
Embryonic-Stem-Cell Neonatal-Rib 0 0 0 0.01533413 0.07258022 0.2073021 0.003277564 0.9782715 -0.9782767 0 0.2073032
Embryonic-Stem-Cell Neonatal-Skin 0 0 0 0.01504337 0.0170467 0.1077844 0.05883846 0.9924316 -0.994154 0 0.1079714
Embryonic-Stem-Cell Ovary 0 0 0 0.0156969 0.1065061 0.3927413 0.05137501 0.9182129 -0.919427 0 0.3932606
Embryonic-Stem-Cell Pancreas 0 0 0 0.01473943 0.02269883 -0.03431653 0.01693172 0.9992676 -0.9994109 0 -0.03432145
Embryonic-Stem-Cell Peripheral_Blood 0 0 0 0.01493964 0.06725393 0.04742682 0.01380628 0.9987793 -0.9988745 0 0.04743133
Embryonic-Stem-Cell Placenta 0 0 0 0.01473384 0.01732452 -0.01288601 0.06498964 0.9978027 -0.9999166 0 -0.01291331
Embryonic-Stem-Cell Prostate 0 0 0 0.01473943 0.003107555 -0.03431653 0.01693172 0.9992676 -0.9994109 0 -0.03432145
Embryonic-Stem-Cell Small-Intestine 0 0 0 0.01473384 0.03936223 -0.01288601 0.06498964 0.9978027 -0.9999166 0 -0.01291331
Embryonic-Stem-Cell Spleen 0 0 0 0.01473943 0.02269476 -0.03431653 0.01693172 0.9992676 -0.9994109 0 -0.03432145
Embryonic-Stem-Cell Stomach 0 0 0 0.01473943 0.01017712 -0.03431653 0.01693172 0.9992676 -0.9994109 0 -0.03432145
Embryonic-Stem-Cell Testis 0 0 0 0.01473943 0.02890335 -0.03431653 0.01693172 0.9992676 -0.9994109 0 -0.03432145
Embryonic-Stem-Cell Thymus 0 0 0 0.01519779 0.01411591 0.1493689 0.02250491 0.9885254 -0.9887758 0 0.1494068
Embryonic-Stem-Cell Trophoblast-Stem-Cell 0 0 0 0.0146178 0.02085765 -0.06643912 0.06958211 0.9953613 -0.9977797 0 -0.06660055
Embryonic-Stem-Cell Uterus 0 0 0 0.01582432 0.1827899 0.4518901 0.03573929 0.8913574 -0.8919272 0 0.452179
Fetal_Brain Fetal_Intestine 0.005463829 0.3617587 0.1444053 0.01510352 0.03783678 -0.5426527 0.7029855 0.4597168 -0.646392 0 -0.7630054
Fetal_Brain Fetal-Liver 0.0003858358 0.03447054 0.009990163 0.0111932 0.03862157 0.6429136 0.7346884 0.2165528 -0.3192088 0 0.9476843
Fetal_Brain Fetal_Lung 0.004466124 0.3623058 0.1487871 0.01232695 0.03001688 0.0683542 0.7901185 0.6091309 -0.9937626 0 0.111516
Fetal_Brain Fetal_Stomache 0.00473966 0.2920664 0.1179207 0.01622802 0.04019362 -0.6477974 0.5775139 0.4968262 -0.6085715 0 -0.793499
Fetal_Brain Fetal_Kidney 0 0 0 0.01958983 0.008287401 -0.03431653 0.01693172 0.9992676 -0.9994109 0 -0.03432145
Fetal_Brain Kidney 0 0 0 0.01985979 0.03376947 0.04742682 0.01380628 0.9987793 -0.9988745 0 0.04743133
Fetal_Brain Liver 0 0 0 0.01985979 0.02231061 0.04742682 0.01380628 0.9987793 -0.9988745 0 0.04743133
Fetal_Brain Lung 0 0 0 0.0198372 0.04601358 0.23438 0.1128214 0.9655762 -0.9717807 0 0.2358861
Fetal_Brain MammaryGland.Involution 0 0 0 0.01996671 0.1200949 -0.4045722 0.265083 0.8752441 -0.9077172 0 -0.4195826
Fetal_Brain MammaryGland.Lactation 0 0 0 0.01958983 0.02289111 -0.03431653 0.01693172 0.9992676 -0.9994109 0 -0.03432145
Fetal_Brain MammaryGland.Pregnancy 0 0 0 0.02049351 0.03049155 0.3547372 0.01683701 0.9348145 -0.934947 0 0.3547874
Fetal_Brain MammaryGland.Virgin 0 0 0 0.02025785 0.08791799 -0.3232228 0.1158166 0.939209 -0.9455721 0 -0.3254126
Fetal_Brain Mesenchymal-Stem-Cell-Cultured 0 0 0 0.01847177 0.01134772 0.200275 0.2885672 0.9362793 -0.9778786 0 0.2091733
Fetal_Brain Bone_Marrow_Mesenchyme 0 0 0 0.02063876 0.05462601 -0.4880287 0.006581897 0.8728027 -0.8728217 0 -0.4880393
Fetal_Brain Muscle 7.129987E-05 0.004280924 0.0007369219 0.01665525 0.09675364 -0.8130654 0.5432752 0.2092285 -0.2492137 0 -0.9684485
Fetal_Brain Neonatal-Calvaria 0 0 0 0.01937773 0.04037124 -0.1153257 0.02846082 0.9929199 -0.9933223 0 -0.1153724
Fetal_Brain Neonatal-Heart 0 0 0 0.01958983 0.01532468 -0.03431653 0.01693172 0.9992676 -0.9994109 0 -0.03432145
Fetal_Brain Neonatal-Muscle 0 0 0 0.02037859 0.04578243 -0.4230307 0.1366509 0.895752 -0.9042343 0 -0.4270366
Fetal_Brain Neonatal-Rib 0 0 0 0.01972902 0.06826738 -0.4273793 0.3123837 0.8483887 -0.8930821 0 -0.4498938
Fetal_Brain Neonatal-Skin 0 0 0 0.01958983 0.01693113 -0.03431653 0.01693172 0.9992676 -0.9994109 0 -0.03432145
Fetal_Brain Ovary 0 0 0 0.0195187 0.115245 -0.818154 0.007431732 0.5749512 -0.574967 0 -0.8181766
Fetal_Brain Pancreas 0 0 0 0.01958983 0.02269883 -0.03431653 0.01693172 0.9992676 -0.9994109 0 -0.03432145
Fetal_Brain Peripheral_Blood 0 0 0 0.02008123 0.05377449 0.4782434 0.0780088 0.8747559 -0.8774297 0 0.4797053
Fetal_Brain Placenta 0 0 0 0.01958983 0.01835931 -0.03431653 0.01693172 0.9992676 -0.9994109 0 -0.03432145
Fetal_Brain Prostate 0 0 0 0.01958983 0.003107555 -0.03431653 0.01693172 0.9992676 -0.9994109 0 -0.03432145
Fetal_Brain Small-Intestine 0 0 0 0.01931754 0.03940338 -0.06643912 0.06958211 0.9953613 -0.9977797 0 -0.06660055
Fetal_Brain Spleen 0 0 0 0.01958983 0.02269476 -0.03431653 0.01693172 0.9992676 -0.9994109 0 -0.03432145
Fetal_Brain Stomach 0 0 0 0.01958983 0.01017712 -0.03431653 0.01693172 0.9992676 -0.9994109 0 -0.03432145
Fetal_Brain Testis 0 0 0 0.01958983 0.02890335 -0.03431653 0.01693172 0.9992676 -0.9994109 0 -0.03432145
Fetal_Brain Thymus 0 0 0 0.01958983 0.01411497 -0.03431653 0.01693172 0.9992676 -0.9994109 0 -0.03432145
Fetal_Brain Trophoblast-Stem-Cell 0 0 0 0.01958983 0.02079854 -0.03431653 0.01693172 0.9992676 -0.9994109 0 -0.03432145
Fetal_Brain Uterus 0 0 0 0.02037659 0.1260001 -0.6801735 0.03577337 0.7321777 -0.7326467 0 -0.6806092
Fetal_Intestine Fetal-Liver 0.005027038 0.1577387 0.1532965 0.0318694 0.0327929 0.6003637 0.1373632 0.7878418 -0.7953814 0 0.6061092
Fetal_Intestine Fetal_Lung 0.02060565 0.6175896 0.7590821 0.03336463 0.02714549 0.7051328 0.05049068 0.7072754 -0.7081786 0 0.7060333
Fetal_Intestine Fetal_Stomache 0.02533789 0.8572202 0.7584852 0.0295582 0.03340591 0.08343651 0.636973 0.7663574 -0.9941254 0 0.1082346
Fetal_Intestine Fetal_Kidney 0 0 0 0.03262874 0.008287401 -0.03431653 0.01693172 0.9992676 -0.9994109 0 -0.03432145
Fetal_Intestine Kidney 0 0 0 0.03262874 0.03348349 -0.03431653 0.01693172 0.9992676 -0.9994109 0 -0.03432145
Fetal_Intestine Liver 0 0 0 0.03296801 0.02231061 0.04742682 0.01380628 0.9987793 -0.9988745 0 0.04743133
Fetal_Intestine Lung 0 0 0 0.03262874 0.04770849 -0.03431653 0.01693172 0.9992676 -0.9994109 0 -0.03432145
Fetal_Intestine MammaryGland.Involution 0 0 0 0.02982622 0.1214027 0.2930611 0.4052366 0.8659668 -0.9472277 0 0.3205615
Fetal_Intestine MammaryGland.Lactation 0 0 0 0.03214113 0.02296572 -0.1153257 0.02846082 0.9929199 -0.9933223 0 -0.1153724
Fetal_Intestine MammaryGland.Pregnancy 0 0 0 0.03220704 0.02834508 0.343151 0.1787279 0.9221191 -0.9372096 0 0.3487667
Fetal_Intestine MammaryGland.Virgin 0 0 0 0.02953261 0.06067936 0.2461928 0.4958767 0.8327637 -0.9589711 0 0.283504
Fetal_Intestine Mesenchymal-Stem-Cell-Cultured 0 0 0 0.0314885 0.01147647 -0.3566344 0.2782502 0.8918457 -0.928514 0 -0.3712974
Fetal_Intestine Bone_Marrow_Mesenchyme 0 0 0 0.03430338 0.03002843 0.8877239 0.1892533 0.4196778 -0.4274016 0 0.9040619
Fetal_Intestine Muscle 0.01156006 0.3151666 0.1198735 0.03667919 0.09643548 -0.1549444 0.7208619 -0.6755371 0.9746903 0 -0.2235596
Fetal_Intestine Neonatal-Calvaria 0 0 0 0.03042696 0.03926034 -0.2719336 0.2264087 0.9353027 -0.9602378 0 -0.2791834
Fetal_Intestine Neonatal-Heart 0 0 0 0.03210054 0.01516198 -0.06643912 0.06958211 0.9953613 -0.9977797 0 -0.06660055
Fetal_Intestine Neonatal-Muscle 4.020206E-05 0.001385211 0.000941935 0.02902234 0.04268029 -0.03247365 0.5944633 0.8034668 -0.9991843 0 -0.04038395
Fetal_Intestine Neonatal-Rib 0.0001024966 0.002530389 0.001919304 0.04050627 0.05340302 -0.8918888 0.3860429 -0.2355957 0.2553936 0 -0.9668372
Fetal_Intestine Neonatal-Skin 0 0 0 0.03262874 0.01693113 -0.03431653 0.01693172 0.9992676 -0.9994109 0 -0.03432145
Fetal_Intestine Ovary 0.01309212 0.3586895 0.1131912 0.03649987 0.1156637 -0.6799656 0.1934125 -0.7072753 0.7208875 0 -0.6930521
Fetal_Intestine Pancreas 0 0 0 0.03262874 0.02269883 -0.03431653 0.01693172 0.9992676 -0.9994109 0 -0.03432145
Fetal_Intestine Peripheral_Blood 0 0 0 0.03335078 0.0532783 0.6600751 0.02648859 0.7507324 -0.750996 0 0.6603068
Fetal_Intestine Placenta 0 0 0 0.03262874 0.01835931 -0.03431653 0.01693172 0.9992676 -0.9994109 0 -0.03432145
Fetal_Intestine Prostate 0 0 0 0.03262874 0.003107555 -0.03431653 0.01693172 0.9992676 -0.9994109 0 -0.03432145
Fetal_Intestine Small-Intestine 0 0 0 0.03262874 0.03858032 -0.03431653 0.01693172 0.9992676 -0.9994109 0 -0.03432145
Fetal_Intestine Spleen 0 0 0 0.03252604 0.02428684 -0.4880287 0.006581897 0.8728027 -0.8728217 0 -0.4880393
Fetal_Intestine Stomach 0 0 0 0.03262874 0.01017712 -0.03431653 0.01693172 0.9992676 -0.9994109 0 -0.03432145
Fetal_Intestine Testis 0 0 0 0.03262874 0.02890335 -0.03431653 0.01693172 0.9992676 -0.9994109 0 -0.03432145
Fetal_Intestine Thymus 0 0 0 0.03210054 0.01396071 -0.06643912 0.06958211 0.9953613 -0.9977797 0 -0.06660055
Fetal_Intestine Trophoblast-Stem-Cell 0 0 0 0.03262874 0.02079854 -0.03431653 0.01693172 0.9992676 -0.9994109 0 -0.03432145
Fetal_Intestine Uterus 0.009053486 0.2727855 0.07036222 0.03318904 0.1286697 0.1479281 0.9520444 -0.2678223 0.8753508 0 0.4834884
Fetal-Liver Fetal_Lung 0.006797054 0.1929849 0.28248 0.03522066 0.02406207 0.5883548 0.3651977 0.7214355 -0.7749622 0 0.6320076
Fetal-Liver Fetal_Stomache 0.008261049 0.1916595 0.2433323 0.04310274 0.03394966 0.8532929 0.5184785 0.05541996 -0.06481179 0 0.9978976
Fetal-Liver Fetal_Kidney 0 0 0 0.0340731 0.008287401 -0.03431653 0.01693172 0.9992676 -0.9994109 0 -0.03432145
Fetal-Liver Kidney 0 0 0 0.0340731 0.03348349 -0.03431653 0.01693172 0.9992676 -0.9994109 0 -0.03432145
Fetal-Liver Liver 0 0 0 0.03005835 0.02222192 0.2289817 0.05414301 0.9719238 -0.9733515 0 0.229318
Fetal-Liver Lung 0.0002180335 0.006181791 0.005731284 0.03527028 0.0380427 -0.726849 0.006400601 -0.6867675 0.6867816 0 -0.7268639
Fetal-Liver MammaryGland.Involution 0 0 0 0.03677452 0.1006693 -0.5536234 0.4388299 0.7077637 -0.7876554 0 -0.616116
Fetal-Liver MammaryGland.Lactation 0 0 0 0.0340731 0.02289111 -0.03431653 0.01693172 0.9992676 -0.9994109 0 -0.03432145
Fetal-Liver MammaryGland.Pregnancy 0 0 0 0.03804531 0.02332196 -0.4626331 0.1760384 0.8688965 -0.8826811 0 -0.4699725
Fetal-Liver MammaryGland.Virgin 0 0 0 0.03804222 0.08860878 -0.5698659 0.1450315 0.8088379 -0.8174811 0 -0.5759555
Fetal-Liver Mesenchymal-Stem-Cell-Cultured 0 0 0 0.03069437 0.0112838 0.2546578 0.2786151 0.9260254 -0.9642051 0 0.2651573
Fetal-Liver Bone_Marrow_Mesenchyme 0.00494575 0.1608417 0.1744381 0.03074918 0.02835247 -0.1871152 0.9462221 -0.263916 0.8157697 0 -0.5783769
Fetal-Liver Muscle 0.007988168 0.2153938 0.07814007 0.03708635 0.1022288 -0.267615 0.1216898 0.9558105 -0.9629672 0 -0.2696187
Fetal-Liver Neonatal-Calvaria 0 0 0 0.03742272 0.03998997 -0.3069578 0.06555232 0.9494629 -0.9515095 0 -0.3076195
Fetal-Liver Neonatal-Heart 0 0 0 0.0340731 0.01532468 -0.03431653 0.01693172 0.9992676 -0.9994109 0 -0.03432145
Fetal-Liver Neonatal-Muscle 0.002953038 0.07859243 0.07330162 0.03757407 0.04028612 -0.7315425 0.3457126 0.5876465 -0.6262615 0 -0.7796131
Fetal-Liver Neonatal-Rib 0.004686257 0.1196122 0.0725069 0.03917875 0.06463189 0.8307732 0.2631476 -0.4904785 0.5083966 0 0.861123
Fetal-Liver Neonatal-Skin 0 0 0 0.0340731 0.01693113 -0.03431653 0.01693172 0.9992676 -0.9994109 0 -0.03432145
Fetal-Liver Ovary 0.006244614 0.2179127 0.06307814 0.0286565 0.09899808 -0.1377226 0.3231308 -0.9362793 0.9893539 0 -0.1455297
Fetal-Liver Pancreas 0 0 0 0.0340731 0.02269883 -0.03431653 0.01693172 0.9992676 -0.9994109 0 -0.03432145
Fetal-Liver Peripheral_Blood 0.006244604 0.2375971 0.06554509 0.02628232 0.09527189 0.07042352 0.880649 -0.4685059 0.9888906 0 0.1486452
Fetal-Liver Placenta 0 0 0 0.0340731 0.01835931 -0.03431653 0.01693172 0.9992676 -0.9994109 0 -0.03432145
Fetal-Liver Prostate 0 0 0 0.0340731 0.003107555 -0.03431653 0.01693172 0.9992676 -0.9994109 0 -0.03432145
Fetal-Liver Small-Intestine 0 0 0 0.0340731 0.03858032 -0.03431653 0.01693172 0.9992676 -0.9994109 0 -0.03432145
Fetal-Liver Spleen 0 0 0 0.0379214 0.02386465 -0.4001794 0.01801315 0.9162598 -0.9164084 0 -0.4002444
Fetal-Liver Stomach 0 0 0 0.0340731 0.01017712 -0.03431653 0.01693172 0.9992676 -0.9994109 0 -0.03432145
Fetal-Liver Testis 0 0 0 0.0340731 0.02890335 -0.03431653 0.01693172 0.9992676 -0.9994109 0 -0.03432145
Fetal-Liver Thymus 0 0 0 0.0340731 0.01411497 -0.03431653 0.01693172 0.9992676 -0.9994109 0 -0.03432145
Fetal-Liver Trophoblast-Stem-Cell 0 0 0 0.0340731 0.02079854 -0.03431653 0.01693172 0.9992676 -0.9994109 0 -0.03432145
Fetal-Liver Uterus 0.01468087 0.4565302 0.1316646 0.0321575 0.111502 0.5749223 0.5374433 -0.6169433 0.7315823 0 0.681753
Fetal_Lung Fetal_Stomache 0.01387629 0.4794712 0.3159041 0.02894082 0.04392564 -0.3783058 0.04552578 -0.9245605 0.9255201 0 -0.3786985
Fetal_Lung Fetal_Kidney 0 0 0 0.02682054 0.008287401 -0.03431653 0.01693172 0.9992676 -0.9994109 0 -0.03432145
Fetal_Lung Kidney 0 0 0 0.02682054 0.03348349 -0.03431653 0.01693172 0.9992676 -0.9994109 0 -0.03432145
Fetal_Lung Liver 0 0 0 0.02748101 0.02231061 0.04742682 0.01380628 0.9987793 -0.9988745 0 0.04743133
Fetal_Lung Lung 0 0 0 0.02682054 0.04770849 -0.03431653 0.01693172 0.9992676 -0.9994109 0 -0.03432145
Fetal_Lung MammaryGland.Involution 0 0 0 0.02475315 0.1238426 0.3564955 0.3750552 0.8557129 -0.9230967 0 0.384568
Fetal_Lung MammaryGland.Lactation 0 0 0 0.02610964 0.02295039 -0.06643912 0.06958211 0.9953613 -0.9977797 0 -0.06660055
Fetal_Lung MammaryGland.Pregnancy 0 0 0 0.02465847 0.02352478 0.03835203 0.4194187 0.9069824 -0.9991072 0 0.04224756
Fetal_Lung MammaryGland.Virgin 0 0 0 0.02440243 0.06291677 0.3408805 0.4239017 0.8391113 -0.9264699 0 0.376369
Fetal_Lung Mesenchymal-Stem-Cell-Cultured 0 0 0 0.0249716 0.01158522 -0.2932903 0.3933842 0.8713379 -0.9477511 0 -0.3190108
Fetal_Lung Bone_Marrow_Mesenchyme 0 0 0 0.02499209 0.02910605 0.9373564 0.1317216 0.3225097 -0.3253445 0 0.9455956
Fetal_Lung Muscle 0.01163772 0.4798474 0.1016589 0.02425296 0.1144782 0.2035132 0.4686548 0.8596191 -0.9731008 0 0.2303797
Fetal_Lung Neonatal-Calvaria 0 0 0 0.02389091 0.03956009 -0.2756583 0.1730177 0.9455566 -0.9600352 0 -0.2798792
Fetal_Lung Neonatal-Heart 0 0 0 0.02682054 0.01532468 -0.03431653 0.01693172 0.9992676 -0.9994109 0 -0.03432145
Fetal_Lung Neonatal-Muscle 0 0 0 0.02465706 0.0455605 0.1834841 0.3883131 0.9030762 -0.9799774 0 0.1991086
Fetal_Lung Neonatal-Rib 0 0 0 0.03232191 0.0499962 0.4239083 0.8741304 0.2370606 -0.4880891 0 0.8727938
Fetal_Lung Neonatal-Skin 0 0 0 0.02682054 0.01693113 -0.03431653 0.01693172 0.9992676 -0.9994109 0 -0.03432145
Fetal_Lung Ovary 0.01200133 0.4855554 0.1031673 0.02471672 0.1163288 -0.3566344 0.2782502 0.8918457 -0.928514 0 -0.3712974
Fetal_Lung Pancreas 0 0 0 0.02682054 0.02269883 -0.03431653 0.01693172 0.9992676 -0.9994109 0 -0.03432145
Fetal_Lung Peripheral_Blood 8.664698E-05 0.003233772 0.0009997173 0.0267944 0.08667148 0.8463787 0.3864631 -0.366455 0.3973253 0 0.9176778
Fetal_Lung Placenta 0 0 0 0.02682054 0.01835931 -0.03431653 0.01693172 0.9992676 -0.9994109 0 -0.03432145
Fetal_Lung Prostate 0 0 0 0.02682054 0.003107555 -0.03431653 0.01693172 0.9992676 -0.9994109 0 -0.03432145
Fetal_Lung Small-Intestine 0 0 0 0.02682054 0.03858032 -0.03431653 0.01693172 0.9992676 -0.9994109 0 -0.03432145
Fetal_Lung Spleen 0 0 0 0.02395719 0.0239562 -0.4550163 0.0438203 0.8894043 -0.8902594 0 -0.4554538
Fetal_Lung Stomach 0 0 0 0.02682054 0.01017712 -0.03431653 0.01693172 0.9992676 -0.9994109 0 -0.03432145
Fetal_Lung Testis 0 0 0 0.02682054 0.02890335 -0.03431653 0.01693172 0.9992676 -0.9994109 0 -0.03432145
Fetal_Lung Thymus 0 0 0 0.02610964 0.01396071 -0.06643912 0.06958211 0.9953613 -0.9977797 0 -0.06660055
Fetal_Lung Trophoblast-Stem-Cell 0 0 0 0.02682054 0.02079854 -0.03431653 0.01693172 0.9992676 -0.9994109 0 -0.03432145
Fetal_Lung Uterus 0.007200023 0.2776071 0.06351052 0.02593602 0.1133674 0.9695891 0.1804953 0.1652832 -0.1680432 0 0.9857796
Fetal_Stomache Fetal_Kidney 0 0 0 0.0391334 0.008287401 -0.03431653 0.01693172 0.9992676 -0.9994109 0 -0.03432145
Fetal_Stomache Kidney 0 0 0 0.0391334 0.03348349 -0.03431653 0.01693172 0.9992676 -0.9994109 0 -0.03432145
Fetal_Stomache Liver 0 0 0 0.04130425 0.02236968 0.1755089 0.06725698 0.9821777 -0.9844068 0 0.1759073
Fetal_Stomache Lung 0 0 0 0.03970993 0.04543552 0.1710274 0.1756515 0.9694824 -0.9847935 0 0.1737285
Fetal_Stomache MammaryGland.Involution 0 0 0 0.03736563 0.1222479 0.4533927 0.3888803 0.802002 -0.8705222 0 0.4921291
Fetal_Stomache MammaryGland.Lactation 0 0 0 0.03792421 0.02295039 -0.06643912 0.06958211 0.9953613 -0.9977797 0 -0.06660055
Fetal_Stomache MammaryGland.Pregnancy 0 0 0 0.03255238 0.02233307 -0.3300464 0.3374392 0.8815918 -0.9365213 0 -0.3506107
Fetal_Stomache MammaryGland.Virgin 0 0 0 0.03252343 0.08860878 -0.5698659 0.1450315 0.8088379 -0.8174811 0 -0.5759555
Fetal_Stomache Mesenchymal-Stem-Cell-Cultured 0 0 0 0.03204213 0.011502 -0.2569189 0.2797809 0.9250488 -0.9635284 0 -0.267606
Fetal_Stomache Bone_Marrow_Mesenchyme 0 0 0 0.04112468 0.0281385 0.9866806 0.04926628 0.1550293 -0.1552178 0 0.9878803
Fetal_Stomache Muscle 0.01396006 0.4442849 0.1036916 0.03142141 0.1346305 0.6159688 0.5400888 -0.5734862 0.6814173 0 0.7318951
Fetal_Stomache Neonatal-Calvaria 0 0 0 0.0326038 0.03967026 -0.3232228 0.1158166 0.939209 -0.9455721 0 -0.3254126
Fetal_Stomache Neonatal-Heart 0 0 0 0.0391334 0.01532468 -0.03431653 0.01693172 0.9992676 -0.9994109 0 -0.03432145
Fetal_Stomache Neonatal-Muscle 0.001357707 0.03621821 0.03461044 0.03748687 0.03922827 -0.6438879 0.4471623 0.6208496 -0.694111 0 -0.7198679
Fetal_Stomache Neonatal-Rib 0.0009149952 0.02719958 0.01712507 0.03364005 0.05343015 0.3384918 0.9409427 -0.007080063 0.02091192 0 0.9997814
Fetal_Stomache Neonatal-Skin 0 0 0 0.0391334 0.01693113 -0.03431653 0.01693172 0.9992676 -0.9994109 0 -0.03432145
Fetal_Stomache Ovary 0.01562891 0.4961208 0.175959 0.03150222 0.08882131 0.6186911 0.6247737 -0.4763183 0.6100342 0 0.7923751
Fetal_Stomache Pancreas 0 0 0 0.0391334 0.02269883 -0.03431653 0.01693172 0.9992676 -0.9994109 0 -0.03432145
Fetal_Stomache Peripheral_Blood 0.000105438 0.002592936 0.001198156 0.04066354 0.08800022 -0.1205174 0.8717738 -0.4748536 0.9692699 0 -0.2459997
Fetal_Stomache Placenta 0 0 0 0.0391334 0.01835931 -0.03431653 0.01693172 0.9992676 -0.9994109 0 -0.03432145
Fetal_Stomache Prostate 0 0 0 0.0391334 0.003107555 -0.03431653 0.01693172 0.9992676 -0.9994109 0 -0.03432145
Fetal_Stomache Small-Intestine 0 0 0 0.0391334 0.03858032 -0.03431653 0.01693172 0.9992676 -0.9994109 0 -0.03432145
Fetal_Stomache Spleen 0 0 0 0.03218076 0.02428684 -0.4880287 0.006581897 0.8728027 -0.8728217 0 -0.4880393
Fetal_Stomache Stomach 0 0 0 0.0391334 0.01017712 -0.03431653 0.01693172 0.9992676 -0.9994109 0 -0.03432145
Fetal_Stomache Testis 0 0 0 0.0391334 0.02890335 -0.03431653 0.01693172 0.9992676 -0.9994109 0 -0.03432145
Fetal_Stomache Thymus 0 0 0 0.03792421 0.01396071 -0.06643912 0.06958211 0.9953613 -0.9977797 0 -0.06660055
Fetal_Stomache Trophoblast-Stem-Cell 0 0 0 0.0391334 0.02079854 -0.03431653 0.01693172 0.9992676 -0.9994109 0 -0.03432145
Fetal_Stomache Uterus 0.01097332 0.3455254 0.1195636 0.03175836 0.09177809 0.6362455 0.7244063 -0.2653809 0.3849597 0 0.9229334
Fetal_Kidney Kidney 0.002968469 1 0.1626682 0.002968469 0.01824861 -0.9688419 0.2327409 -0.08471674 0.08710887 0 -0.9961988
Fetal_Kidney Liver 0 0 0 0.007865034 0.02184499 -0.2136004 0.03431214 0.9763184 -0.9768936 0 -0.2137263
Fetal_Kidney Lung 0 0 0 0.008515915 0.04113576 0.569857 0.03388599 0.8210449 -0.8215167 0 0.5701845
Fetal_Kidney MammaryGland.Involution 0 0 0 0.008107368 0.1492365 -0.1153257 0.02846082 0.9929199 -0.9933223 0 -0.1153724
Fetal_Kidney MammaryGland.Lactation 0 0 0 0.008287401 0.02289111 -0.03431653 0.01693172 0.9992676 -0.9994109 0 -0.03432145
Fetal_Kidney MammaryGland.Pregnancy 0 0 0 0.008287401 0.02930005 -0.03431653 0.01693172 0.9992676 -0.9994109 0 -0.03432145
Fetal_Kidney MammaryGland.Virgin 0 0 0 0.008287401 0.08582392 -0.03431653 0.01693172 0.9992676 -0.9994109 0 -0.03432145
Fetal_Kidney Mesenchymal-Stem-Cell-Cultured 0 0 0 0.008287401 0.01093641 -0.03431653 0.01693172 0.9992676 -0.9994109 0 -0.03432145
Fetal_Kidney Bone_Marrow_Mesenchyme 0 0 0 0.008287401 0.05325259 -0.03431653 0.01693172 0.9992676 -0.9994109 0 -0.03432145
Fetal_Kidney Muscle 0 0 0 0.008287401 0.09548143 -0.03431653 0.01693172 0.9992676 -0.9994109 0 -0.03432145
Fetal_Kidney Neonatal-Calvaria 0 0 0 0.008287401 0.04006123 -0.03431653 0.01693172 0.9992676 -0.9994109 0 -0.03432145
Fetal_Kidney Neonatal-Heart 0 0 0 0.008287401 0.01532468 -0.03431653 0.01693172 0.9992676 -0.9994109 0 -0.03432145
Fetal_Kidney Neonatal-Muscle 0 0 0 0.008287401 0.04957076 -0.03431653 0.01693172 0.9992676 -0.9994109 0 -0.03432145
Fetal_Kidney Neonatal-Rib 0 0 0 0.008287401 0.07348084 -0.03431653 0.01693172 0.9992676 -0.9994109 0 -0.03432145
Fetal_Kidney Neonatal-Skin 0 0 0 0.008287401 0.01693113 -0.03431653 0.01693172 0.9992676 -0.9994109 0 -0.03432145
Fetal_Kidney Ovary 0 0 0 0.008287401 0.1058777 -0.03431653 0.01693172 0.9992676 -0.9994109 0 -0.03432145
Fetal_Kidney Pancreas 0 0 0 0.008287401 0.02269883 -0.03431653 0.01693172 0.9992676 -0.9994109 0 -0.03432145
Fetal_Kidney Peripheral_Blood 0 0 0 0.008287401 0.06963162 -0.03431653 0.01693172 0.9992676 -0.9994109 0 -0.03432145
Fetal_Kidney Placenta 0 0 0 0.008287401 0.01835931 -0.03431653 0.01693172 0.9992676 -0.9994109 0 -0.03432145
Fetal_Kidney Prostate 0 0 0 0.008287401 0.003107555 -0.03431653 0.01693172 0.9992676 -0.9994109 0 -0.03432145
Fetal_Kidney Small-Intestine 0 0 0 0.008287401 0.03858032 -0.03431653 0.01693172 0.9992676 -0.9994109 0 -0.03432145
Fetal_Kidney Spleen 0 0 0 0.008287401 0.02269476 -0.03431653 0.01693172 0.9992676 -0.9994109 0 -0.03432145
Fetal_Kidney Stomach 0 0 0 0.008287401 0.01017712 -0.03431653 0.01693172 0.9992676 -0.9994109 0 -0.03432145
Fetal_Kidney Testis 0 0 0 0.008287401 0.02890335 -0.03431653 0.01693172 0.9992676 -0.9994109 0 -0.03432145
Fetal_Kidney Thymus 0 0 0 0.008287401 0.01411497 -0.03431653 0.01693172 0.9992676 -0.9994109 0 -0.03432145
Fetal_Kidney Trophoblast-Stem-Cell 0 0 0 0.008287401 0.02079854 -0.03431653 0.01693172 0.9992676 -0.9994109 0 -0.03432145
Fetal_Kidney Uterus 0.0001684337 0.0443365 0.00107106 0.003798985 0.1572589 -0.6833608 0.4555033 -0.5705566 0.6409062 0 -0.7676191
Kidney Liver 0 0 0 0.01841386 0.02044407 0.9971997 0.06237281 0.04125981 -0.0413403 0 0.9991451
Kidney Lung 5.3771E-05 0.002084956 0.001717226 0.02578999 0.03131272 -0.5002645 0.8259119 -0.2600098 0.4611744 0 -0.8873096
Kidney MammaryGland.Involution 0.002701175 0.1039851 0.03053541 0.02597655 0.08846042 -0.5839153 0.8115367 0.02124026 -0.03635155 0 -0.9993391
Kidney MammaryGland.Lactation 0 0 0 0.03348349 0.02289111 -0.03431653 0.01693172 0.9992676 -0.9994109 0 -0.03432145
Kidney MammaryGland.Pregnancy 0 0 0 0.03348349 0.02930005 -0.03431653 0.01693172 0.9992676 -0.9994109 0 -0.03432145
Kidney MammaryGland.Virgin 0 0 0 0.03250306 0.08780809 -0.163272 0.004171492 0.9865723 -0.9865808 0 -0.1632735
Kidney Mesenchymal-Stem-Cell-Cultured 0 0 0 0.03348349 0.01093641 -0.03431653 0.01693172 0.9992676 -0.9994109 0 -0.03432145
Kidney Bone_Marrow_Mesenchyme 0 0 0 0.03348349 0.05325259 -0.03431653 0.01693172 0.9992676 -0.9994109 0 -0.03432145
Kidney Muscle 0 0 0 0.03512872 0.1112779 0.2954749 0.2082668 0.932373 -0.9532765 0 0.3020993
Kidney Neonatal-Calvaria 0 0 0 0.03348349 0.04006123 -0.03431653 0.01693172 0.9992676 -0.9994109 0 -0.03432145
Kidney Neonatal-Heart 0 0 0 0.03348349 0.01532468 -0.03431653 0.01693172 0.9992676 -0.9994109 0 -0.03432145
Kidney Neonatal-Muscle 0 0 0 0.03348349 0.04957076 -0.03431653 0.01693172 0.9992676 -0.9994109 0 -0.03432145
Kidney Neonatal-Rib 0 0 0 0.03348349 0.07348084 -0.03431653 0.01693172 0.9992676 -0.9994109 0 -0.03432145
Kidney Neonatal-Skin 0 0 0 0.03348349 0.01693113 -0.03431653 0.01693172 0.9992676 -0.9994109 0 -0.03432145
Kidney Ovary 0 0 0 0.03348349 0.1058777 -0.03431653 0.01693172 0.9992676 -0.9994109 0 -0.03432145
Kidney Pancreas 0 0 0 0.03348349 0.02269883 -0.03431653 0.01693172 0.9992676 -0.9994109 0 -0.03432145
Kidney Peripheral_Blood 0 0 0 0.03348349 0.06963162 -0.03431653 0.01693172 0.9992676 -0.9994109 0 -0.03432145
Kidney Placenta 0 0 0 0.03348349 0.01835931 -0.03431653 0.01693172 0.9992676 -0.9994109 0 -0.03432145
Kidney Prostate 0 0 0 0.03348349 0.003107555 -0.03431653 0.01693172 0.9992676 -0.9994109 0 -0.03432145
Kidney Small-Intestine 0 0 0 0.03312416 0.03863836 -0.1153257 0.02846082 0.9929199 -0.9933223 0 -0.1153724
Kidney Spleen 0 0 0 0.03348349 0.02269476 -0.03431653 0.01693172 0.9992676 -0.9994109 0 -0.03432145
Kidney Stomach 0 0 0 0.03348349 0.01017712 -0.03431653 0.01693172 0.9992676 -0.9994109 0 -0.03432145
Kidney Testis 0 0 0 0.03348349 0.02890335 -0.03431653 0.01693172 0.9992676 -0.9994109 0 -0.03432145
Kidney Thymus 0 0 0 0.03348349 0.01411497 -0.03431653 0.01693172 0.9992676 -0.9994109 0 -0.03432145
Kidney Trophoblast-Stem-Cell 0 0 0 0.03348349 0.02079854 -0.03431653 0.01693172 0.9992676 -0.9994109 0 -0.03432145
Kidney Uterus 0.006653688 0.2596537 0.04456889 0.02562524 0.14929 -0.6240604 0.7798945 0.0480957 -0.07684111 0 -0.9970434
Liver Lung 0 0 0 0.02139705 0.0428912 0.4782434 0.0780088 0.8747559 -0.8774297 0 0.4797053
Liver MammaryGland.Involution 0.005954585 0.2937843 0.05123495 0.02026856 0.1162211 0.761649 0.2941234 -0.5773926 0.6041142 0 0.7968978
Liver MammaryGland.Lactation 0 0 0 0.02223135 0.02289111 -0.03431653 0.01693172 0.9992676 -0.9994109 0 -0.03432145
Liver MammaryGland.Pregnancy 0.0003679461 0.01822658 0.01673836 0.02018734 0.02198222 -0.3483714 0.486822 0.8010254 -0.9170284 0 -0.3988219
Liver MammaryGland.Virgin 0 0 0 0.02223135 0.08582392 -0.03431653 0.01693172 0.9992676 -0.9994109 0 -0.03432145
Liver Mesenchymal-Stem-Cell-Cultured 0 0 0 0.02231061 0.01083703 0.04742682 0.01380628 0.9987793 -0.9988745 0 0.04743133
Liver Bone_Marrow_Mesenchyme 0 0 0 0.02231061 0.05200912 0.04742682 0.01380628 0.9987793 -0.9988745 0 0.04743133
Liver Muscle 7.41296E-05 0.004040905 0.0006758434 0.0183448 0.1096846 0.1104578 0.876528 0.4685058 -0.9733146 0 0.2294746
Liver Neonatal-Calvaria 0 0 0 0.02223135 0.04006123 -0.03431653 0.01693172 0.9992676 -0.9994109 0 -0.03432145
Liver Neonatal-Heart 0 0 0 0.02223135 0.01532468 -0.03431653 0.01693172 0.9992676 -0.9994109 0 -0.03432145
Liver Neonatal-Muscle 0 0 0 0.02230636 0.04885837 0.1493689 0.02250491 0.9885254 -0.9887758 0 0.1494068
Liver Neonatal-Rib 0 0 0 0.02241849 0.07287022 0.1825098 0.1201907 0.9758301 -0.9829557 0 0.1838425
Liver Neonatal-Skin 0 0 0 0.02223135 0.01693113 -0.03431653 0.01693172 0.9992676 -0.9994109 0 -0.03432145
Liver Ovary 0 0 0 0.02223135 0.1058777 -0.03431653 0.01693172 0.9992676 -0.9994109 0 -0.03432145
Liver Pancreas 0 0 0 0.02223135 0.02269883 -0.03431653 0.01693172 0.9992676 -0.9994109 0 -0.03432145
Liver Peripheral_Blood 0 0 0 0.0224725 0.06751759 0.0169663 0.1090042 0.9938965 -0.9998543 0 0.017068
Liver Placenta 0 0 0 0.02223135 0.01835931 -0.03431653 0.01693172 0.9992676 -0.9994109 0 -0.03432145
Liver Prostate 0 0 0 0.02223135 0.003107555 -0.03431653 0.01693172 0.9992676 -0.9994109 0 -0.03432145
Liver Small-Intestine 0 0 0 0.02223135 0.03858032 -0.03431653 0.01693172 0.9992676 -0.9994109 0 -0.03432145
Liver Spleen 0 0 0 0.02223135 0.02269476 -0.03431653 0.01693172 0.9992676 -0.9994109 0 -0.03432145
Liver Stomach 0 0 0 0.02223135 0.01017712 -0.03431653 0.01693172 0.9992676 -0.9994109 0 -0.03432145
Liver Testis 0 0 0 0.02223135 0.02890335 -0.03431653 0.01693172 0.9992676 -0.9994109 0 -0.03432145
Liver Thymus 0 0 0 0.02223135 0.01411497 -0.03431653 0.01693172 0.9992676 -0.9994109 0 -0.03432145
Liver Trophoblast-Stem-Cell 0 0 0 0.02223135 0.02079854 -0.03431653 0.01693172 0.9992676 -0.9994109 0 -0.03432145
Liver Uterus 0.002423136 0.1288279 0.0206451 0.01880909 0.117371 0.5921134 0.4035864 -0.6975097 0.7623544 0 0.6471598
Lung MammaryGland.Involution 0.0008960086 0.02973562 0.008063072 0.0301325 0.111125 -0.4572848 0.8723121 -0.1730957 0.3540156 0 -0.9352396
Lung MammaryGland.Lactation 0 0 0 0.04770849 0.02289111 -0.03431653 0.01693172 0.9992676 -0.9994109 0 -0.03432145
Lung MammaryGland.Pregnancy 0 0 0 0.04770849 0.02930005 -0.03431653 0.01693172 0.9992676 -0.9994109 0 -0.03432145
Lung MammaryGland.Virgin 0 0 0 0.04545031 0.08984986 -0.3573058 0.0458512 0.9328613 -0.9338435 0 -0.357682
Lung Mesenchymal-Stem-Cell-Cultured 0 0 0 0.04770849 0.01093641 -0.03431653 0.01693172 0.9992676 -0.9994109 0 -0.03432145
Lung Bone_Marrow_Mesenchyme 0 0 0 0.04770849 0.05325259 -0.03431653 0.01693172 0.9992676 -0.9994109 0 -0.03432145
Lung Muscle 0.001896917 0.04703775 0.02129213 0.04032754 0.08909003 -0.3942384 0.6272862 -0.6716309 0.8624044 0 -0.50622
Lung Neonatal-Calvaria 0 0 0 0.04770849 0.04006123 -0.03431653 0.01693172 0.9992676 -0.9994109 0 -0.03432145
Lung Neonatal-Heart 0 0 0 0.04770849 0.01532468 -0.03431653 0.01693172 0.9992676 -0.9994109 0 -0.03432145
Lung Neonatal-Muscle 0 0 0 0.04770849 0.04957076 -0.03431653 0.01693172 0.9992676 -0.9994109 0 -0.03432145
Lung Neonatal-Rib 0 0 0 0.04770849 0.07348084 -0.03431653 0.01693172 0.9992676 -0.9994109 0 -0.03432145
Lung Neonatal-Skin 0 0 0 0.04770849 0.01693113 -0.03431653 0.01693172 0.9992676 -0.9994109 0 -0.03432145
Lung Ovary 0 0 0 0.0470287 0.1027873 0.1755089 0.06725698 0.9821777 -0.9844068 0 0.1759073
Lung Pancreas 0 0 0 0.04770849 0.02269883 -0.03431653 0.01693172 0.9992676 -0.9994109 0 -0.03432145
Lung Peripheral_Blood 0 0 0 0.04770849 0.06963162 -0.03431653 0.01693172 0.9992676 -0.9994109 0 -0.03432145
Lung Placenta 0 0 0 0.04770849 0.01835931 -0.03431653 0.01693172 0.9992676 -0.9994109 0 -0.03432145
Lung Prostate 0 0 0 0.04770849 0.003107555 -0.03431653 0.01693172 0.9992676 -0.9994109 0 -0.03432145
Lung Small-Intestine 0 0 0 0.04679681 0.03829643 -0.2136004 0.03431214 0.9763184 -0.9768936 0 -0.2137263
Lung Spleen 0 0 0 0.04770849 0.02269476 -0.03431653 0.01693172 0.9992676 -0.9994109 0 -0.03432145
Lung Stomach 0 0 0 0.04770849 0.01017712 -0.03431653 0.01693172 0.9992676 -0.9994109 0 -0.03432145
Lung Testis 0 0 0 0.04770849 0.02890335 -0.03431653 0.01693172 0.9992676 -0.9994109 0 -0.03432145
Lung Thymus 0 0 0 0.04770849 0.01411497 -0.03431653 0.01693172 0.9992676 -0.9994109 0 -0.03432145
Lung Trophoblast-Stem-Cell 0 0 0 0.04770849 0.02079854 -0.03431653 0.01693172 0.9992676 -0.9994109 0 -0.03432145
Lung Uterus 0.007784165 0.2297087 0.05316173 0.03388711 0.1464242 -0.3312744 0.849369 -0.4108886 0.778494 0 -0.6276521
MammaryGland.Involution MammaryGland.Lactation 0 0 0 0.1232549 0.023355 -0.5698377 0.06613297 0.8190918 -0.8208889 0 -0.571088
MammaryGland.Involution MammaryGland.Pregnancy 0.005658161 0.06931163 0.2309209 0.08163365 0.0245026 0.2784847 0.9063991 0.317627 -0.751918 0 0.6592566
MammaryGland.Involution MammaryGland.Virgin 0.03118066 0.4277914 0.9506705 0.07288753 0.03279859 0.0481834 0.9622627 0.2678223 -0.984199 0 0.1770653
MammaryGland.Involution Mesenchymal-Stem-Cell-Cultured 0 0 0 0.1314508 0.01143299 -0.2184915 0.2148015 0.9519043 -0.9746549 0 -0.2237135
MammaryGland.Involution Bone_Marrow_Mesenchyme 0.0006208363 0.01057274 0.01616426 0.05872045 0.03840796 -0.2618573 0.8847723 0.385498 -0.8272071 0 -0.5618972
MammaryGland.Involution Muscle 0.02113771 0.3301305 0.209017 0.06402835 0.1011291 -0.09676294 0.9323423 0.3483886 -0.9635262 0 -0.2676139
MammaryGland.Involution Neonatal-Calvaria 2.199593E-05 0.0001544201 0.0008621039 0.1424421 0.02551425 -0.8473439 0.1888309 -0.4963379 0.5054308 0 -0.8628672
MammaryGland.Involution Neonatal-Heart 0 0 0 0.1399863 0.01708548 0.5880368 0.08416376 0.8044434 -0.8073078 0 0.5901307
MammaryGland.Involution Neonatal-Muscle 0.01032432 0.09677857 0.2498094 0.1066798 0.0413288 -0.1915078 0.4892984 0.8508301 -0.9755923 0 -0.2195897
MammaryGland.Involution Neonatal-Rib 0.01740277 0.2917334 0.2661256 0.059653 0.06539308 -0.2286322 0.8739135 0.4289551 -0.8824758 0 -0.4703578
MammaryGland.Involution Neonatal-Skin 0.009578452 0.05897118 0.5367456 0.162426 0.01784542 0.02581815 0.5861176 -0.8098145 0.9994922 0 0.03186537
MammaryGland.Involution Ovary 0.003803977 0.04222479 0.05397929 0.09008871 0.07047104 -0.2396524 0.9689537 0.06079102 -0.2458761 0 -0.9693013
MammaryGland.Involution Pancreas 0 0 0 0.1520555 0.02269883 -0.03431653 0.01693172 0.9992676 -0.9994109 0 -0.03432145
MammaryGland.Involution Peripheral_Blood 0.02124196 0.1506231 0.4401777 0.1410273 0.0482577 -0.8996198 0.2105367 -0.3825683 0.3913398 0 -0.9202462
MammaryGland.Involution Placenta 0 0 0 0.1411791 0.01746712 0.3860915 0.1394099 0.9118652 -0.9208577 0 0.389899
MammaryGland.Involution Prostate 0 0 0 0.1520555 0.003107555 -0.03431653 0.01693172 0.9992676 -0.9994109 0 -0.03432145
MammaryGland.Involution Small-Intestine 0.001118544 0.0174695 0.03090523 0.06402835 0.0361927 -0.09676294 0.9323423 0.3483886 -0.9635262 0 -0.2676139
MammaryGland.Involution Spleen 0.008782334 0.1204916 0.409858 0.07288753 0.02142775 0.0481834 0.9622627 0.2678223 -0.984199 0 0.1770653
MammaryGland.Involution Stomach 0 0 0 0.1520555 0.01017712 -0.03431653 0.01693172 0.9992676 -0.9994109 0 -0.03432145
MammaryGland.Involution Testis 0 0 0 0.1520555 0.02890335 -0.03431653 0.01693172 0.9992676 -0.9994109 0 -0.03432145
MammaryGland.Involution Thymus 0.001867189 0.02189983 0.1873933 0.08526044 0.009964015 0.513963 0.8549857 0.06958003 -0.1341557 0 0.9909603
MammaryGland.Involution Trophoblast-Stem-Cell 0 0 0 0.1520555 0.02079854 -0.03431653 0.01693172 0.9992676 -0.9994109 0 -0.03432145
MammaryGland.Involution Uterus 0.03559519 0.5092048 0.2514863 0.06990349 0.1415393 -0.001067742 0.9555961 0.2946777 -0.9999934 0 -0.003623401
MammaryGland.Lactation MammaryGland.Pregnancy 0 0 0 0.02299236 0.02770997 -0.1226607 0.08250041 0.9890137 -0.9923967 0 -0.1230802
MammaryGland.Lactation MammaryGland.Virgin 0 0 0 0.02231846 0.08134656 -0.442592 0.3594379 0.8215332 -0.8803691 0 -0.4742892
MammaryGland.Lactation Mesenchymal-Stem-Cell-Cultured 0 0 0 0.02289111 0.01093641 -0.03431653 0.01693172 0.9992676 -0.9994109 0 -0.03432145
MammaryGland.Lactation Bone_Marrow_Mesenchyme 0 0 0 0.02299334 0.05496683 -0.2136004 0.03431214 0.9763184 -0.9768936 0 -0.2137263
MammaryGland.Lactation Muscle 0 0 0 0.02295039 0.09669735 -0.06643912 0.06958211 0.9953613 -0.9977797 0 -0.06660055
MammaryGland.Lactation Neonatal-Calvaria 0 0 0 0.02166104 0.03654602 0.2450287 0.3779277 0.8928223 -0.9643426 0 0.264657
MammaryGland.Lactation Neonatal-Heart 0 0 0 0.02320892 0.0138662 -0.2801453 0.02150143 0.9597168 -0.9599388 0 -0.28021
MammaryGland.Lactation Neonatal-Muscle 0 0 0 0.02310359 0.04713426 -0.3232228 0.1158166 0.939209 -0.9455721 0 -0.3254126
MammaryGland.Lactation Neonatal-Rib 0 0 0 0.02237239 0.06882802 -0.3300464 0.3374392 0.8815918 -0.9365213 0 -0.3506107
MammaryGland.Lactation Neonatal-Skin 0 0 0 0.02296572 0.01712024 -0.1153257 0.02846082 0.9929199 -0.9933223 0 -0.1153724
MammaryGland.Lactation Ovary 0 0 0 0.02272492 0.1178135 -0.372568 0.2177368 0.9020996 -0.9242753 0 -0.3817266
MammaryGland.Lactation Pancreas 0 0 0 0.02289111 0.02269883 -0.03431653 0.01693172 0.9992676 -0.9994109 0 -0.03432145
MammaryGland.Lactation Peripheral_Blood 0 0 0 0.02275895 0.07296166 -0.1560896 0.2395605 0.958252 -0.9869917 0 -0.160771
MammaryGland.Lactation Placenta 0 0 0 0.02289111 0.01835931 -0.03431653 0.01693172 0.9992676 -0.9994109 0 -0.03432145
MammaryGland.Lactation Prostate 0 0 0 0.02289111 0.003107555 -0.03431653 0.01693172 0.9992676 -0.9994109 0 -0.03432145
MammaryGland.Lactation Small-Intestine 0 0 0 0.02289111 0.03858032 -0.03431653 0.01693172 0.9992676 -0.9994109 0 -0.03432145
MammaryGland.Lactation Spleen 0 0 0 0.02295039 0.02292949 -0.06643912 0.06958211 0.9953613 -0.9977797 0 -0.06660055
MammaryGland.Lactation Stomach 0 0 0 0.02289111 0.01017712 -0.03431653 0.01693172 0.9992676 -0.9994109 0 -0.03432145
MammaryGland.Lactation Testis 0 0 0 0.02289111 0.02890335 -0.03431653 0.01693172 0.9992676 -0.9994109 0 -0.03432145
MammaryGland.Lactation Thymus 0 0 0 0.0222643 0.01298723 0.1469421 0.2871984 0.9465332 -0.9881634 0 0.1534049
MammaryGland.Lactation Trophoblast-Stem-Cell 0 0 0 0.02279381 0.02067029 0.04742682 0.01380628 0.9987793 -0.9988745 0 0.04743133
MammaryGland.Lactation Uterus 0 0 0 0.02239089 0.1522128 -0.4273793 0.3123837 0.8483887 -0.8930821 0 -0.4498938
MammaryGland.Pregnancy MammaryGland.Virgin 0.004073943 0.1553897 0.08272571 0.02621758 0.04924639 -0.3070318 0.8202225 0.482666 -0.843756 0 -0.536727
MammaryGland.Pregnancy Mesenchymal-Stem-Cell-Cultured 0 0 0 0.02664242 0.01131176 -0.153338 0.1360763 0.9787598 -0.9879493 0 -0.1547777
MammaryGland.Pregnancy Bone_Marrow_Mesenchyme 0 0 0 0.0263366 0.03976451 0.5126871 0.3320948 0.791748 -0.8393866 0 0.5435349
MammaryGland.Pregnancy Muscle 0.004284802 0.1744751 0.03633001 0.02455825 0.1179411 0.2530107 0.9278019 0.27417 -0.734896 0 0.6781798
MammaryGland.Pregnancy Neonatal-Calvaria 0 0 0 0.03049155 0.03596636 0.3547372 0.01683701 0.9348145 -0.934947 0 0.3547874
MammaryGland.Pregnancy Neonatal-Heart 0 0 0 0.02930005 0.01532468 -0.03431653 0.01693172 0.9992676 -0.9994109 0 -0.03432145
MammaryGland.Pregnancy Neonatal-Muscle 0 0 0 0.02919541 0.04348086 0.7491762 0.140874 0.6472168 -0.6537362 0 0.7567226
MammaryGland.Pregnancy Neonatal-Rib 0 0 0 0.03009815 0.06039528 0.7698446 0.04021977 0.6369629 -0.6374787 0 0.770468
MammaryGland.Pregnancy Neonatal-Skin 0 0 0 0.02930005 0.01693113 -0.03431653 0.01693172 0.9992676 -0.9994109 0 -0.03432145
MammaryGland.Pregnancy Ovary 0 0 0 0.03034554 0.1071309 0.4518901 0.03573929 0.8913574 -0.8919272 0 0.452179
MammaryGland.Pregnancy Pancreas 0 0 0 0.02930005 0.02269883 -0.03431653 0.01693172 0.9992676 -0.9994109 0 -0.03432145
MammaryGland.Pregnancy Peripheral_Blood 0.006437036 0.2672248 0.07735784 0.02408846 0.08321116 0.6061673 0.6598059 0.4440918 -0.5909907 0 0.8066784
MammaryGland.Pregnancy Placenta 0 0 0 0.02930005 0.01835931 -0.03431653 0.01693172 0.9992676 -0.9994109 0 -0.03432145
MammaryGland.Pregnancy Prostate 0 0 0 0.02930005 0.003107555 -0.03431653 0.01693172 0.9992676 -0.9994109 0 -0.03432145
MammaryGland.Pregnancy Small-Intestine 0 0 0 0.02930005 0.03858032 -0.03431653 0.01693172 0.9992676 -0.9994109 0 -0.03432145
MammaryGland.Pregnancy Spleen 0.00674209 0.2131209 0.4614204 0.03163505 0.0146116 -0.7655149 0.4357637 -0.4733888 0.5259518 0 -0.8505144
MammaryGland.Pregnancy Stomach 0 0 0 0.02930005 0.01017712 -0.03431653 0.01693172 0.9992676 -0.9994109 0 -0.03432145
MammaryGland.Pregnancy Testis 0 0 0 0.02930005 0.02890335 -0.03431653 0.01693172 0.9992676 -0.9994109 0 -0.03432145
MammaryGland.Pregnancy Thymus 0 0 0 0.02987772 0.01414086 0.04742682 0.01380628 0.9987793 -0.9988745 0 0.04743133
MammaryGland.Pregnancy Trophoblast-Stem-Cell 0 0 0 0.02930005 0.02079854 -0.03431653 0.01693172 0.9992676 -0.9994109 0 -0.03432145
MammaryGland.Pregnancy Uterus 0.005168471 0.2162431 0.03294585 0.02390121 0.1568778 -0.07506518 0.7594332 0.6462402 -0.9933213 0 -0.115381
MammaryGland.Virgin Mesenchymal-Stem-Cell-Cultured 0 0 0 0.08662197 0.0111471 -0.1724554 0.06801939 0.982666 -0.9849471 0 -0.1728557
MammaryGland.Virgin Bone_Marrow_Mesenchyme 0.0003326302 0.008114639 0.01022351 0.04099138 0.03253581 -0.4244353 0.9053192 -0.01586911 0.03736266 0 -0.9993018
MammaryGland.Virgin Muscle 0.01433867 0.4384369 0.1298611 0.03270407 0.1104155 0.1271717 0.9502265 0.2844238 -0.9129026 0 0.4081774
MammaryGland.Virgin Neonatal-Calvaria 0 0 0 0.06722817 0.02779134 0.7491762 0.140874 0.6472168 -0.6537362 0 0.7567226
MammaryGland.Virgin Neonatal-Heart 0 0 0 0.07895781 0.01704422 0.3927413 0.05137501 0.9182129 -0.919427 0 0.3932606
MammaryGland.Virgin Neonatal-Muscle 0.006469348 0.1435878 0.1582013 0.04505501 0.04089314 -0.5239562 0.8483542 -0.07592771 0.1434143 0 -0.9896628
MammaryGland.Virgin Neonatal-Rib 0.01096701 0.2434137 0.2091213 0.04505501 0.05244327 -0.5239562 0.8483542 -0.07592771 0.1434143 0 -0.9896628
MammaryGland.Virgin Neonatal-Skin 0.0009001811 0.0171099 0.03959511 0.05261172 0.02273465 0.3829078 0.8976914 -0.2180176 0.4947921 0 0.8690114
MammaryGland.Virgin Ovary 0 0 0 0.0663069 0.1109177 0.8292333 0.1667517 0.5334473 -0.5410222 0 0.8410084
MammaryGland.Virgin Pancreas 0 0 0 0.08582392 0.02269883 -0.03431653 0.01693172 0.9992676 -0.9994109 0 -0.03432145
MammaryGland.Virgin Peripheral_Blood 0.02211886 0.3342724 0.4516464 0.06617014 0.04897384 -0.9087022 0.2434416 -0.3391113 0.3496297 0 -0.9368879
MammaryGland.Virgin Placenta 0 0 0 0.08582392 0.01835931 -0.03431653 0.01693172 0.9992676 -0.9994109 0 -0.03432145
MammaryGland.Virgin Prostate 0 0 0 0.08582392 0.003107555 -0.03431653 0.01693172 0.9992676 -0.9994109 0 -0.03432145
MammaryGland.Virgin Small-Intestine 0.0009540803 0.02541526 0.02636112 0.03753966 0.0361927 -0.09676294 0.9323423 0.3483886 -0.9635262 0 -0.2676139
MammaryGland.Virgin Spleen 0.001185601 0.03335465 0.05545592 0.0355453 0.02137916 -0.04946801 0.9456053 0.3215332 -0.9883711 0 -0.1520613
MammaryGland.Virgin Stomach 0 0 0 0.08582392 0.01017712 -0.03431653 0.01693172 0.9992676 -0.9994109 0 -0.03432145
MammaryGland.Virgin Testis 0 0 0 0.08582392 0.02890335 -0.03431653 0.01693172 0.9992676 -0.9994109 0 -0.03432145
MammaryGland.Virgin Thymus 0.004377964 0.09210037 0.4383059 0.0475347 0.009988376 -0.612792 0.7553672 0.2321777 -0.3543064 0 -0.9351293
MammaryGland.Virgin Trophoblast-Stem-Cell 0 0 0 0.08582392 0.02079854 -0.03431653 0.01693172 0.9992676 -0.9994109 0 -0.03432145
MammaryGland.Virgin Uterus 0.02096459 0.6202328 0.1469299 0.03380115 0.1426842 -0.06243 0.9761848 0.2077637 -0.9576982 0 -0.2877745
Mesenchymal-Stem-Cell-Cultured Bone_Marrow_Mesenchyme 0 0 0 0.01092894 0.05520268 -0.3573058 0.0458512 0.9328613 -0.9338435 0 -0.357682
Mesenchymal-Stem-Cell-Cultured Muscle 0 0 0 0.01132528 0.1200792 0.3649228 0.325421 0.8723145 -0.9225284 0 0.3859292
Mesenchymal-Stem-Cell-Cultured Neonatal-Calvaria 0 0 0 0.01093641 0.04006123 -0.03431653 0.01693172 0.9992676 -0.9994109 0 -0.03432145
Mesenchymal-Stem-Cell-Cultured Neonatal-Heart 0 0 0 0.01093641 0.01532468 -0.03431653 0.01693172 0.9992676 -0.9994109 0 -0.03432145
Mesenchymal-Stem-Cell-Cultured Neonatal-Muscle 0 0 0 0.01129477 0.04858324 -0.1010978 0.1390777 0.9851074 -0.9947752 0 -0.10209
Mesenchymal-Stem-Cell-Cultured Neonatal-Rib 0 0 0 0.01131176 0.07217653 -0.153338 0.1360763 0.9787598 -0.9879493 0 -0.1547777
Mesenchymal-Stem-Cell-Cultured Neonatal-Skin 0 0 0 0.01093641 0.01693113 -0.03431653 0.01693172 0.9992676 -0.9994109 0 -0.03432145
Mesenchymal-Stem-Cell-Cultured Ovary 0 0 0 0.01143299 0.11296 -0.2184915 0.2148015 0.9519043 -0.9746549 0 -0.2237135
Mesenchymal-Stem-Cell-Cultured Pancreas 0 0 0 0.01093641 0.02269883 -0.03431653 0.01693172 0.9992676 -0.9994109 0 -0.03432145
Mesenchymal-Stem-Cell-Cultured Peripheral_Blood 0 0 0 0.01086187 0.05772088 0.3177997 0.1334422 0.9387207 -0.9471918 0 0.3206675
Mesenchymal-Stem-Cell-Cultured Placenta 0 0 0 0.01093641 0.01835931 -0.03431653 0.01693172 0.9992676 -0.9994109 0 -0.03432145
Mesenchymal-Stem-Cell-Cultured Prostate 0 0 0 0.01093641 0.003107555 -0.03431653 0.01693172 0.9992676 -0.9994109 0 -0.03432145
Mesenchymal-Stem-Cell-Cultured Small-Intestine 0 0 0 0.01093641 0.03858032 -0.03431653 0.01693172 0.9992676 -0.9994109 0 -0.03432145
Mesenchymal-Stem-Cell-Cultured Spleen 0 0 0 0.01095076 0.02317948 -0.163272 0.004171492 0.9865723 -0.9865808 0 -0.1632735
Mesenchymal-Stem-Cell-Cultured Stomach 0 0 0 0.01093641 0.01017712 -0.03431653 0.01693172 0.9992676 -0.9994109 0 -0.03432145
Mesenchymal-Stem-Cell-Cultured Testis 0 0 0 0.01093641 0.02890335 -0.03431653 0.01693172 0.9992676 -0.9994109 0 -0.03432145
Mesenchymal-Stem-Cell-Cultured Thymus 0 0 0 0.01093641 0.01411497 -0.03431653 0.01693172 0.9992676 -0.9994109 0 -0.03432145
Mesenchymal-Stem-Cell-Cultured Trophoblast-Stem-Cell 0 0 0 0.01093641 0.02079854 -0.03431653 0.01693172 0.9992676 -0.9994109 0 -0.03432145
Mesenchymal-Stem-Cell-Cultured Uterus 0 0 0 0.01123541 0.1628322 -0.267615 0.1216898 0.9558105 -0.9629672 0 -0.2696187
Bone_Marrow_Mesenchyme Muscle 0.003110986 0.08091566 0.02400594 0.03844726 0.1295923 0.5641872 0.2663826 0.7814941 -0.8107901 0 0.585337
Bone_Marrow_Mesenchyme Neonatal-Calvaria 0.004195934 0.1497161 0.1829503 0.02802594 0.02293483 0.4239083 0.8741304 0.2370606 -0.4880891 0 0.8727938
Bone_Marrow_Mesenchyme Neonatal-Heart 0 0 0 0.04120865 0.0171669 0.4782434 0.0780088 0.8747559 -0.8774297 0 0.4797053
Bone_Marrow_Mesenchyme Neonatal-Muscle 0.0088776 0.3125399 0.1909422 0.02840469 0.04649365 -0.9688419 0.2327409 -0.08471674 0.08710887 0 -0.9961988
Bone_Marrow_Mesenchyme Neonatal-Rib 0.01677966 0.5668801 0.3531958 0.02960001 0.04750808 0.6828247 0.7055248 0.1896973 -0.2676749 0 0.9635093
Bone_Marrow_Mesenchyme Neonatal-Skin 0 0 0 0.05325259 0.01693113 -0.03431653 0.01693172 0.9992676 -0.9994109 0 -0.03432145
Bone_Marrow_Mesenchyme Ovary 0.005825317 0.1776797 0.0688093 0.0327855 0.08465886 0.8000546 0.5952268 -0.07495119 0.09327419 0 0.9956405
Bone_Marrow_Mesenchyme Pancreas 0 0 0 0.05325259 0.02269883 -0.03431653 0.01693172 0.9992676 -0.9994109 0 -0.03432145
Bone_Marrow_Mesenchyme Peripheral_Blood 0.0146959 0.4498103 0.1411199 0.03267134 0.1041377 0.4576861 0.8659994 -0.201416 0.4027957 0 0.9152899
Bone_Marrow_Mesenchyme Placenta 0 0 0 0.05325259 0.01835931 -0.03431653 0.01693172 0.9992676 -0.9994109 0 -0.03432145
Bone_Marrow_Mesenchyme Prostate 0 0 0 0.05325259 0.003107555 -0.03431653 0.01693172 0.9992676 -0.9994109 0 -0.03432145
Bone_Marrow_Mesenchyme Small-Intestine 0 0 0 0.05325259 0.03858032 -0.03431653 0.01693172 0.9992676 -0.9994109 0 -0.03432145
Bone_Marrow_Mesenchyme Spleen 0 0 0 0.02974298 0.01757201 0.9097187 0.06916691 0.4094238 -0.4104066 0 0.9119026
Bone_Marrow_Mesenchyme Stomach 0 0 0 0.05325259 0.01017712 -0.03431653 0.01693172 0.9992676 -0.9994109 0 -0.03432145
Bone_Marrow_Mesenchyme Testis 0 0 0 0.05325259 0.02890335 -0.03431653 0.01693172 0.9992676 -0.9994109 0 -0.03432145
Bone_Marrow_Mesenchyme Thymus 0 0 0 0.05517119 0.01348743 -0.267615 0.1216898 0.9558105 -0.9629672 0 -0.2696187
Bone_Marrow_Mesenchyme Trophoblast-Stem-Cell 0 0 0 0.05325259 0.02079854 -0.03431653 0.01693172 0.9992676 -0.9994109 0 -0.03432145
Bone_Marrow_Mesenchyme Uterus 0.01857286 0.6627026 0.1492697 0.02802594 0.1244248 0.4239083 0.8741304 0.2370606 -0.4880891 0 0.8727938
Muscle Neonatal-Calvaria 0.001609697 0.01499916 0.06345601 0.1073191 0.02536713 0.0777383 0.9471335 0.3112793 -0.9702023 0 0.2422965
Muscle Neonatal-Heart 6.343709E-05 0.0005876338 0.004713375 0.1079534 0.01345895 0.03221953 0.9890823 -0.1437988 0.9758058 0 0.2186388
Muscle Neonatal-Muscle 0.02055833 0.1826221 0.4588948 0.1125731 0.04479965 0.121439 0.6621099 0.739502 -0.9867831 0 0.1620469
Muscle Neonatal-Rib 0.02560458 0.2274485 0.3984018 0.1125731 0.06426822 0.121439 0.6621099 0.739502 -0.9867831 0 0.1620469
Muscle Neonatal-Skin 0 0 0 0.09670395 0.01712024 -0.1153257 0.02846082 0.9929199 -0.9933223 0 -0.1153724
Muscle Ovary 0.01208241 0.1281245 0.122047 0.09430216 0.09899808 -0.1377226 0.3231308 -0.9362793 0.9893539 0 -0.1455297
Muscle Pancreas 0 0 0 0.09548143 0.02269883 -0.03431653 0.01693172 0.9992676 -0.9994109 0 -0.03432145
Muscle Peripheral_Blood 0.04566108 0.4277036 0.9240572 0.1067587 0.04941369 -0.8305535 0.3661304 -0.4196776 0.450993 0 -0.8925275
Muscle Placenta 0 0 0 0.09548143 0.01835931 -0.03431653 0.01693172 0.9992676 -0.9994109 0 -0.03432145
Muscle Prostate 0 0 0 0.09548143 0.003107555 -0.03431653 0.01693172 0.9992676 -0.9994109 0 -0.03432145
Muscle Small-Intestine 0 0 0 0.1059485 0.03859066 -0.3573058 0.0458512 0.9328613 -0.9338435 0 -0.357682
Muscle Spleen 0.001262419 0.01075144 0.08742958 0.1174187 0.01443927 -0.8216875 0.2260496 -0.5231934 0.5370956 0 -0.8435214
Muscle Stomach 0 0 0 0.09548143 0.01017712 -0.03431653 0.01693172 0.9992676 -0.9994109 0 -0.03432145
Muscle Testis 0 0 0 0.09548143 0.02890335 -0.03431653 0.01693172 0.9992676 -0.9994109 0 -0.03432145
Muscle Thymus 0 0 0 0.09548143 0.01411497 -0.03431653 0.01693172 0.9992676 -0.9994109 0 -0.03432145
Muscle Trophoblast-Stem-Cell 0 0 0 0.09548143 0.02079854 -0.03431653 0.01693172 0.9992676 -0.9994109 0 -0.03432145
Muscle Uterus 0.0516426 0.5144086 0.3035343 0.1003922 0.1701376 -0.003033328 0.2775952 0.9606934 -0.9999951 0 -0.00315742
Neonatal-Calvaria Neonatal-Heart 0 0 0 0.03185089 0.01160731 -0.818154 0.007431732 0.5749512 -0.574967 0 -0.8181766
Neonatal-Calvaria Neonatal-Muscle 0.006411039 0.2581087 0.1192372 0.02483853 0.05376712 0.8970173 0.3423693 -0.279541 0.2975217 0 0.9547151
Neonatal-Calvaria Neonatal-Rib 0.01431158 0.6630738 0.2793229 0.02158369 0.05123669 0.6255175 0.7701712 -0.1247559 0.1955921 0 0.9806853
Neonatal-Calvaria Neonatal-Skin 3.448167E-05 0.001445147 0.002209315 0.02386032 0.01560741 -0.8662713 0.394961 -0.3059083 0.3329802 0 -0.9429338
Neonatal-Calvaria Ovary 0.006434271 0.3242455 0.07535212 0.01984382 0.08538937 0.8274579 0.5522218 -0.1018067 0.1221147 0 0.992516
Neonatal-Calvaria Pancreas 0 0 0 0.04006123 0.02269883 -0.03431653 0.01693172 0.9992676 -0.9994109 0 -0.03432145
Neonatal-Calvaria Peripheral_Blood 0.0005766728 0.02787674 0.005715664 0.02068652 0.1008934 0.5578465 0.8288437 0.04272455 -0.07636472 0 0.99708
Neonatal-Calvaria Placenta 0 0 0 0.04006123 0.01835931 -0.03431653 0.01693172 0.9992676 -0.9994109 0 -0.03432145
Neonatal-Calvaria Prostate 0 0 0 0.04006123 0.003107555 -0.03431653 0.01693172 0.9992676 -0.9994109 0 -0.03432145
Neonatal-Calvaria Small-Intestine 0 0 0 0.04006123 0.03858032 -0.03431653 0.01693172 0.9992676 -0.9994109 0 -0.03432145
Neonatal-Calvaria Spleen 0 0 0 0.03529146 0.02113093 0.3927413 0.05137501 0.9182129 -0.919427 0 0.3932606
Neonatal-Calvaria Stomach 0 0 0 0.04006123 0.01017712 -0.03431653 0.01693172 0.9992676 -0.9994109 0 -0.03432145
Neonatal-Calvaria Testis 0 0 0 0.04006123 0.02890335 -0.03431653 0.01693172 0.9992676 -0.9994109 0 -0.03432145
Neonatal-Calvaria Thymus 0 0 0 0.03303949 0.01040122 -0.7666698 0.09476373 0.6350098 -0.6378803 0 -0.7701355
Neonatal-Calvaria Trophoblast-Stem-Cell 0 0 0 0.03857236 0.02041597 0.1493689 0.02250491 0.9885254 -0.9887758 0 0.1494068
Neonatal-Calvaria Uterus 0 0 0 0.03382264 0.1773467 -0.4342819 0.4295744 -0.7917481 0.8767669 0 -0.4809155
Neonatal-Heart Neonatal-Muscle 0.002398145 0.1688231 0.05172477 0.01420508 0.04636358 -0.2517418 0.7028687 -0.6652831 0.9352802 0 -0.3539081
Neonatal-Heart Neonatal-Rib 0.0002341371 0.01658781 0.004106447 0.01411501 0.05701696 -0.1085056 0.9628406 -0.2473145 0.9157415 0 -0.401768
Neonatal-Heart Neonatal-Skin 0 0 0 0.01543169 0.0181933 0.3431962 0.5840508 0.7355957 -0.9062217 0 0.4228027
Neonatal-Heart Ovary 0 0 0 0.01068341 0.08234524 0.573013 0.7399624 -0.3522949 0.5237432 0 0.8518763
Neonatal-Heart Pancreas 0 0 0 0.01532468 0.02269883 -0.03431653 0.01693172 0.9992676 -0.9994109 0 -0.03432145
Neonatal-Heart Peripheral_Blood 0 0 0 0.01573027 0.06725393 0.04742682 0.01380628 0.9987793 -0.9988745 0 0.04743133
Neonatal-Heart Placenta 0 0 0 0.0148806 0.01734086 -0.1226607 0.08250041 0.9890137 -0.9923967 0 -0.1230802
Neonatal-Heart Prostate 0 0 0 0.01532468 0.003107555 -0.03431653 0.01693172 0.9992676 -0.9994109 0 -0.03432145
Neonatal-Heart Small-Intestine 0 0 0 0.0158971 0.04102597 0.09383775 0.2090669 0.9733887 -0.9953853 0 0.09595829
Neonatal-Heart Spleen 0 0 0 0.01532468 0.02269476 -0.03431653 0.01693172 0.9992676 -0.9994109 0 -0.03432145
Neonatal-Heart Stomach 0 0 0 0.01532468 0.01017712 -0.03431653 0.01693172 0.9992676 -0.9994109 0 -0.03432145
Neonatal-Heart Testis 0 0 0 0.01532468 0.02890335 -0.03431653 0.01693172 0.9992676 -0.9994109 0 -0.03432145
Neonatal-Heart Thymus 0 0 0 0.01532468 0.01411497 -0.03431653 0.01693172 0.9992676 -0.9994109 0 -0.03432145
Neonatal-Heart Trophoblast-Stem-Cell 0 0 0 0.0160113 0.02057383 0.1077844 0.05883846 0.9924316 -0.994154 0 0.1079714
Neonatal-Heart Uterus 0.003144108 0.3002815 0.03340268 0.01047054 0.0941274 0.6664644 0.7117408 -0.2219239 0.3159319 0 0.9487818
Neonatal-Muscle Neonatal-Rib 0.03306892 0.7940736 0.6891819 0.04164466 0.04798286 -0.6903748 0.6963829 -0.1960449 0.2731684 0 -0.9619662
Neonatal-Muscle Neonatal-Skin 0.006836315 0.1599575 0.3849643 0.04273833 0.01775831 -0.09642142 0.457371 0.8840332 -0.9941044 0 -0.1084269
Neonatal-Muscle Ovary 0.01850735 0.4501542 0.1656055 0.04111334 0.1117557 -0.7539215 0.6514158 0.08520507 -0.1123009 0 -0.9936742
Neonatal-Muscle Pancreas 0 0 0 0.04957076 0.02269883 -0.03431653 0.01693172 0.9992676 -0.9994109 0 -0.03432145
Neonatal-Muscle Peripheral_Blood 0.007462856 0.168704 0.1402043 0.04423639 0.05322845 -0.4627494 0.2223384 -0.8581542 0.8801857 0 -0.4746296
Neonatal-Muscle Placenta 0 0 0 0.04835213 0.01751002 0.2073021 0.003277564 0.9782715 -0.9782767 0 0.2073032
Neonatal-Muscle Prostate 0 0 0 0.04957076 0.003107555 -0.03431653 0.01693172 0.9992676 -0.9994109 0 -0.03432145
Neonatal-Muscle Small-Intestine 0 0 0 0.04544481 0.04201456 0.123305 0.3881031 0.9133301 -0.9910094 0 0.1337921
Neonatal-Muscle Spleen 0 0 0 0.04516645 0.02344146 -0.818154 0.007431732 0.5749512 -0.574967 0 -0.8181766
Neonatal-Muscle Stomach 0 0 0 0.04957076 0.01017712 -0.03431653 0.01693172 0.9992676 -0.9994109 0 -0.03432145
Neonatal-Muscle Testis 0 0 0 0.04957076 0.02890335 -0.03431653 0.01693172 0.9992676 -0.9994109 0 -0.03432145
Neonatal-Muscle Thymus 0 0 0 0.04774404 0.01348459 -0.3573058 0.0458512 0.9328613 -0.9338435 0 -0.357682
Neonatal-Muscle Trophoblast-Stem-Cell 0 0 0 0.04948253 0.02067029 0.04742682 0.01380628 0.9987793 -0.9988745 0 0.04743133
Neonatal-Muscle Uterus 0.01804636 0.4078923 0.1204891 0.04424294 0.1497758 -0.6145868 0.615101 -0.4938965 0.6264158 0 -0.7794891
Neonatal-Rib Neonatal-Skin 0.004894286 0.07005935 0.2741397 0.06985914 0.01785325 0.09868176 0.4314393 0.8967285 -0.9939993 0 0.1093861
Neonatal-Rib Ovary 0.01387123 0.2660714 0.1941578 0.0521335 0.0714431 0.4320206 0.8998126 -0.06079099 0.1393405 0 0.9902446
Neonatal-Rib Pancreas 0 0 0 0.07348084 0.02269883 -0.03431653 0.01693172 0.9992676 -0.9994109 0 -0.03432145
Neonatal-Rib Peripheral_Blood 0.01338767 0.2202496 0.2489573 0.06078409 0.05377497 -0.5427951 0.368638 -0.7546386 0.8118121 0 -0.5839188
Neonatal-Rib Placenta 0 0 0 0.07348084 0.01835931 -0.03431653 0.01693172 0.9992676 -0.9994109 0 -0.03432145
Neonatal-Rib Prostate 0 0 0 0.07348084 0.003107555 -0.03431653 0.01693172 0.9992676 -0.9994109 0 -0.03432145
Neonatal-Rib Small-Intestine 0 0 0 0.07143324 0.04135771 0.1964954 0.3399742 0.9196777 -0.9779283 0 0.208941
Neonatal-Rib Spleen 0 0 0 0.05905901 0.01642653 0.7923183 0.0008303243 0.6101074 -0.6101077 0 0.7923186
Neonatal-Rib Stomach 0 0 0 0.07348084 0.01017712 -0.03431653 0.01693172 0.9992676 -0.9994109 0 -0.03432145
Neonatal-Rib Testis 0 0 0 0.07348084 0.02890335 -0.03431653 0.01693172 0.9992676 -0.9994109 0 -0.03432145
Neonatal-Rib Thymus 5.144344E-08 8.266729E-07 4.309945E-06 0.0622295 0.01193598 0.4200597 0.6839696 -0.5964356 0.8175833 0 0.5758104
Neonatal-Rib Trophoblast-Stem-Cell 0 0 0 0.07366966 0.02067029 0.04742682 0.01380628 0.9987793 -0.9988745 0 0.04743133
Neonatal-Rib Uterus 0.02803043 0.502966 0.1876006 0.05573026 0.1494154 -0.2588756 0.9514087 -0.166748 0.541511 0 -0.8406937
Neonatal-Skin Ovary 0.001906507 0.09863804 0.02815411 0.01932831 0.06771681 -0.1900422 0.9811893 0.03393554 -0.1757879 0 -0.9844281
Neonatal-Skin Pancreas 0 0 0 0.01693113 0.02269883 -0.03431653 0.01693172 0.9992676 -0.9994109 0 -0.03432145
Neonatal-Skin Peripheral_Blood 0 0 0 0.01693113 0.06963162 -0.03431653 0.01693172 0.9992676 -0.9994109 0 -0.03432145
Neonatal-Skin Placenta 0 0 0 0.01646689 0.02316504 0.9799444 0.01766762 0.1984864 -0.1985174 0 0.9800974
Neonatal-Skin Prostate 0 0 0 0.01693113 0.003107555 -0.03431653 0.01693172 0.9992676 -0.9994109 0 -0.03432145
Neonatal-Skin Small-Intestine 0 0 0 0.01635121 0.03820605 0.6389964 0.1121761 0.7609863 -0.7658199 0 0.6430551
Neonatal-Skin Spleen 0 0 0 0.01693113 0.02269476 -0.03431653 0.01693172 0.9992676 -0.9994109 0 -0.03432145
Neonatal-Skin Stomach 0 0 0 0.01693113 0.01017712 -0.03431653 0.01693172 0.9992676 -0.9994109 0 -0.03432145
Neonatal-Skin Testis 0 0 0 0.01693113 0.02890335 -0.03431653 0.01693172 0.9992676 -0.9994109 0 -0.03432145
Neonatal-Skin Thymus 0 0 0 0.01693113 0.01411497 -0.03431653 0.01693172 0.9992676 -0.9994109 0 -0.03432145
Neonatal-Skin Trophoblast-Stem-Cell 0 0 0 0.01693113 0.02079854 -0.03431653 0.01693172 0.9992676 -0.9994109 0 -0.03432145
Neonatal-Skin Uterus 0.005479523 0.2683526 0.04101608 0.02041912 0.1335945 0.1134267 0.86125 -0.4953612 0.9747724 0 0.2232013
Ovary Pancreas 0 0 0 0.1058777 0.02269883 -0.03431653 0.01693172 0.9992676 -0.9994109 0 -0.03432145
Ovary Peripheral_Blood 0.0002626202 0.002441421 0.004055799 0.1075686 0.06475178 -0.3655861 0.4723767 -0.8020019 0.9099215 0 -0.4147804
Ovary Placenta 0.005890015 0.06217486 0.3539513 0.09473307 0.01664075 0.1624936 0.4333112 0.8864746 -0.9836118 0 0.1802992
Ovary Prostate 0 0 0 0.1058777 0.003107555 -0.03431653 0.01693172 0.9992676 -0.9994109 0 -0.03432145
Ovary Small-Intestine 0 0 0 0.1058251 0.0385905 0.5115545 0.1734965 0.8415527 -0.8545118 0 0.5194319
Ovary Spleen 0 0 0 0.1071309 0.02058213 0.4518901 0.03573929 0.8913574 -0.8919272 0 0.452179
Ovary Stomach 0 0 0 0.1058777 0.01017712 -0.03431653 0.01693172 0.9992676 -0.9994109 0 -0.03432145
Ovary Testis 0 0 0 0.1058777 0.02890335 -0.03431653 0.01693172 0.9992676 -0.9994109 0 -0.03432145
Ovary Thymus 0 0 0 0.1204588 0.01198823 -0.5336693 0.183975 0.8254395 -0.8397737 0 -0.5429367
Ovary Trophoblast-Stem-Cell 0 0 0 0.1026537 0.02041597 0.1493689 0.02250491 0.9885254 -0.9887758 0 0.1494068
Ovary Uterus 0.02196543 0.3101458 0.155054 0.07082292 0.1416631 -0.01845635 0.9929671 -0.1169433 0.9877738 0 -0.1558935
Pancreas Peripheral_Blood 0 0 0 0.02269883 0.06963162 -0.03431653 0.01693172 0.9992676 -0.9994109 0 -0.03432145
Pancreas Placenta 0 0 0 0.02232097 0.01775585 -0.2472899 0.07461375 0.9660645 -0.9687648 0 -0.2479811
Pancreas Prostate 0 0 0 0.02269883 0.003107555 -0.03431653 0.01693172 0.9992676 -0.9994109 0 -0.03432145
Pancreas Small-Intestine 0 0 0 0.02269883 0.03858032 -0.03431653 0.01693172 0.9992676 -0.9994109 0 -0.03432145
Pancreas Spleen 0 0 0 0.02269883 0.02269476 -0.03431653 0.01693172 0.9992676 -0.9994109 0 -0.03432145
Pancreas Stomach 0 0 0 0.02037576 0.007957717 0.4518901 0.03573929 0.8913574 -0.8919272 0 0.452179
Pancreas Testis 0 0 0 0.02269883 0.02890335 -0.03431653 0.01693172 0.9992676 -0.9994109 0 -0.03432145
Pancreas Thymus 0 0 0 0.02269883 0.01411497 -0.03431653 0.01693172 0.9992676 -0.9994109 0 -0.03432145
Pancreas Trophoblast-Stem-Cell 0 0 0 0.02280971 0.02080604 -0.01288601 0.06498964 0.9978027 -0.9999166 0 -0.01291331
Pancreas Uterus 0 0 0 0.02269883 0.179141 -0.03431653 0.01693172 0.9992676 -0.9994109 0 -0.03432145
Peripheral_Blood Placenta 0 0 0 0.06963162 0.01835931 -0.03431653 0.01693172 0.9992676 -0.9994109 0 -0.03432145
Peripheral_Blood Prostate 0 0 0 0.06963162 0.003107555 -0.03431653 0.01693172 0.9992676 -0.9994109 0 -0.03432145
Peripheral_Blood Small-Intestine 0 0 0 0.06963162 0.03858032 -0.03431653 0.01693172 0.9992676 -0.9994109 0 -0.03432145
Peripheral_Blood Spleen 0.005646694 0.0586856 0.2838051 0.09621943 0.01989638 -0.01845635 0.9929671 -0.1169433 0.9877738 0 -0.1558935
Peripheral_Blood Stomach 0 0 0 0.06963162 0.01017712 -0.03431653 0.01693172 0.9992676 -0.9994109 0 -0.03432145
Peripheral_Blood Testis 0 0 0 0.06963162 0.02890335 -0.03431653 0.01693172 0.9992676 -0.9994109 0 -0.03432145
Peripheral_Blood Thymus 0.001776478 0.01803401 0.1621934 0.09850709 0.01095284 0.1592604 0.9867798 0.03002927 -0.1852895 0 0.982684
Peripheral_Blood Trophoblast-Stem-Cell 0 0 0 0.06963162 0.02079854 -0.03431653 0.01693172 0.9992676 -0.9994109 0 -0.03432145
Peripheral_Blood Uterus 0.02599458 0.5086985 0.1406951 0.05110018 0.1847583 -0.467636 0.07052074 -0.8811035 0.8833027 0 -0.4688032
Placenta Prostate 0 0 0 0.01835931 0.003107555 -0.03431653 0.01693172 0.9992676 -0.9994109 0 -0.03432145
Placenta Small-Intestine 0 0 0 0.01751002 0.03789723 0.2073021 0.003277564 0.9782715 -0.9782767 0 0.2073032
Placenta Spleen 0 0 0 0.01835931 0.02269476 -0.03431653 0.01693172 0.9992676 -0.9994109 0 -0.03432145
Placenta Stomach 0 0 0 0.01840784 0.01031296 -0.1153257 0.02846082 0.9929199 -0.9933223 0 -0.1153724
Placenta Testis 0 0 0 0.01835931 0.02890335 -0.03431653 0.01693172 0.9992676 -0.9994109 0 -0.03432145
Placenta Thymus 0 0 0 0.01835931 0.01411497 -0.03431653 0.01693172 0.9992676 -0.9994109 0 -0.03432145
Placenta Trophoblast-Stem-Cell 0 0 0 0.01835931 0.02079854 -0.03431653 0.01693172 0.9992676 -0.9994109 0 -0.03432145
Placenta Uterus 0 0 0 0.02347119 0.1174579 0.9866806 0.04926628 0.1550293 -0.1552178 0 0.9878803
Prostate Small-Intestine 0 0 0 0.003107555 0.03858032 -0.03431653 0.01693172 0.9992676 -0.9994109 0 -0.03432145
Prostate Spleen 0 0 0 0.003107555 0.02269476 -0.03431653 0.01693172 0.9992676 -0.9994109 0 -0.03432145
Prostate Stomach 0 0 0 0.003107555 0.01017712 -0.03431653 0.01693172 0.9992676 -0.9994109 0 -0.03432145
Prostate Testis 0 0 0 0.003107555 0.02890335 -0.03431653 0.01693172 0.9992676 -0.9994109 0 -0.03432145
Prostate Thymus 0 0 0 0.003107555 0.01411497 -0.03431653 0.01693172 0.9992676 -0.9994109 0 -0.03432145
Prostate Trophoblast-Stem-Cell 0 0 0 0.003107555 0.02079854 -0.03431653 0.01693172 0.9992676 -0.9994109 0 -0.03432145
Prostate Uterus 0 0 0 0.003107555 0.179141 -0.03431653 0.01693172 0.9992676 -0.9994109 0 -0.03432145
Small-Intestine Spleen 0 0 0 0.03858032 0.02269476 -0.03431653 0.01693172 0.9992676 -0.9994109 0 -0.03432145
Small-Intestine Stomach 0 0 0 0.03858032 0.01017712 -0.03431653 0.01693172 0.9992676 -0.9994109 0 -0.03432145
Small-Intestine Testis 0 0 0 0.03858032 0.02890335 -0.03431653 0.01693172 0.9992676 -0.9994109 0 -0.03432145
Small-Intestine Thymus 0 0 0 0.03858032 0.01411497 -0.03431653 0.01693172 0.9992676 -0.9994109 0 -0.03432145
Small-Intestine Trophoblast-Stem-Cell 0 0 0 0.03858032 0.02079854 -0.03431653 0.01693172 0.9992676 -0.9994109 0 -0.03432145
Small-Intestine Uterus 0 0 0 0.04298576 0.1517311 -0.6848918 0.444456 0.5773926 -0.6445547 0 -0.7645582
Spleen Stomach 0 0 0 0.02269476 0.01017712 -0.03431653 0.01693172 0.9992676 -0.9994109 0 -0.03432145
Spleen Testis 0 0 0 0.02269476 0.02890335 -0.03431653 0.01693172 0.9992676 -0.9994109 0 -0.03432145
Spleen Thymus 0.0005316117 0.02449398 0.05440134 0.02170377 0.009772032 0.5578465 0.8288437 0.04272455 -0.07636472 0 0.99708
Spleen Trophoblast-Stem-Cell 0 0 0 0.02269476 0.02079854 -0.03431653 0.01693172 0.9992676 -0.9994109 0 -0.03432145
Spleen Uterus 0.005251138 0.3156867 0.03332921 0.01663401 0.1575536 -0.611925 0.5368491 -0.5808105 0.6884265 0 -0.7253061
Stomach Testis 0 0 0 0.01017712 0.02890335 -0.03431653 0.01693172 0.9992676 -0.9994109 0 -0.03432145
Stomach Thymus 0 0 0 0.01017712 0.01411497 -0.03431653 0.01693172 0.9992676 -0.9994109 0 -0.03432145
Stomach Trophoblast-Stem-Cell 0 0 0 0.01017712 0.02079854 -0.03431653 0.01693172 0.9992676 -0.9994109 0 -0.03432145
Stomach Uterus 0 0 0 0.01017712 0.179141 -0.03431653 0.01693172 0.9992676 -0.9994109 0 -0.03432145
Testis Thymus 0 0 0 0.02890335 0.01411497 -0.03431653 0.01693172 0.9992676 -0.9994109 0 -0.03432145
Testis Trophoblast-Stem-Cell 0 0 0 0.03029366 0.02081922 -0.1153257 0.02846082 0.9929199 -0.9933223 0 -0.1153724
Testis Uterus 0 0 0 0.02890335 0.179141 -0.03431653 0.01693172 0.9992676 -0.9994109 0 -0.03432145
Thymus Trophoblast-Stem-Cell 0 0 0 0.01411497 0.02079854 -0.03431653 0.01693172 0.9992676 -0.9994109 0 -0.03432145
Thymus Uterus 0 0 0 0.009665986 0.1465357 -0.6322958 0.7536591 -0.1794433 0.273015 0 -0.9620098
Trophoblast-Stem-Cell Uterus 0 0 0 0.0197302 0.1846463 0.3215272 0.05887337 0.9450684 -0.9467105 0 0.3220858
