38 37 0 0 0
38 41 0 0 0
38 16 0 0 0
38 21 0 0 0
38 12 0 0 0
38 7 0 0 0
38 29 0 0 0
38 6 0 0 0
38 11 0 0 0
38 1 0 0 0
38 5 0 0 0
38 14 0 0 0
38 22 0 0 0
38 10 0 0 0
38 26 0 0 0
38 27 0 0 0
38 19 0 0 0
38 13 0 0 0
38 2 0 0 0
38 47 0 0 0
38 35 0 0 0
38 8 0 0 0
38 43 0 0 0
38 24 0 0 0
38 15 0 0 0
38 34 0 0 0
38 17 0 0 0
38 39 0 0 0
38 30 0 0 0
38 25 0 0 0
38 44 0 0 0
38 23 0 0 0
38 46 0 0 0
38 18 0 0 0
38 3 0 0 0
38 9 0 0 0
38 45 0 0 0
38 0 0 0 0
38 28 0 0 0
38 42 0 0 0
38 48 0 0 0
38 31 0 0 0
38 20 0 0 0
38 32 0 0 0
38 33 0 0 0
38 40 0 0 0
38 4 0 0 0
38 49 0 0 0
38 36 0 0 0
37 41 0 0 0
37 16 0 0 0
37 21 0 0 0
37 12 0 0 0
37 7 0 0 0
37 29 0 0 0
37 6 0 0 0
37 11 0 0 0
37 1 0 0 0
37 5 0 0 0
37 14 0 0 0
37 22 0 0 0
37 10 0 0 0
37 26 0 0 0
37 27 0 0 0
37 19 0 0 0
37 13 0 0 0
37 2 0 0 0
37 47 0 0 0
37 35 0 0 0
37 8 0 0 0
37 43 0 0 0
37 24 0 0 0
37 15 0 0 0
37 34 0 0 0
37 17 0 0 0
37 39 0 0 0
37 30 0 0 0
37 25 0 0 0
37 44 0 0 0
37 23 0 0 0
37 46 0 0 0
37 18 0 0 0
37 3 0 0 0
37 9 0 0 0
37 45 0 0 0
37 0 0 0 0
37 28 0 0 0
37 42 0 0 0
37 48 0 0 0
37 31 0 0 0
37 20 0 0 0
37 32 0 0 0
37 33 0 0 0
37 40 0 0 0
37 4 0 0 0
37 49 0 0 0
37 36 0 0 0
41 16 0 0 0
41 21 0.003701171 0.5070267 0.08329664
41 12 0.004533843 0.6210952 0.09708822
41 7 0 0 0
41 29 0 0 0
41 6 0 0 0
41 11 0 0 0
41 1 0 0 0
41 5 0 0 0
41 14 0 0 0
41 22 0 0 0
41 10 0 0 0
41 26 0 0 0
41 27 0 0 0
41 19 0.002118676 0.2902393 0.1522986
41 13 0 0 0
41 2 0 0 0
41 47 0 0 0
41 35 4.602774E-05 0.006305382 0.003571801
41 8 0 0 0
41 43 0 0 0
41 24 0.002418423 0.331302 0.2097294
41 15 0 0 0
41 34 0 0 0
41 17 0 0 0
41 39 0 0 0
41 30 0 0 0
41 25 0 0 0
41 44 0 0 0
41 23 0 0 0
41 46 0 0 0
41 18 0 0 0
41 3 0 0 0
41 9 0 0 0
41 45 0 0 0
41 0 0 0 0
41 28 0 0 0
41 42 0 0 0
41 48 0 0 0
41 31 0 0 0
41 20 0 0 0
41 32 0.001431814 0.1961455 0.1648805
41 33 0 0 0
41 40 0 0 0
41 4 0 0 0
41 49 0 0 0
41 36 0 0 0
16 21 0.00241677 0.05124884 0.05439059
16 12 0 0 0
16 7 0.01311753 0.2781639 0.3195778
16 29 0 0 0
16 6 0 0 0
16 11 0.01122779 0.2380909 0.3704758
16 1 0 0 0
16 5 0 0 0
16 14 0.01867005 0.3959078 0.2368926
16 22 0.008158274 0.1730004 0.8588576
16 10 0 0 0
16 26 0.02662644 0.5646272 0.2278852
16 27 0 0 0
16 19 0.006520759 0.138276 0.4687375
16 13 0.005240171 0.1111205 0.6011289
16 2 0 0 0
16 47 0 0 0
16 35 0 0 0
16 8 0 0 0
16 43 0.03023322 0.6411107 0.1922219
16 24 0 0 0
16 15 0 0 0
16 34 0 0 0
16 17 0.008789299 0.1863815 0.7619449
16 39 0 0 0
16 30 0 0 0
16 25 0.001862651 0.03949846 0.09271256
16 44 0 0 0
16 23 0.005367785 0.1138266 0.6560497
16 46 0 0 0
16 18 0 0 0
16 3 0 0 0
16 9 0 0 0
16 45 0 0 0
16 0 0 0 0
16 28 0 0 0
16 42 0 0 0
16 48 0 0 0
16 31 0 0 0
16 20 0 0 0
16 32 0 0 0
16 33 0 0 0
16 40 0 0 0
16 4 0 0 0
16 49 0 0 0
16 36 0 0 0
21 12 0.01548954 0.3485997 0.3316948
21 7 0.0221927 0.4994575 0.5406731
21 29 0 0 0
21 6 0.01691218 0.3806169 0.5488295
21 11 0.001523698 0.03429157 0.05027646
21 1 0 0 0
21 5 0 0 0
21 14 0.01390879 0.3130241 0.17648
21 22 0.001958241 0.04407115 0.2061527
21 10 0.002356244 0.05302842 0.09094137
21 26 0.01237058 0.2784059 0.1058749
21 27 0 0 0
21 19 0.001082496 0.02436209 0.07781401
21 13 0 0 0
21 2 0 0 0
21 47 0 0 0
21 35 0.01288643 0.2900152 1
21 8 0 0 0
21 43 0.02142731 0.482232 0.1362342
21 24 0.001333897 0.03002001 0.1156776
21 15 0 0 0
21 34 0 0 0
21 17 0 0 0
21 39 0 0 0
21 30 0 0 0
21 25 0 0 0
21 44 0 0 0
21 23 0 0 0
21 46 0 0 0
21 18 0 0 0
21 3 0 0 0
21 9 0 0 0
21 45 0 0 0
21 0 0 0 0
21 28 0 0 0
21 42 0 0 0
21 48 0 0 0
21 31 0 0 0
21 20 0.0007275001 0.01637274 0.06885119
21 32 0.004289132 0.09652898 0.4939146
21 33 0 0 0
21 40 0 0 0
21 4 0 0 0
21 49 0 0 0
21 36 0 0 0
12 7 0.009112293 0.1951317 0.2219996
12 29 0 0 0
12 6 0.0008895858 0.01904969 0.02886859
12 11 0 0 0
12 1 0 0 0
12 5 0 0 0
12 14 0 0 0
12 22 0 0 0
12 10 0 0 0
12 26 0 0 0
12 27 0 0 0
12 19 4.037093E-05 0.0008645077 0.002902019
12 13 0 0 0
12 2 0 0 0
12 47 0 0 0
12 35 0.002234084 0.04784092 0.1733672
12 8 0 0 0
12 43 2.402579E-05 0.0005144909 0.0001527552
12 24 0.006910507 0.1479824 0.5992898
12 15 0 0 0
12 34 0.01162224 0.2488799 0.264178
12 17 0 0 0
12 39 0.003893597 0.08337792 0.9224038
12 30 0 0 0
12 25 0 0 0
12 44 0.0004643405 0.00994344 0.1256064
12 23 0 0 0
12 46 0 0 0
12 18 0 0 0
12 3 0 0 0
12 9 0 0 0
12 45 0 0 0
12 0 0 0 0
12 28 0 0 0
12 42 0 0 0
12 48 0 0 0
12 31 0 0 0
12 20 0.002800372 0.05996749 0.2650295
12 32 0.008683953 0.1859592 1
12 33 0.001833885 0.03927102 0.3822496
12 40 0 0 0
12 4 0 0 0
12 49 0 0 0
12 36 0 0 0
7 29 0 0 0
7 6 0.003710691 0.09040228 0.1204183
7 11 0 0 0
7 1 0 0 0
7 5 0 0 0
7 14 0.003710716 0.09040289 0.04708297
7 22 0.005324008 0.129707 0.5604819
7 10 0.0002087731 0.005086267 0.008057786
7 26 0.007162916 0.1745076 0.06130458
7 27 0 0 0
7 19 0.005739745 0.1398354 0.4125952
7 13 0 0 0
7 2 0 0 0
7 47 0 0 0
7 35 0.008096502 0.1972523 0.628297
7 8 0 0 0
7 43 0.01864229 0.4541755 0.1185271
7 24 0 0 0
7 15 0 0 0
7 34 0 0 0
7 17 2.215376E-06 5.397243E-05 0.0001920511
7 39 0 0 0
7 30 0 0 0
7 25 0 0 0
7 44 0 0 0
7 23 0.001805526 0.04398739 0.220671
7 46 0 0 0
7 18 0 0 0
7 3 0 0 0
7 9 0 0 0
7 45 0 0 0
7 0 0 0 0
7 28 0 0 0
7 42 0 0 0
7 48 0 0 0
7 31 0 0 0
7 20 0.002535783 0.06177841 0.2399886
7 32 0.0001142446 0.002783301 0.01315582
7 33 0 0 0
7 40 0 0 0
7 4 0 0 0
7 49 0 0 0
7 36 0 0 0
29 6 0 0 0
29 11 0 0 0
29 1 0 0 0
29 5 7.1643E-05 0.003227392 0.00191804
29 14 0.01107038 0.498701 0.1404651
29 22 0 0 0
29 10 0 0 0
29 26 0.02219842 1 0.1899876
29 27 0 0 0
29 19 0 0 0
29 13 0.001601307 0.07213607 0.1836948
29 2 0.01737545 0.7827336 0.8309629
29 47 0.001259915 0.05675697 0.3989463
29 35 0 0 0
29 8 0 0 0
29 43 0.02219842 1 0.1411369
29 24 0 0 0
29 15 0 0 0
29 34 0 0 0
29 17 0 0 0
29 39 0 0 0
29 30 0 0 0
29 25 0 0 0
29 44 0 0 0
29 23 0 0 0
29 46 0 0 0
29 18 0 0 0
29 3 0 0 0
29 9 0 0 0
29 45 0 0 0
29 0 0 0 0
29 28 0 0 0
29 42 0 0 0
29 48 0 0 0
29 31 0 0 0
29 20 0 0 0
29 32 0 0 0
29 33 0 0 0
29 40 0 0 0
29 4 0 0 0
29 49 0 0 0
29 36 0 0 0
6 11 0.000742222 0.02408638 0.02449061
6 1 0 0 0
6 5 0 0 0
6 14 0.01344709 0.4363811 0.1706217
6 22 0 0 0
6 10 0.006028759 0.1956436 0.2326854
6 26 0.01381561 0.4483403 0.1182424
6 27 0 0 0
6 19 0 0 0
6 13 0 0 0
6 2 0 0 0
6 47 0.0006954694 0.02256918 0.2202172
6 35 0.005877737 0.1907427 0.4561185
6 8 0 0 0
6 43 0.02611846 0.8475891 0.1660604
6 24 0 0 0
6 15 0 0 0
6 34 0 0 0
6 17 0 0 0
6 39 0 0 0
6 30 0 0 0
6 25 0 0 0
6 44 0 0 0
6 23 0 0 0
6 46 0 0 0
6 18 0 0 0
6 3 0 0 0
6 9 0 0 0
6 45 0 0 0
6 0 0 0 0
6 28 0 0 0
6 42 0 0 0
6 48 0 0 0
6 31 0 0 0
6 20 0 0 0
6 32 0 0 0
6 33 0 0 0
6 40 0 0 0
6 4 0 0 0
6 49 0 0 0
6 36 0 0 0
11 1 0.007624547 0.2515821 0.271206
11 5 0.008555588 0.2823031 0.2290518
11 14 0.02703488 0.8920522 0.3430288
11 22 0.0019813 0.06537566 0.2085802
11 10 0 0 0
11 26 0.02327882 0.7681159 0.1992343
11 27 0 0 0
11 19 0 0 0
11 13 0.005650808 0.186456 0.6482354
11 2 0 0 0
11 47 0 0 0
11 35 0.0006466606 0.02133743 0.05018153
11 8 0 0 0
11 43 0.01578683 0.5209075 0.1003722
11 24 0 0 0
11 15 0 0 0
11 34 0 0 0
11 17 0 0 0
11 39 0 0 0
11 30 0 0 0
11 25 0 0 0
11 44 0 0 0
11 23 0 0 0
11 46 0 0 0
11 18 0 0 0
11 3 0 0 0
11 9 0 0 0
11 45 0 0 0
11 0 0 0 0
11 28 0 0 0
11 42 0 0 0
11 48 0 0 0
11 31 0 0 0
11 20 0 0 0
11 32 0 0 0
11 33 0 0 0
11 40 0 0 0
11 4 0 0 0
11 49 0 0 0
11 36 0 0 0
1 5 0.02208182 0.7854529 0.5911788
1 14 0.00965555 0.343449 0.1225133
1 22 0 0 0
1 10 0 0 0
1 26 0.005383353 0.1914864 0.046074
1 27 0 0 0
1 19 0 0 0
1 13 0 0 0
1 2 0 0 0
1 47 0 0 0
1 35 0 0 0
1 8 0 0 0
1 43 0 0 0
1 24 0 0 0
1 15 0 0 0
1 34 0 0 0
1 17 0 0 0
1 39 0 0 0
1 30 0 0 0
1 25 0 0 0
1 44 0 0 0
1 23 0 0 0
1 46 0 0 0
1 18 0 0 0
1 3 0 0 0
1 9 0 0 0
1 45 0 0 0
1 0 0 0 0
1 28 0 0 0
1 42 0 0 0
1 48 0 0 0
1 31 0 0 0
1 20 0 0 0
1 32 0 0 0
1 33 0 0 0
1 40 0 0 0
1 4 0 0 0
1 49 0 0 0
1 36 0 0 0
5 14 0.01756141 0.4701573 0.2228258
5 22 0 0 0
5 10 0 0 0
5 26 0.01733229 0.4640234 0.1483403
5 27 0 0 0
5 19 0 0 0
5 13 0 0 0
5 2 0 0 0
5 47 0 0 0
5 35 0 0 0
5 8 0 0 0
5 43 0.005448889 0.1458787 0.03464387
5 24 0 0 0
5 15 0 0 0
5 34 0 0 0
5 17 0 0 0
5 39 0 0 0
5 30 0 0 0
5 25 0 0 0
5 44 0 0 0
5 23 0 0 0
5 46 0 0 0
5 18 0 0 0
5 3 0 0 0
5 9 0 0 0
5 45 0 0 0
5 0 0 0 0
5 28 0 0 0
5 42 0 0 0
5 48 0 0 0
5 31 0 0 0
5 20 0 0 0
5 32 0 0 0
5 33 0 0 0
5 40 0 0 0
5 4 0 0 0
5 49 0 0 0
5 36 0 0 0
14 22 0.00617162 0.07830785 0.6497137
14 10 9.92697E-05 0.001259572 0.003831404
14 26 0.06956314 0.8826435 0.5953636
14 27 0 0 0
14 19 0 0 0
14 13 0.008717217 0.1106073 1
14 2 0.008227179 0.1043896 0.3934563
14 47 0 0 0
14 35 0.006414141 0.08138505 0.497744
14 8 0 0 0
14 43 0.05131922 0.6511577 0.3262861
14 24 0 0 0
14 15 0 0 0
14 34 0 0 0
14 17 8.600549E-05 0.00109127 0.007455822
14 39 0 0 0
14 30 0 0 0
14 25 0 0 0
14 44 0 0 0
14 23 0 0 0
14 46 0 0 0
14 18 0 0 0
14 3 0 0 0
14 9 0 0 0
14 45 0 0 0
14 0 0 0 0
14 28 0 0 0
14 42 0 0 0
14 48 0 0 0
14 31 0 0 0
14 20 0 0 0
14 32 0 0 0
14 33 0 0 0
14 40 0 0 0
14 4 0 0 0
14 49 0 0 0
14 36 0 0 0
22 10 0 0 0
22 26 0.008381817 0.8823909 0.07173667
22 27 0 0 0
22 19 0 0 0
22 13 0 0 0
22 2 0 0 0
22 47 0 0 0
22 35 0.0002290439 0.02411246 0.01777404
22 8 0 0 0
22 43 0.009498984 1 0.06039425
22 24 0 0 0
22 15 0 0 0
22 34 0 0 0
22 17 0 0 0
22 39 0 0 0
22 30 0 0 0
22 25 0 0 0
22 44 0 0 0
22 23 0 0 0
22 46 0 0 0
22 18 0 0 0
22 3 0 0 0
22 9 0 0 0
22 45 0 0 0
22 0 0 0 0
22 28 0 0 0
22 42 0 0 0
22 48 0 0 0
22 31 0 0 0
22 20 0 0 0
22 32 0 0 0
22 33 0 0 0
22 40 0 0 0
22 4 0 0 0
22 49 0 0 0
22 36 0 0 0
10 26 0 0 0
10 27 0 0 0
10 19 0 0 0
10 13 0 0 0
10 2 0 0 0
10 47 0 0 0
10 35 0 0 0
10 8 0 0 0
10 43 0.01569119 0.6056154 0.09976409
10 24 0 0 0
10 15 0 0 0
10 34 0 0 0
10 17 0 0 0
10 39 0 0 0
10 30 0 0 0
10 25 0 0 0
10 44 0 0 0
10 23 0 0 0
10 46 0 0 0
10 18 0 0 0
10 3 0 0 0
10 9 3.617688E-05 0.001396279 0.004148887
10 45 0.0002290324 0.008839712 0.3060358
10 0 0 0 0
10 28 7.069037E-05 0.002728358 0.001706232
10 42 0 0 0
10 48 0 0 0
10 31 0 0 0
10 20 0 0 0
10 32 0 0 0
10 33 0 0 0
10 40 0 0 0
10 4 0 0 0
10 49 0 0 0
10 36 0 0 0
26 27 0.003797612 0.03250227 0.3769587
26 19 0.0002163292 0.001851477 0.01555059
26 13 0.008717217 0.07460723 1
26 2 0.02091002 0.1789606 1
26 47 0.003072908 0.02629982 0.9730224
26 35 0.005778148 0.0494529 0.4483903
26 8 0 0 0
26 43 0.09658287 0.8266148 0.614071
26 24 0 0 0
26 15 0 0 0
26 34 0 0 0
26 17 0.002460576 0.02105911 0.2133075
26 39 0 0 0
26 30 0 0 0
26 25 0 0 0
26 44 0 0 0
26 23 0 0 0
26 46 0 0 0
26 18 0 0 0
26 3 0 0 0
26 9 0 0 0
26 45 0 0 0
26 0 0 0 0
26 28 0 0 0
26 42 0 0 0
26 48 0 0 0
26 31 0 0 0
26 20 0 0 0
26 32 0 0 0
26 33 0 0 0
26 40 0 0 0
26 4 0 0 0
26 49 0 0 0
26 36 0 0 0
27 19 0 0 0
27 13 0 0 0
27 2 7.334647E-06 0.0007280521 0.0003507719
27 47 0 0 0
27 35 0 0 0
27 8 0 0 0
27 43 0.00410299 0.4072712 0.02608669
27 24 0 0 0
27 15 0 0 0
27 34 0 0 0
27 17 0 0 0
27 39 0 0 0
27 30 0 0 0
27 25 0 0 0
27 44 0 0 0
27 23 0 0 0
27 46 0 0 0
27 18 0 0 0
27 3 0 0 0
27 9 0 0 0
27 45 0 0 0
27 0 0 0 0
27 28 0 0 0
27 42 0 0 0
27 48 0 0 0
27 31 0 0 0
27 20 0 0 0
27 32 0 0 0
27 33 0 0 0
27 40 0 0 0
27 4 0 0 0
27 49 0 0 0
27 36 0 0 0
19 13 0 0 0
19 2 0 0 0
19 47 0 0 0
19 35 8.070537E-06 0.0005801415 0.000626282
19 8 0 0 0
19 43 0.008153672 0.5861176 0.0518408
19 24 3.436503E-05 0.002470292 0.002980188
19 15 0 0 0
19 34 0.00033277 0.0239208 0.007563994
19 17 0 0 0
19 39 0 0 0
19 30 0 0 0
19 25 0 0 0
19 44 0 0 0
19 23 0.005497651 0.3951925 0.6719219
19 46 0 0 0
19 18 0 0 0
19 3 0 0 0
19 9 0 0 0
19 45 0 0 0
19 0 0 0 0
19 28 0 0 0
19 42 0 0 0
19 48 0 0 0
19 31 0 0 0
19 20 0 0 0
19 32 0 0 0
19 33 0 0 0
19 40 0 0 0
19 4 0 0 0
19 49 0 0 0
19 36 0 0 0
13 2 0.0008274084 0.09491658 0.03956995
13 47 0 0 0
13 35 0 0 0
13 8 0 0 0
13 43 0.008717217 1 0.0554238
13 24 0 0 0
13 15 0 0 0
13 34 0 0 0
13 17 0 0 0
13 39 0 0 0
13 30 0 0 0
13 25 0 0 0
13 44 0 0 0
13 23 0 0 0
13 46 0 0 0
13 18 0 0 0
13 3 0 0 0
13 9 0 0 0
13 45 0 0 0
13 0 0 0 0
13 28 0 0 0
13 42 0 0 0
13 48 0 0 0
13 31 0 0 0
13 20 0 0 0
13 32 0 0 0
13 33 0 0 0
13 40 0 0 0
13 4 0 0 0
13 49 0 0 0
13 36 0 0 0
2 47 0.001226398 0.0586512 0.3883332
2 35 0 0 0
2 8 0 0 0
2 43 0.02091002 1 0.1329453
2 24 0 0 0
2 15 0 0 0
2 34 0 0 0
2 17 0 0 0
2 39 0 0 0
2 30 0 0 0
2 25 0 0 0
2 44 0 0 0
2 23 0 0 0
2 46 0 0 0
2 18 0 0 0
2 3 0 0 0
2 9 0 0 0
2 45 0 0 0
2 0 0 0 0
2 28 0 0 0
2 42 0 0 0
2 48 0 0 0
2 31 0 0 0
2 20 0 0 0
2 32 0 0 0
2 33 0 0 0
2 40 0 0 0
2 4 0 0 0
2 49 0 0 0
2 36 0 0 0
47 35 0 0 0
47 8 0 0 0
47 43 0.003158106 1 0.02007915
47 24 0 0 0
47 15 0 0 0
47 34 0 0 0
47 17 0 0 0
47 39 0 0 0
47 30 0 0 0
47 25 0 0 0
47 44 0 0 0
47 23 0 0 0
47 46 0 0 0
47 18 0 0 0
47 3 0 0 0
47 9 0 0 0
47 45 0 0 0
47 0 0 0 0
47 28 0 0 0
47 42 0 0 0
47 48 0 0 0
47 31 0 0 0
47 20 0 0 0
47 32 0 0 0
47 33 0 0 0
47 40 0 0 0
47 4 0 0 0
47 49 0 0 0
47 36 0 0 0
35 8 0 0 0
35 43 0.008895084 0.6902678 0.05655468
35 24 0 0 0
35 15 0 0 0
35 34 0 0 0
35 17 0 0 0
35 39 0 0 0
35 30 0 0 0
35 25 0 0 0
35 44 0 0 0
35 23 0 0 0
35 46 0 0 0
35 18 0 0 0
35 3 0 0 0
35 9 0 0 0
35 45 0 0 0
35 0 0 0 0
35 28 0 0 0
35 42 0 0 0
35 48 0 0 0
35 31 0 0 0
35 20 0 0 0
35 32 0 0 0
35 33 0 0 0
35 40 0 0 0
35 4 0 0 0
35 49 0 0 0
35 36 0 0 0
8 43 0 0 0
8 24 0 0 0
8 15 0 0 0
8 34 0 0 0
8 17 0 0 0
8 39 0 0 0
8 30 0 0 0
8 25 0 0 0
8 44 0 0 0
8 23 0 0 0
8 46 0 0 0
8 18 0 0 0
8 3 0 0 0
8 9 0 0 0
8 45 0 0 0
8 0 0 0 0
8 28 0 0 0
8 42 0 0 0
8 48 0 0 0
8 31 0 0 0
8 20 0 0 0
8 32 0 0 0
8 33 0 0 0
8 40 0 0 0
8 4 0 0 0
8 49 0 0 0
8 36 0 0 0
43 24 0 0 0
43 15 0 0 0
43 34 0.001315344 0.008362921 0.0298983
43 17 0.0009045161 0.005750886 0.07841256
43 39 0 0 0
43 30 0 0 0
43 25 0 0 0
43 44 0 0 0
43 23 0.007874926 0.05006854 0.962472
43 46 0 0 0
43 18 6.942862E-06 4.414251E-05 0.0002038307
43 3 0 0 0
43 9 0.00178046 0.01132011 0.2041891
43 45 0 0 0
43 0 0 0 0
43 28 0 0 0
43 42 0 0 0
43 48 0 0 0
43 31 0 0 0
43 20 0 0 0
43 32 0 0 0
43 33 0 0 0
43 40 0 0 0
43 4 0 0 0
43 49 0 0 0
43 36 0 0 0
24 15 0 0 0
24 34 0.006783893 0.5883096 0.1542006
24 17 0 0 0
24 39 0 0 0
24 30 0 0 0
24 25 0 0 0
24 44 0.0006923007 0.06003738 0.1872707
24 23 0 0 0
24 46 0 0 0
24 18 0 0 0
24 3 0 0 0
24 9 0 0 0
24 45 0 0 0
24 0 0 0 0
24 28 0 0 0
24 42 0 0 0
24 48 0 0 0
24 31 0 0 0
24 20 0 0 0
24 32 0 0 0
24 33 0 0 0
24 40 0 0 0
24 4 0 0 0
24 49 0 0 0
24 36 0 0 0
15 34 0.01016673 0.7634445 0.2310937
15 17 0 0 0
15 39 0 0 0
15 30 0 0 0
15 25 0 0 0
15 44 2.848526E-07 2.139027E-05 7.705401E-05
15 23 0 0 0
15 46 0 0 0
15 18 0 0 0
15 3 0 0 0
15 9 0 0 0
15 45 0 0 0
15 0 0 0 0
15 28 0 0 0
15 42 0 0 0
15 48 0 0 0
15 31 0 0 0
15 20 0 0 0
15 32 0 0 0
15 33 0 0 0
15 40 0 0 0
15 4 0 0 0
15 49 0 0 0
15 36 0 0 0
34 17 0 0 0
34 39 0.0009939254 0.02259232 0.2354637
34 30 0 0 0
34 25 0 0 0
34 44 0.002459377 0.0559026 0.6652734
34 23 7.555013E-05 0.001717284 0.009233723
34 46 0 0 0
34 18 0 0 0
34 3 0 0 0
34 9 0 0 0
34 45 0 0 0
34 0 0 0 0
34 28 0 0 0
34 42 0.001162506 0.02642422 0.4435239
34 48 0 0 0
34 31 0 0 0
34 20 0 0 0
34 32 7.715133E-05 0.00175368 0.008884355
34 33 0 0 0
34 40 0 0 0
34 4 0 0 0
34 49 0 0 0
34 36 0 0 0
17 39 0 0 0
17 30 0 0 0
17 25 0.003650018 0.3164203 0.1816779
17 44 0 0 0
17 23 0 0 0
17 46 0 0 0
17 18 0 0 0
17 3 0 0 0
17 9 0 0 0
17 45 0 0 0
17 0 0 0 0
17 28 0 0 0
17 42 0 0 0
17 48 0 0 0
17 31 0 0 0
17 20 0 0 0
17 32 0 0 0
17 33 0 0 0
17 40 0 0 0
17 4 0 0 0
17 49 0 0 0
17 36 0 0 0
39 30 0 0 0
39 25 0 0 0
39 44 0 0 0
39 23 0 0 0
39 46 0 0 0
39 18 0 0 0
39 3 0 0 0
39 9 0 0 0
39 45 0 0 0
39 0 0 0 0
39 28 0 0 0
39 42 0 0 0
39 48 0 0 0
39 31 0 0 0
39 20 0 0 0
39 32 0 0 0
39 33 2.531498E-05 0.005997187 0.005276578
39 40 0 0 0
39 4 0 0 0
39 49 0 0 0
39 36 0 0 0
30 25 0.001918279 0.3222308 0.09548145
30 44 0 0 0
30 23 0 0 0
30 46 0 0 0
30 18 0 0 0
30 3 0 0 0
30 9 0 0 0
30 45 0 0 0
30 0 0 0 0
30 28 0 0 0
30 42 0 0 0
30 48 0 0 0
30 31 0 0 0
30 20 0 0 0
30 32 0 0 0
30 33 0 0 0
30 40 0 0 0
30 4 0 0 0
30 49 0 0 0
30 36 0 0 0
25 44 0 0 0
25 23 0 0 0
25 46 0 0 0
25 18 0 0 0
25 3 0 0 0
25 9 0 0 0
25 45 0 0 0
25 0 0 0 0
25 28 0 0 0
25 42 0 0 0
25 48 0 0 0
25 31 0 0 0
25 20 0 0 0
25 32 0 0 0
25 33 0 0 0
25 40 0 0 0
25 4 0 0 0
25 49 0 0 0
25 36 0 0 0
44 23 0 0 0
44 46 0 0 0
44 18 0 0 0
44 3 0 0 0
44 9 0 0 0
44 45 0 0 0
44 0 0 0 0
44 28 0 0 0
44 42 0 0 0
44 48 0 0 0
44 31 0 0 0
44 20 0 0 0
44 32 0 0 0
44 33 0 0 0
44 40 0 0 0
44 4 0 0 0
44 49 0 0 0
44 36 0 0 0
23 46 0 0 0
23 18 0 0 0
23 3 0 0 0
23 9 0 0 0
23 45 0 0 0
23 0 0 0 0
23 28 0 0 0
23 42 0 0 0
23 48 0 0 0
23 31 0 0 0
23 20 0 0 0
23 32 0 0 0
23 33 0 0 0
23 40 0 0 0
23 4 0 0 0
23 49 0 0 0
23 36 0 0 0
46 18 0 0 0
46 3 0.009286251 0.9495542 0.5031515
46 9 0 0 0
46 45 0 0 0
46 0 0 0 0
46 28 0 0 0
46 42 0 0 0
46 48 0 0 0
46 31 0 0 0
46 20 0 0 0
46 32 0 0 0
46 33 0 0 0
46 40 0 0 0
46 4 0 0 0
46 49 0 0 0
46 36 0 0 0
18 3 0 0 0
18 9 0 0 0
18 45 0 0 0
18 0 0.0006369394 0.01869947 0.04415386
18 28 0.01182052 0.3470305 0.2853083
18 42 0 0 0
18 48 0 0 0
18 31 0 0 0
18 20 0.000131191 0.003851546 0.01241602
18 32 0 0 0
18 33 0 0 0
18 40 0 0 0
18 4 0.01051413 0.3086773 0.3042106
18 49 0 0 0
18 36 0 0 0
3 9 0 0 0
3 45 0 0 0
3 0 0 0 0
3 28 0 0 0
3 42 0 0 0
3 48 0 0 0
3 31 0 0 0
3 20 0 0 0
3 32 0 0 0
3 33 0 0 0
3 40 0 0 0
3 4 0 0 0
3 49 0 0 0
3 36 0 0 0
9 45 9.467679E-05 0.01085785 0.1265082
9 0 0 0 0
9 28 0 0 0
9 42 0 0 0
9 48 0 0 0
9 31 0 0 0
9 20 0 0 0
9 32 0 0 0
9 33 0 0 0
9 40 0 0 0
9 4 0 0 0
9 49 0 0 0
9 36 0 0 0
45 0 0 0 0
45 28 0 0 0
45 42 0 0 0
45 48 0 0 0
45 31 0 0 0
45 20 0 0 0
45 32 0 0 0
45 33 0 0 0
45 40 0 0 0
45 4 0 0 0
45 49 0 0 0
45 36 0 0 0
0 28 0 0 0
0 42 0 0 0
0 48 0 0 0
0 31 0 0 0
0 20 0 0 0
0 32 0 0 0
0 33 0 0 0
0 40 0 0 0
0 4 0 0 0
0 49 0 0 0
0 36 0 0 0
28 42 0.0008479621 0.02046701 0.3235179
28 48 0 0 0
28 31 0 0 0
28 20 0.00353793 0.08539397 0.3348325
28 32 0 0 0
28 33 0.00220849 0.05330566 0.4603311
28 40 0 0 0
28 4 0.0004976105 0.01201068 0.01439761
28 49 0 0 0
28 36 1.251729E-06 3.021261E-05 0.0005883553
42 48 0 0 0
42 31 0 0 0
42 20 0 0 0
42 32 0 0 0
42 33 0 0 0
42 40 0 0 0
42 4 0 0 0
42 49 0 0 0
42 36 0 0 0
48 31 0 0 0
48 20 0 0 0
48 32 0 0 0
48 33 0 0 0
48 40 0 0 0
48 4 0 0 0
48 49 0 0 0
48 36 0 0 0
31 20 0 0 0
31 32 0 0 0
31 33 0 0 0
31 40 0 0 0
31 4 0 0 0
31 49 0 0 0
31 36 0 0 0
20 32 0.0007459892 0.07060102 0.08590433
20 33 0 0 0
20 40 0 0 0
20 4 0 0 0
20 49 0 0 0
20 36 0 0 0
32 33 6.600626E-05 0.007600945 0.01375815
32 40 0 0 0
32 4 0 0 0
32 49 0 0 0
32 36 0 0 0
33 40 0 0 0
33 4 0 0 0
33 49 0 0 0
33 36 0 0 0
40 4 0.005380755 0.655715 0.1556841
40 49 0.0002537917 0.03092782 0.5477026
40 36 0 0 0
4 49 0.0002016594 0.005834712 0.4351971
4 36 0 0 0
49 36 0 0 0
