Bladder Bone-Marrow 0.1089383 0.3529601 0.4785855 0.3086419 0.2276255 0.8504537 0.05474683 0.5231934 -0.5239792 0 0.8517311
Bladder Bone-Marrow_c-kit 0.1253155 0.4035448 0.517475 0.3105369 0.2421674 -0.9861851 0.03736808 -0.1613769 0.1614897 0 -0.9868744
Bladder Brain 0.1592237 0.7107192 0.5788339 0.2240318 0.2750767 -0.7499 0.5507818 0.3664551 -0.4390528 0 -0.8984613
Bladder Embryonic-Mesenchyme 0.1483114 0.4733234 0.7232677 0.3133405 0.2050574 0.8906685 0.04010629 0.4528809 -0.4532456 0 0.8913857
Bladder Embryonic-Stem-Cell 0.006891406 0.02177561 0.2383187 0.3164735 0.02891676 0.9499839 0.005177998 0.3122559 -0.3122601 0 0.9499967
Bladder Fetal_Brain 0.1290966 0.4480806 0.9718465 0.2881103 0.1328365 -0.8645056 0.3613501 -0.3493653 0.3746825 0 -0.9271532
Bladder Fetal_Intestine 0.1702933 0.7073125 0.5558741 0.2407611 0.3063523 -0.8908867 0.3816261 0.2463379 -0.2665081 0 -0.9638327
Bladder Fetal-Liver 0.09995004 0.3359312 0.497333 0.2975313 0.200972 -0.9822438 0.11932 -0.1447754 0.1458172 0 -0.9893116
Bladder Fetal_Lung 0.1376778 0.5174983 0.6330993 0.2660449 0.2174663 -0.9635814 0.2642128 -0.04125978 0.04277999 0 -0.9990845
Bladder Fetal_Stomache 0.1494306 0.5884027 0.5281807 0.2539597 0.2829156 -0.9230211 0.3086314 0.2297363 -0.2415272 0 -0.9703941
Bladder Fetal_Kidney 0.006492639 0.0220767 0.943335 0.2940947 0.006882644 -0.5963449 0.01955031 0.8024902 -0.8026436 0 -0.5964589
Bladder Kidney 0.09804707 0.4403343 0.6712254 0.2226651 0.1460717 -0.7351614 0.5184321 0.4367676 -0.5107682 0 -0.8597184
Bladder Liver 0.1417918 0.456719 0.7683811 0.3104574 0.1845331 -0.2617084 0.08185159 -0.9616699 0.9649076 0 -0.2625895
Bladder Lung 0.1346579 0.5730633 0.2995834 0.2349792 0.449484 -0.7041171 0.6375031 0.3127441 -0.4059252 0 -0.9139063
Bladder MammaryGland.Involution 0.2176603 0.9485485 0.6303612 0.2294667 0.3452946 -0.8573598 0.4773145 0.192627 -0.21921 0 -0.9756777
Bladder MammaryGland.Lactation 0.03675474 0.1232254 0.449451 0.2982724 0.08177697 0.6435109 0.009261083 -0.7653809 0.7654137 0 0.6435385
Bladder MammaryGland.Pregnancy 0.2000554 0.8718274 0.7679427 0.2294667 0.2605082 -0.8573598 0.4773145 0.192627 -0.21921 0 -0.9756777
Bladder MammaryGland.Virgin 0.1436389 0.6134486 0.4111703 0.2341499 0.3493418 -0.7341484 0.6233062 0.2692871 -0.3443666 0 -0.9388353
Bladder Mesenchymal-Stem-Cell-Cultured 0 0 0 0.3126754 0.02485951 -0.03431653 0.01693172 0.9992676 -0.9994109 0 -0.03432145
Bladder Bone_Marrow_Mesenchyme 0.1638401 0.6727933 0.5063866 0.2435222 0.3235474 -0.5419809 0.5277042 0.6540527 -0.7699918 0 -0.6380538
Bladder Muscle 0.1470999 0.552914 0.5114115 0.2660449 0.2876352 -0.9635814 0.2642128 -0.04125978 0.04277999 0 -0.9990845
Bladder Neonatal-Calvaria 0.2045585 0.8914516 0.5279695 0.2294667 0.3874438 -0.8573598 0.4773145 0.192627 -0.21921 0 -0.9756777
Bladder Neonatal-Heart 0.1060493 0.358006 0.4715244 0.2962222 0.2249074 -0.9670164 0.1364421 -0.2150878 0.2171183 0 -0.9761453
Bladder Neonatal-Muscle 0.1914436 0.7845373 0.5166974 0.2440211 0.370514 -0.9082302 0.4183932 -0.008056597 0.008870305 0 -0.9999607
Bladder Neonatal-Rib 0.1002956 0.3375842 0.2087482 0.2970979 0.480462 0.2556531 0.5582441 0.7893066 -0.9513423 0 0.3081358
Bladder Neonatal-Skin 0.1560052 0.5090842 0.5210307 0.3064429 0.2994165 0.8680545 0.01140375 0.4963379 -0.4963702 0 0.868111
Bladder Ovary 0.1179755 0.3905096 0.7492943 0.3021065 0.1574488 -0.9238571 0.08871319 -0.3723144 0.3737882 0 -0.9275141
Bladder Pancreas 0.1059981 0.4260356 0.4458684 0.248801 0.237734 -0.9282994 0.371358 0.01879887 -0.02024672 0 -0.999795
Bladder Peripheral_Blood 0.09391421 0.3108592 0.4411907 0.3021117 0.2128654 0.8020208 0.06718209 0.5935059 -0.5948498 0 0.8038369
Bladder Placenta 0.1762609 0.6466916 0.6915646 0.2725579 0.2548726 -0.7931299 0.1817598 0.5812988 -0.5911456 0 -0.8065649
Bladder Prostate 0 0 0 0.3126754 0.004502627 -0.03431653 0.01693172 0.9992676 -0.9994109 0 -0.03432145
Bladder Small-Intestine 0.1800902 0.7223991 0.482623 0.2492947 0.3731489 -0.6426687 0.7425373 0.1887207 -0.2817547 0 -0.9594865
Bladder Spleen 0.07964947 0.2709066 0.6799943 0.2940108 0.1171325 -0.6778349 0.6667495 -0.3098144 0.415701 0 -0.9095014
Bladder Stomach 0.0004673061 0.001663172 0.03097011 0.2809729 0.01508894 -0.6567824 0.08925439 0.7487793 -0.7517797 0 -0.6594142
Bladder Testis 0.1034568 0.3939299 0.5906275 0.2626275 0.1751642 0.4608215 0.1830594 0.8684082 -0.8833349 0 0.4687424
Bladder Thymus 0.04776959 0.1540433 0.4923649 0.3101049 0.09702069 -0.4087897 0.2228202 -0.8850097 0.907833 0 -0.4193318
Bladder Trophoblast-Stem-Cell 0.0366164 0.09860135 0.4581262 0.371358 0.07992644 0.3416874 0.6452 -0.6833495 0.8944206 0 0.4472269
Bladder Uterus 0.1308173 0.4500409 0.6455575 0.2906787 0.2026424 -0.9290074 0.1985987 -0.3122558 0.3186021 0 -0.9478886
Bone-Marrow Bone-Marrow_c-kit 0.08054336 0.333915 0.2774823 0.2412092 0.2902648 -0.3374855 0.8932098 -0.2971192 0.6607933 0 -0.750568
Bone-Marrow Brain 0.1441574 0.6648785 0.423996 0.2168177 0.3399972 -0.5643077 0.7778451 -0.2766114 0.4401443 0 -0.897927
Bone-Marrow Embryonic-Mesenchyme 0.07499073 0.3323104 0.3547432 0.2256647 0.2113944 -0.6917386 0.4936231 -0.5270995 0.6060873 0 -0.7953982
Bone-Marrow Embryonic-Stem-Cell 0 0 0 0.2694776 0.02300923 -0.03449543 0.2367942 0.9709473 -0.9993695 0 -0.03550521
Bone-Marrow Fetal_Brain 0.04882659 0.2192803 0.3591294 0.2226674 0.1359582 -0.757098 0.3995911 -0.5168457 0.5638152 0 -0.825901
Bone-Marrow Fetal_Intestine 0.1863683 0.8188404 0.6397823 0.2276003 0.2912996 -0.8470822 0.04514562 -0.529541 0.5300815 0 -0.8479467
Bone-Marrow Fetal-Liver 0.1871677 0.8301725 0.9557829 0.2254564 0.1958266 -0.9375837 0.2964031 -0.1818848 0.1904427 0 -0.9816983
Bone-Marrow Fetal_Lung 0.1485542 0.644456 0.5092118 0.230511 0.2917335 -0.5295296 0.5711585 0.6271973 -0.7640921 0 -0.6451072
Bone-Marrow Fetal_Stomache 0.1846442 0.8497375 0.4658288 0.2172956 0.3963778 -0.4805918 0.8497861 -0.2165527 0.4108165 0 -0.9117181
Bone-Marrow Fetal_Kidney 0 0 0 0.2768835 0.03003541 -0.03431653 0.01693172 0.9992676 -0.9994109 0 -0.03432145
Bone-Marrow Kidney 0.04738999 0.1925738 0.3309956 0.2460874 0.1431741 -0.8127963 0.4443563 0.376709 -0.4205045 0 -0.9072904
Bone-Marrow Liver 0.1050358 0.4424755 0.6100633 0.2373821 0.1721719 0.9515597 0.08439694 0.2956543 -0.2967129 0 0.9549667
Bone-Marrow Lung 0.1692464 0.7587609 0.3360412 0.2230562 0.5036476 -0.7265031 0.6046865 -0.326416 0.4098317 0 -0.9121611
Bone-Marrow MammaryGland.Involution 0.1591855 0.7122951 0.5059769 0.2234825 0.3146102 -0.6959063 0.5308523 -0.4836426 0.5706938 0 -0.8211629
Bone-Marrow MammaryGland.Lactation 0.02713699 0.09256189 0.3829123 0.2931767 0.07087 0.5874547 0.02604129 -0.8088379 0.8091123 0 0.5876541
Bone-Marrow MammaryGland.Pregnancy 0.1285495 0.588301 0.4615729 0.2185097 0.2785031 -0.7992205 0.4023117 -0.4465331 0.4877464 0 -0.8729854
Bone-Marrow MammaryGland.Virgin 0.1498348 0.683013 0.4763002 0.2193733 0.3145806 -0.8305535 0.3661304 -0.4196776 0.450993 0 -0.8925275
Bone-Marrow Mesenchymal-Stem-Cell-Cultured 0 0 0 0.2768835 0.02485951 -0.03431653 0.01693172 0.9992676 -0.9994109 0 -0.03432145
Bone-Marrow Bone_Marrow_Mesenchyme 0.1909778 0.754753 0.6002969 0.2530335 0.318139 -0.2058316 0.7627705 0.6130371 -0.9479917 0 -0.318295
Bone-Marrow Muscle 0.06410882 0.2780304 0.2228824 0.230582 0.2876352 -0.9635814 0.2642128 -0.04125978 0.04277999 0 -0.9990845
Bone-Marrow Neonatal-Calvaria 0.1346522 0.5956542 0.4321055 0.2260576 0.3116187 -0.4264847 0.8309843 -0.3571777 0.6420643 0 -0.7666508
Bone-Marrow Neonatal-Heart 0.1774912 0.7983454 0.833138 0.2223239 0.2130394 -0.8854405 0.2864671 -0.3659668 0.3819754 0 -0.9241725
Bone-Marrow Neonatal-Muscle 0.1376182 0.5839193 0.3397794 0.2356802 0.4050223 -0.3415917 0.8309095 0.439209 -0.7893655 0 -0.6139235
Bone-Marrow Neonatal-Rib 0.1047436 0.4543974 0.2363838 0.230511 0.4431081 -0.5295296 0.5711585 0.6271973 -0.7640921 0 -0.6451072
Bone-Marrow Neonatal-Skin 0.08464526 0.3681583 0.2826188 0.2299154 0.2995033 -0.9474161 0.3126706 -0.06811519 0.07171065 0 -0.9974254
Bone-Marrow Ovary 0.1068193 0.4832234 0.6420213 0.2210558 0.1663797 -0.8908653 0.3199161 -0.3225098 0.3403992 0 -0.940281
Bone-Marrow Pancreas 0.1456329 0.5396578 0.7279205 0.2698615 0.200067 -0.08400648 0.1818231 -0.9797363 0.9963441 0 -0.0854305
Bone-Marrow Peripheral_Blood 0.1827346 0.8153907 0.8976635 0.2241068 0.2035669 -0.6047386 0.6617704 0.4431153 -0.5910516 0 -0.8066337
Bone-Marrow Placenta 0.1756095 0.7936707 0.4378673 0.2212625 0.4010566 -0.5499552 0.7383441 -0.3903809 0.5788358 0 -0.8154442
Bone-Marrow Prostate 0 0 0 0.2768835 0.004502627 -0.03431653 0.01693172 0.9992676 -0.9994109 0 -0.03432145
Bone-Marrow Small-Intestine 0.1577298 0.6019282 0.6106635 0.2620409 0.2582925 0.6796491 0.2641491 0.6843262 -0.7095273 0 0.704678
Bone-Marrow Spleen 0.1110315 0.5037366 0.9538782 0.2204157 0.1164 -0.593954 0.7176823 -0.3635254 0.5220286 0 -0.852928
Bone-Marrow Stomach 6.714796E-05 0.0002256818 0.005308806 0.2975338 0.01264841 0.02119813 0.9660275 -0.2575683 0.9966303 0 0.08202369
Bone-Marrow Testis 0.009457436 0.0422731 0.05808562 0.2237224 0.1628189 -0.4099552 0.8899193 -0.1999511 0.4383758 0 -0.8987918
Bone-Marrow Thymus 0.06295959 0.244229 0.6601995 0.2577892 0.0953645 -0.4191188 0.2005808 0.885498 -0.9038672 0 -0.4278132
Bone-Marrow Trophoblast-Stem-Cell 0.02478016 0.07586844 0.3518267 0.3266201 0.07043286 0.3079579 0.9500569 -0.05053708 0.1619378 0 0.9868009
Bone-Marrow Uterus 0.1120379 0.513207 0.4632299 0.2183093 0.2418623 -0.7700137 0.4714209 -0.4299317 0.4875016 0 -0.8731221
Bone-Marrow_c-kit Brain 0.1549547 0.6350822 0.5869496 0.2439916 0.2640001 -0.9822438 0.11932 -0.1447754 0.1458172 0 -0.9893116
Bone-Marrow_c-kit Embryonic-Mesenchyme 0.1075927 0.4032305 0.5145892 0.2668267 0.2090846 -0.7296213 0.466271 -0.5002441 0.5654764 0 -0.8247645
Bone-Marrow_c-kit Embryonic-Stem-Cell 0.001637764 0.004912458 0.06805917 0.3333899 0.02406383 0.1710274 0.1756515 0.9694824 -0.9847935 0 0.1737285
Bone-Marrow_c-kit Fetal_Brain 0.07366493 0.2775986 0.5418203 0.2653649 0.1359582 -0.757098 0.3995911 -0.5168457 0.5638152 0 -0.825901
Bone-Marrow_c-kit Fetal_Intestine 0.2119148 0.8919968 0.708173 0.2375735 0.2992416 0.9097187 0.06916691 0.4094238 -0.4104066 0 0.9119026
Bone-Marrow_c-kit Fetal-Liver 0.1933898 0.7970469 0.9864484 0.242633 0.1960466 -0.9557953 0.2169299 -0.1984863 0.2033281 0 -0.9791106
Bone-Marrow_c-kit Fetal_Lung 0.1879145 0.7242025 0.8319501 0.2594779 0.2258724 -0.8591407 0.507998 -0.06176762 0.07170956 0 -0.9974256
Bone-Marrow_c-kit Fetal_Stomache 0.2138065 0.8815374 0.7728707 0.2425382 0.2766394 -0.887806 0.0301607 -0.4592285 0.4594375 0 -0.8882101
Bone-Marrow_c-kit Fetal_Kidney 0 0 0 0.3258512 0.03003541 -0.03431653 0.01693172 0.9992676 -0.9994109 0 -0.03432145
Bone-Marrow_c-kit Kidney 0.05225201 0.1927896 0.3649544 0.2710313 0.1431741 -0.8127963 0.4443563 0.376709 -0.4205045 0 -0.9072904
Bone-Marrow_c-kit Liver 0.1046419 0.4160826 0.5672193 0.251493 0.1844822 0.8235253 0.02670997 0.5666504 -0.5668526 0 0.8238192
Bone-Marrow_c-kit Lung 0.1793506 0.6855206 0.388494 0.2616269 0.4616562 -0.8063732 0.5874146 0.06860355 -0.08477044 0 -0.9964005
Bone-Marrow_c-kit MammaryGland.Involution 0.1837519 0.7600736 0.546118 0.2417554 0.3364693 -0.9350213 0.2312624 -0.2687989 0.2762886 0 -0.9610747
Bone-Marrow_c-kit MammaryGland.Lactation 0.02834184 0.09509315 0.3999131 0.2980429 0.07087 0.5874547 0.02604129 -0.8088379 0.8091123 0 0.5876541
Bone-Marrow_c-kit MammaryGland.Pregnancy 0.1392928 0.5708918 0.5578527 0.2439916 0.2496946 -0.9822438 0.11932 -0.1447754 0.1458172 0 -0.9893116
Bone-Marrow_c-kit MammaryGland.Virgin 0.1719255 0.7111548 0.5410193 0.2417554 0.3177808 -0.9350213 0.2312624 -0.2687989 0.2762886 0 -0.9610747
Bone-Marrow_c-kit Mesenchymal-Stem-Cell-Cultured 0 0 0 0.3258512 0.02485951 -0.03431653 0.01693172 0.9992676 -0.9994109 0 -0.03432145
Bone-Marrow_c-kit Bone_Marrow_Mesenchyme 0.2192955 0.8270872 0.6957667 0.2651419 0.3151853 -0.5525566 0.3937206 0.7346191 -0.7991678 0 -0.601108
Bone-Marrow_c-kit Muscle 0.2318376 0.983604 0.8077034 0.2357022 0.2870331 0.9499839 0.005177998 0.3122559 -0.3122601 0 0.9499967
Bone-Marrow_c-kit Neonatal-Calvaria 0.1789465 0.6600881 0.5552818 0.2710949 0.3222626 -0.5360071 0.7696365 -0.3469238 0.5433569 0 -0.8395018
Bone-Marrow_c-kit Neonatal-Heart 0.1921467 0.7719763 0.90193 0.2489023 0.2130394 -0.8854405 0.2864671 -0.3659668 0.3819754 0 -0.9241725
Bone-Marrow_c-kit Neonatal-Muscle 0.174175 0.6611797 0.4442334 0.2634307 0.3920799 -0.4816274 0.7766558 0.4060059 -0.6445304 0 -0.7645788
Bone-Marrow_c-kit Neonatal-Rib 0.2092404 0.7692263 0.4593062 0.2720142 0.4555576 -0.7444654 0.3630869 -0.5603027 0.6013411 0 -0.7989924
Bone-Marrow_c-kit Neonatal-Skin 0.164943 0.6664487 0.5213574 0.2474955 0.3163723 -0.9920814 0.1011424 -0.07446285 0.07484667 0 -0.9971951
Bone-Marrow_c-kit Ovary 0.1073573 0.353619 0.6561872 0.303596 0.1636077 0.8319474 0.4772816 0.282959 -0.3220016 0 0.9467391
Bone-Marrow_c-kit Pancreas 0.1554509 0.6503859 0.6020166 0.2390134 0.258217 -0.9367027 0.1201704 -0.3288574 0.3312579 0 -0.9435403
Bone-Marrow_c-kit Peripheral_Blood 0.1842438 0.7124007 0.9017237 0.2586238 0.204324 -0.6279761 0.6203012 0.4699706 -0.5991744 0 -0.8006185
Bone-Marrow_c-kit Placenta 0.2050376 0.8003949 0.5520684 0.2561706 0.3713989 -0.6709905 0.7270972 0.1452637 -0.2115897 0 -0.9773586
Bone-Marrow_c-kit Prostate 0 0 0 0.3258512 0.004502627 -0.03431653 0.01693172 0.9992676 -0.9994109 0 -0.03432145
Bone-Marrow_c-kit Small-Intestine 0.1751969 0.6568443 0.6794041 0.2667251 0.2578684 0.7733744 0.239034 0.5871582 -0.6046873 0 0.796463
Bone-Marrow_c-kit Spleen 0.1104638 0.4058953 0.9490014 0.2721485 0.1164 -0.593954 0.7176823 -0.3635254 0.5220286 0 -0.852928
Bone-Marrow_c-kit Stomach 0.0001330747 0.0004078973 0.009866015 0.3262456 0.01348819 0.1765727 0.8955406 -0.4084473 0.9179006 0 0.3968105
Bone-Marrow_c-kit Testis 0.03826105 0.1292702 0.2449715 0.2959773 0.1561857 -0.08888455 0.9958456 -0.01977534 0.2171734 0 -0.976133
Bone-Marrow_c-kit Thymus 0.06334271 0.2250825 0.6677549 0.28142 0.09485921 -0.4230307 0.1366509 0.895752 -0.9042343 0 -0.4270366
Bone-Marrow_c-kit Trophoblast-Stem-Cell 0.02936993 0.08862239 0.3786574 0.3314053 0.07756335 0.2203551 0.9683841 0.1169433 -0.4687791 0 0.8833154
Bone-Marrow_c-kit Uterus 0.1282579 0.5246237 0.6300345 0.2444761 0.2035729 -0.9144117 0.2764774 -0.2956542 0.3076462 0 -0.9515008
Brain Embryonic-Mesenchyme 0.1498793 0.4730611 0.7098975 0.3168286 0.2111281 -0.6523041 0.3771362 -0.6574707 0.7098905 0 -0.704312
Brain Embryonic-Stem-Cell 0.002812825 0.01021694 0.09702148 0.27531 0.02899178 -0.995673 0.01850919 -0.09106441 0.09108001 0 -0.9958436
Brain Fetal_Brain 0.119869 0.3871629 0.8816603 0.3096086 0.1359582 -0.757098 0.3995911 -0.5168457 0.5638152 0 -0.825901
Brain Fetal_Intestine 0.1821366 0.6621301 0.5843601 0.2750767 0.3116855 -0.7499 0.5507818 0.3664551 -0.4390528 0 -0.8984613
Brain Fetal-Liver 0.1332419 0.5047039 0.6629871 0.2640001 0.200972 -0.9822438 0.11932 -0.1447754 0.1458172 0 -0.9893116
Brain Fetal_Lung 0.1584498 0.5522016 0.7707514 0.286942 0.2055784 -0.953575 0.1819325 0.2399902 -0.2440634 0 -0.9697593
Brain Fetal_Stomache 0.1747214 0.634164 0.6175741 0.2755145 0.2829156 -0.9230211 0.3086314 0.2297363 -0.2415272 0 -0.9703941
Brain Fetal_Kidney 0.002487513 0.007255967 0.3248494 0.3428231 0.007657437 0.6435109 0.009261083 -0.7653809 0.7654137 0 0.6435385
Brain Kidney 0.08591528 0.311816 0.6000757 0.275532 0.1431741 -0.8127963 0.4443563 0.376709 -0.4205045 0 -0.9072904
Brain Liver 0.1416966 0.5146801 0.8223467 0.27531 0.1723076 -0.995673 0.01850919 -0.09106441 0.09108001 0 -0.9958436
Brain Lung 0.1853771 0.6490096 0.4124221 0.2856308 0.449484 -0.7041171 0.6375031 0.3127441 -0.4059252 0 -0.9139063
Brain MammaryGland.Involution 0.2051252 0.7432683 0.5646741 0.2759773 0.3632629 -0.7797032 0.5364095 0.3229981 -0.3827183 0 -0.9238651
Brain MammaryGland.Lactation 0.0493587 0.1446415 0.8698031 0.3412484 0.05674698 -0.2184915 0.2148015 0.9519043 -0.9746549 0 -0.2237135
Brain MammaryGland.Pregnancy 0.178976 0.6409892 0.6870262 0.2792184 0.2605082 -0.8573598 0.4773145 0.192627 -0.21921 0 -0.9756777
Brain MammaryGland.Virgin 0.2045505 0.7411861 0.6156757 0.2759773 0.3322375 -0.7797032 0.5364095 0.3229981 -0.3827183 0 -0.9238651
Brain Mesenchymal-Stem-Cell-Cultured 0 0 0 0.3505746 0.02485951 -0.03431653 0.01693172 0.9992676 -0.9994109 0 -0.03432145
Brain Bone_Marrow_Mesenchyme 0.1665357 0.6044152 0.486116 0.275532 0.3425843 -0.8127963 0.4443563 0.376709 -0.4205045 0 -0.9072904
Brain Muscle 0.1764585 0.6404285 0.6270557 0.275532 0.2814081 -0.8127963 0.4443563 0.376709 -0.4205045 0 -0.9072904
Brain Neonatal-Calvaria 0.209652 0.6363159 0.6756864 0.3294778 0.31028 -0.3312744 0.849369 -0.4108886 0.778494 0 -0.6276521
Brain Neonatal-Heart 0.1200725 0.4043179 0.5613981 0.2969754 0.2138811 -0.8645056 0.3613501 -0.3493653 0.3746825 0 -0.9271532
Brain Neonatal-Muscle 0.2039837 0.7405381 0.5250312 0.2754534 0.3885173 -0.896821 0.4058658 0.1760254 -0.1926021 0 -0.9812769
Brain Neonatal-Rib 0.2446893 0.9268532 0.5185258 0.2640001 0.4718942 -0.9822438 0.11932 -0.1447754 0.1458172 0 -0.9893116
Brain Neonatal-Skin 0.1899531 0.6123649 0.728485 0.3101959 0.2607509 -0.8303567 0.5501398 -0.08862302 0.1061261 0 -0.9943527
Brain Ovary 0.1259923 0.4534493 0.785638 0.2778532 0.1603694 -0.9087022 0.2434416 -0.3391113 0.3496297 0 -0.9368879
Brain Pancreas 0.1471082 0.5303384 0.5994862 0.2773854 0.2453904 -0.9567473 0.253449 0.1428222 -0.1476429 0 -0.9890407
Brain Peripheral_Blood 0.1357659 0.5142645 0.660327 0.2640001 0.205604 -0.9822438 0.11932 -0.1447754 0.1458172 0 -0.9893116
Brain Placenta 0.181595 0.5651213 0.6920796 0.3213381 0.2623904 0.8055679 0.4520266 -0.3830566 0.4294335 0 0.9030985
Brain Prostate 0 0 0 0.3505746 0.004502627 -0.03431653 0.01693172 0.9992676 -0.9994109 0 -0.03432145
Brain Small-Intestine 0.1949794 0.6477079 0.577971 0.3010298 0.3373515 -0.881541 0.4480838 -0.1486816 0.1663121 0 -0.9860732
Brain Spleen 0.09895833 0.3051486 0.7588627 0.3242955 0.1304035 -0.3870574 0.7129465 -0.5847169 0.8338584 0 -0.5519784
Brain Stomach 0 0 0 0.2978317 0.02744772 -0.08198612 0.6926979 0.7165527 -0.9935179 0 -0.1136758
Brain Testis 0.07319003 0.23016 0.5277166 0.3179963 0.1386919 -0.5427951 0.368638 -0.7546386 0.8118121 0 -0.5839188
Brain Thymus 0.05844166 0.1749988 0.5367389 0.3339546 0.1088828 0.6677746 0.4939194 -0.5568848 0.6404599 0 0.7679917
Brain Trophoblast-Stem-Cell 0.02941144 0.08496527 0.4354286 0.3461584 0.06754594 0.3254398 0.8679175 -0.3752442 0.7554616 0 0.6551929
Brain Uterus 0.1912921 0.7064661 0.9398361 0.2707732 0.2035377 -0.9374179 0.04365502 -0.345459 0.3457886 0 -0.9383124
Embryonic-Mesenchyme Embryonic-Stem-Cell 0.004401514 0.01758468 0.1872507 0.250304 0.023506 0.8636836 0.4053569 0.2995605 -0.3276899 0 0.9447854
Embryonic-Mesenchyme Fetal_Brain 0.1290234 0.599799 0.9880168 0.2151111 0.1305883 -0.8354717 0.4005559 -0.3762208 0.4105993 0 -0.9118159
Embryonic-Mesenchyme Fetal_Intestine 0.1907213 0.9365208 0.5881132 0.2036487 0.3242934 -0.8094773 0.2968354 -0.5065919 0.5305023 0 -0.8476835
Embryonic-Mesenchyme Fetal-Liver 0.1154242 0.5169597 0.4973482 0.2232751 0.2320793 -0.7682556 0.5404834 -0.3430176 0.4076968 0 -0.9131174
Embryonic-Mesenchyme Fetal_Lung 0.1765546 0.856142 0.6163966 0.2062211 0.2864302 -0.757098 0.3995911 -0.5168457 0.5638152 0 -0.825901
Embryonic-Mesenchyme Fetal_Stomache 0.1825274 0.8901283 0.6583813 0.2050574 0.2772366 0.8906685 0.04010629 0.4528809 -0.4532456 0 0.8913857
Embryonic-Mesenchyme Fetal_Kidney 0 0 0 0.3157419 0.02565837 -0.03449543 0.2367942 0.9709473 -0.9993695 0 -0.03550521
Embryonic-Mesenchyme Kidney 0.07307528 0.2835157 0.5103946 0.2577468 0.1431741 -0.8127963 0.4443563 0.376709 -0.4205045 0 -0.9072904
Embryonic-Mesenchyme Liver 0.08302645 0.3647576 0.4382291 0.2276209 0.189459 0.7410623 0.2716871 0.6140137 -0.6380121 0 0.7700263
Embryonic-Mesenchyme Lung 0.06827424 0.326888 0.147006 0.2088613 0.4644316 0.7923183 0.0008303243 0.6101074 -0.6101077 0 0.7923186
Embryonic-Mesenchyme MammaryGland.Involution 0.1820961 0.862491 0.572548 0.2111281 0.3180451 -0.6523041 0.3771362 -0.6574707 0.7098905 0 -0.704312
Embryonic-Mesenchyme MammaryGland.Lactation 0.03844878 0.1183961 0.5070318 0.3247469 0.0758311 0.6907889 0.175574 -0.7014161 0.7124836 0 0.7016888
Embryonic-Mesenchyme MammaryGland.Pregnancy 0.1627487 0.7983041 0.5357894 0.2038681 0.3037551 0.8504537 0.05474683 0.5231934 -0.5239792 0 0.8517311
Embryonic-Mesenchyme MammaryGland.Virgin 0.1566156 0.531481 0.3227789 0.2946777 0.4852102 0.3704263 0.9170428 -0.1477051 0.3703844 0 0.9288785
Embryonic-Mesenchyme Mesenchymal-Stem-Cell-Cultured 0 0 0 0.3278508 0.02485951 -0.03431653 0.01693172 0.9992676 -0.9994109 0 -0.03432145
Embryonic-Mesenchyme Bone_Marrow_Mesenchyme 0.1638488 0.7900195 0.4072919 0.2073984 0.4022884 -0.9238571 0.08871319 -0.3723144 0.3737882 0 -0.9275141
Embryonic-Mesenchyme Muscle 0.1584826 0.7782153 0.4849616 0.2036487 0.326794 -0.8094773 0.2968354 -0.5065919 0.5305023 0 -0.8476835
Embryonic-Mesenchyme Neonatal-Calvaria 0.1696235 0.7438705 0.4767637 0.2280283 0.3557811 -0.5694476 0.5535985 -0.6076661 0.7296805 0 -0.6837882
Embryonic-Mesenchyme Neonatal-Heart 0.08945683 0.4080051 0.3910088 0.2192542 0.2287847 -0.7345009 0.5382068 -0.4133301 0.4904175 0 -0.8714876
Embryonic-Mesenchyme Neonatal-Muscle 0.1855901 0.9248313 0.4678318 0.2006745 0.3967026 -0.8704934 0.147741 -0.4694825 0.4746917 0 -0.8801522
Embryonic-Mesenchyme Neonatal-Rib 0.06104498 0.261968 0.1337954 0.2330246 0.4562562 -0.9082302 0.4183932 -0.008056597 0.008870305 0 -0.9999607
Embryonic-Mesenchyme Neonatal-Skin 0.1449461 0.7064592 0.5085468 0.2051727 0.2850202 -0.7907329 0.3669484 -0.4899901 0.5267345 0 -0.8500298
Embryonic-Mesenchyme Ovary 0.1146963 0.531369 0.5697654 0.2158505 0.2013044 -0.6959063 0.5308523 -0.4836426 0.5706938 0 -0.8211629
Embryonic-Mesenchyme Pancreas 0.1109266 0.5251613 0.4544327 0.2112239 0.2440991 -0.7129178 0.2260386 -0.6638184 0.6814556 0 -0.7318596
Embryonic-Mesenchyme Peripheral_Blood 0.07377385 0.3511337 0.3512959 0.2101018 0.2100049 -0.7655149 0.4357637 -0.4733888 0.5259518 0 -0.8505144
Embryonic-Mesenchyme Placenta 0.1510346 0.7001029 0.44023 0.215732 0.3430811 0.7491762 0.140874 0.6472168 -0.6537362 0 0.7567226
Embryonic-Mesenchyme Prostate 0 0 0 0.3278508 0.004502627 -0.03431653 0.01693172 0.9992676 -0.9994109 0 -0.03432145
Embryonic-Mesenchyme Small-Intestine 0.1657102 0.6577872 0.6302363 0.2519206 0.2629334 0.6819028 0.4654856 0.564209 -0.6374843 0 0.7704633
Embryonic-Mesenchyme Spleen 0.05181629 0.2411516 0.3650363 0.2148702 0.1419483 -0.6436687 0.4783195 -0.5974121 0.6802797 0 -0.7329526
Embryonic-Mesenchyme Stomach 0.001051686 0.003617486 0.0693616 0.290723 0.01516237 -0.6869321 0.3085681 0.657959 -0.691713 0 -0.7221724
Embryonic-Mesenchyme Testis 0.1015411 0.3659253 0.5557621 0.2774913 0.182706 0.1747827 0.5745902 0.7995605 -0.9769309 0 0.2135556
Embryonic-Mesenchyme Thymus 0.01904062 0.08826055 0.1800831 0.215732 0.1057324 0.7491762 0.140874 0.6472168 -0.6537362 0 0.7567226
Embryonic-Mesenchyme Trophoblast-Stem-Cell 0.03046813 0.09655064 0.4510727 0.3155663 0.06754594 0.3254398 0.8679175 -0.3752442 0.7554616 0 0.6551929
Embryonic-Mesenchyme Uterus 0.1461557 0.693114 0.7179529 0.2108682 0.2035729 -0.9144117 0.2764774 -0.2956542 0.3076462 0 -0.9515008
Embryonic-Stem-Cell Fetal_Brain 0.002872865 0.1122745 0.01349928 0.02558786 0.2128161 0.9317806 0.3381417 0.13208 -0.1403472 0 0.9901024
Embryonic-Stem-Cell Fetal_Intestine 0.008286118 0.2977588 0.02406006 0.02782829 0.3443931 -0.4307441 0.6828293 0.5900879 -0.8077001 0 -0.5895936
Embryonic-Stem-Cell Fetal-Liver 0 0 0 0.02525888 0.307655 0.0169663 0.1090042 0.9938965 -0.9998543 0 0.017068
Embryonic-Stem-Cell Fetal_Lung 0.0002907904 0.01307543 0.0008150185 0.02223946 0.3567899 0.3081093 0.2577426 0.9157715 -0.947794 0 0.3188832
Embryonic-Stem-Cell Fetal_Stomache 0 0 0 0.02420889 0.3460642 -0.009749388 0.1570104 0.9875488 -0.9999513 0 -0.009871829
Embryonic-Stem-Cell Fetal_Kidney 0 0 0 0.02582717 0.02197982 -0.2036511 0.1137582 0.9724121 -0.9787658 0 -0.2049817
Embryonic-Stem-Cell Kidney 0.003497735 0.1144576 0.02008896 0.03055923 0.1741123 -0.8640565 0.1866084 0.4675292 -0.4758886 0 -0.8795056
Embryonic-Stem-Cell Liver 0.0001144635 0.003787338 0.0005881389 0.03022269 0.1946199 -0.960339 0.104421 -0.258545 0.2599662 0 -0.9656178
Embryonic-Stem-Cell Lung 0.006172154 0.2566515 0.01330488 0.02404878 0.4639014 0.5184171 0.2251652 0.8249512 -0.8466937 0 0.5320805
Embryonic-Stem-Cell MammaryGland.Involution 0.003096103 0.1054524 0.009120279 0.02936019 0.3394745 -0.9975953 0.05037155 -0.04760746 0.04766797 0 -0.9988632
Embryonic-Stem-Cell MammaryGland.Lactation 0 0 0 0.02731604 0.08640468 -0.03431653 0.01693172 0.9992676 -0.9994109 0 -0.03432145
Embryonic-Stem-Cell MammaryGland.Pregnancy 0.003527743 0.1213865 0.01362958 0.02906206 0.25883 0.9779851 0.1346446 -0.1594238 0.1608889 0 0.9869726
Embryonic-Stem-Cell MammaryGland.Virgin 0.00253156 0.08461689 0.007904008 0.0299179 0.3202881 -0.9782355 0.08731528 -0.1882324 0.1889541 0 -0.9819859
Embryonic-Stem-Cell Mesenchymal-Stem-Cell-Cultured 0 0 0 0.02731604 0.02485951 -0.03431653 0.01693172 0.9992676 -0.9994109 0 -0.03432145
Embryonic-Stem-Cell Bone_Marrow_Mesenchyme 0.01059581 0.4201575 0.0263691 0.02521865 0.4018266 0.8761488 0.2643728 0.4030762 -0.4179465 0 0.9084717
Embryonic-Stem-Cell Muscle 0.002526884 0.1105117 0.007072143 0.0228653 0.357301 0.2448073 0.2269885 0.942627 -0.9678914 0 0.2513687
Embryonic-Stem-Cell Neonatal-Calvaria 0.01357052 0.6444175 0.03504404 0.02105859 0.387242 0.7309949 0.5125921 0.4504394 -0.5246011 0 0.8513482
Embryonic-Stem-Cell Neonatal-Heart 0.001380501 0.06037535 0.004650266 0.0228653 0.2968649 0.2448073 0.2269885 0.942627 -0.9678914 0 0.2513687
Embryonic-Stem-Cell Neonatal-Muscle 0.01490749 0.4469464 0.03675579 0.0333541 0.4055822 -0.8027294 0.1242692 -0.583252 0.5878083 0 -0.8090003
Embryonic-Stem-Cell Neonatal-Rib 0.01819949 0.632526 0.03591083 0.02877271 0.5067967 -0.5321614 0.03431349 0.8459473 -0.8464457 0 -0.532475
Embryonic-Stem-Cell Neonatal-Skin 0.002229746 0.09751658 0.006886976 0.0228653 0.3237628 0.2448073 0.2269885 0.942627 -0.9678914 0 0.2513687
Embryonic-Stem-Cell Ovary 0.007365802 0.2947333 0.03900167 0.02499142 0.1888586 0.8923963 0.4454681 0.0720215 -0.08044418 0 0.9967591
Embryonic-Stem-Cell Pancreas 0 0 0 0.02731604 0.198257 -0.03431653 0.01693172 0.9992676 -0.9994109 0 -0.03432145
Embryonic-Stem-Cell Peripheral_Blood 0 0 0 0.02420889 0.2931176 -0.009749388 0.1570104 0.9875488 -0.9999513 0 -0.009871829
Embryonic-Stem-Cell Placenta 0.003074817 0.1217321 0.01043866 0.02525888 0.2945603 0.0169663 0.1090042 0.9938965 -0.9998543 0 0.017068
Embryonic-Stem-Cell Prostate 0 0 0 0.02731604 0.004502627 -0.03431653 0.01693172 0.9992676 -0.9994109 0 -0.03432145
Embryonic-Stem-Cell Small-Intestine 0.0005524919 0.02353547 0.001987477 0.02347486 0.2779866 0.4162662 0.2338276 0.8786621 -0.9037148 0 0.4281349
Embryonic-Stem-Cell Spleen 0 0 0 0.02731604 0.2221169 -0.03431653 0.01693172 0.9992676 -0.9994109 0 -0.03432145
Embryonic-Stem-Cell Stomach 0 0 0 0.02731604 0.03201883 -0.03431653 0.01693172 0.9992676 -0.9994109 0 -0.03432145
Embryonic-Stem-Cell Testis 0 0 0 0.02840753 0.1811236 0.5880368 0.08416376 0.8044434 -0.8073078 0 0.5901307
Embryonic-Stem-Cell Thymus 0 0 0 0.02731604 0.1033267 -0.03431653 0.01693172 0.9992676 -0.9994109 0 -0.03432145
Embryonic-Stem-Cell Trophoblast-Stem-Cell 0 0 0 0.02731604 0.1099578 -0.03431653 0.01693172 0.9992676 -0.9994109 0 -0.03432145
Embryonic-Stem-Cell Uterus 0.002155908 0.07557923 0.007817672 0.02852514 0.2757737 0.9606966 0.2146556 -0.1760253 0.1802265 0 0.9836251
Fetal_Brain Fetal_Intestine 0.1287557 0.9859664 0.37927 0.1305883 0.3394829 -0.8354717 0.4005559 -0.3762208 0.4105993 0 -0.9118159
Fetal_Brain Fetal-Liver 0.07463691 0.5602461 0.3599291 0.1332216 0.2073656 -0.8662713 0.394961 -0.3059083 0.3329802 0 -0.9429338
Fetal_Brain Fetal_Lung 0.1248935 0.956391 0.4808585 0.1305883 0.2597302 -0.8354717 0.4005559 -0.3762208 0.4105993 0 -0.9118159
Fetal_Brain Fetal_Stomache 0.1238147 0.9481303 0.3851214 0.1305883 0.3214953 -0.8354717 0.4005559 -0.3762208 0.4105993 0 -0.9118159
Fetal_Brain Fetal_Kidney 0 0 0 0.2479855 0.02565837 -0.03449543 0.2367942 0.9709473 -0.9993695 0 -0.03550521
Fetal_Brain Kidney 0.05760604 0.3339703 0.1826785 0.1724885 0.3153412 0.7491762 0.140874 0.6472168 -0.6537362 0 0.7567226
Fetal_Brain Liver 0.08179315 0.4472491 0.4404501 0.1828805 0.1857035 0.7733744 0.239034 0.5871582 -0.6046873 0 0.796463
Fetal_Brain Lung 0.1305883 1 0.2620969 0.1305883 0.4982444 -0.8354717 0.4005559 -0.3762208 0.4105993 0 -0.9118159
Fetal_Brain MammaryGland.Involution 0.02145856 0.09053283 0.0517231 0.2370252 0.4148739 0.888257 0.4574458 -0.04174799 0.04694808 0 0.9988973
Fetal_Brain MammaryGland.Lactation 0.01671349 0.06078029 0.2204042 0.2749822 0.0758311 0.6907889 0.175574 -0.7014161 0.7124836 0 0.7016888
Fetal_Brain MammaryGland.Pregnancy 0.1222836 0.9147555 0.4331066 0.133679 0.2823407 -0.7907329 0.3669484 -0.4899901 0.5267345 0 -0.8500298
Fetal_Brain MammaryGland.Virgin 0.1305363 0.9996021 0.4077877 0.1305883 0.3201085 -0.8354717 0.4005559 -0.3762208 0.4105993 0 -0.9118159
Fetal_Brain Mesenchymal-Stem-Cell-Cultured 0 0 0 0.2479348 0.02485951 -0.03431653 0.01693172 0.9992676 -0.9994109 0 -0.03432145
Fetal_Brain Bone_Marrow_Mesenchyme 0.03988061 0.295243 0.09266071 0.1350772 0.4303939 -0.7781975 0.3314252 -0.5334472 0.5654029 0 -0.8248148
Fetal_Brain Muscle 0.1031149 0.7740101 0.3314939 0.1332216 0.3110612 -0.8662713 0.394961 -0.3059083 0.3329802 0 -0.9429338
Fetal_Brain Neonatal-Calvaria 0.1250643 0.8018208 0.347552 0.1559754 0.3598434 -0.763552 0.5720594 -0.2995606 0.3652232 0 -0.9309199
Fetal_Brain Neonatal-Heart 0.05369406 0.4111706 0.2471069 0.1305883 0.2172908 -0.8354717 0.4005559 -0.3762208 0.4105993 0 -0.9118159
Fetal_Brain Neonatal-Muscle 0.06054468 0.2824836 0.1519675 0.2143299 0.3984055 -0.9370564 0.1601174 0.3103027 -0.3143585 0 -0.9493043
Fetal_Brain Neonatal-Rib 0.1194527 0.7813283 0.272112 0.1528842 0.4389836 -0.7984569 0.5367481 -0.2727051 0.3232089 0 -0.9463276
Fetal_Brain Neonatal-Skin 0.09684244 0.7290351 0.3460667 0.1328365 0.2798375 -0.8645056 0.3613501 -0.3493653 0.3746825 0 -0.9271532
Fetal_Brain Ovary 0.0743837 0.5585122 0.4191834 0.1331819 0.177449 -0.7992205 0.4023117 -0.4465331 0.4877464 0 -0.8729854
Fetal_Brain Pancreas 0.07882734 0.5731984 0.3117843 0.1375219 0.2528265 -0.7613112 0.2959505 -0.5769044 0.6039597 0 -0.7970148
Fetal_Brain Peripheral_Blood 0.04189952 0.3134338 0.2031687 0.133679 0.2062301 -0.7907329 0.3669484 -0.4899901 0.5267345 0 -0.8500298
Fetal_Brain Placenta 0.1250252 0.9573996 0.3224017 0.1305883 0.3877932 -0.8354717 0.4005559 -0.3762208 0.4105993 0 -0.9118159
Fetal_Brain Prostate 0 0 0 0.2479348 0.004502627 -0.03431653 0.01693172 0.9992676 -0.9994109 0 -0.03432145
Fetal_Brain Small-Intestine 0.1216329 0.9130113 0.3603107 0.1332216 0.3375777 -0.8662713 0.394961 -0.3059083 0.3329802 0 -0.9429338
Fetal_Brain Spleen 0.03336086 0.2339467 0.2294776 0.1426003 0.1453774 -0.7212414 0.4291852 -0.5437011 0.601961 0 -0.7985255
Fetal_Brain Stomach 0.000259166 0.001035803 0.01659131 0.2502078 0.01562059 -0.6017814 0.1010978 0.7922363 -0.7963163 0 -0.6048805
Fetal_Brain Testis 0.09370472 0.4926864 0.5886173 0.1901914 0.1591946 -0.5370433 0.09966342 -0.8376465 0.8418379 0 -0.5397305
Fetal_Brain Thymus 0.01511752 0.09630521 0.1398553 0.1569751 0.108094 0.8020208 0.06718209 0.5935059 -0.5948498 0 0.8038369
Fetal_Brain Trophoblast-Stem-Cell 0.02888245 0.1029604 0.4275972 0.28052 0.06754594 0.3254398 0.8679175 -0.3752442 0.7554616 0 0.6551929
Fetal_Brain Uterus 0.1024693 0.769164 0.4646481 0.1332216 0.220531 -0.8662713 0.394961 -0.3059083 0.3329802 0 -0.9429338
Fetal_Intestine Fetal-Liver 0.1869798 0.6190409 0.9548231 0.3020475 0.1958266 -0.9375837 0.2964031 -0.1818848 0.1904427 0 -0.9816983
Fetal_Intestine Fetal_Lung 0.1857807 0.5972828 0.881671 0.3110431 0.2107143 -0.9684896 0.1529787 0.1965332 -0.198874 0 -0.9800251
Fetal_Intestine Fetal_Stomache 0.2561098 0.8686499 0.9237948 0.2948366 0.2772366 0.8906685 0.04010629 0.4528809 -0.4532456 0 0.8913857
Fetal_Intestine Fetal_Kidney 0 0 0 0.3832689 0.02403336 -0.105826 0.196116 0.9748535 -0.9941594 0 -0.1079217
Fetal_Intestine Kidney 0.05840882 0.1867035 0.3998639 0.3128427 0.1460717 -0.7351614 0.5184321 0.4367676 -0.5107682 0 -0.8597184
Fetal_Intestine Liver 0.1231404 0.3923816 0.6565855 0.3138283 0.1875467 -0.7476897 0.05380062 0.6618652 -0.6628252 0 -0.7487742
Fetal_Intestine Lung 0.1467538 0.5037901 0.3156325 0.2912996 0.4649517 -0.8470822 0.04514562 -0.529541 0.5300815 0 -0.8479467
Fetal_Intestine MammaryGland.Involution 0.2417809 0.8356752 0.7234588 0.289324 0.3342013 -0.9525867 0.1845048 -0.2419434 0.2461697 0 -0.9692267
Fetal_Intestine MammaryGland.Lactation 0.03657937 0.09626576 0.5252206 0.3799832 0.06964573 -0.1056552 0.398897 0.9108887 -0.9933401 0 -0.1152189
Fetal_Intestine MammaryGland.Pregnancy 0.1919251 0.5938129 0.7415103 0.323208 0.25883 0.9779851 0.1346446 -0.1594238 0.1608889 0 0.9869726
Fetal_Intestine MammaryGland.Virgin 0.232157 0.8024119 0.735208 0.289324 0.3157705 -0.9525867 0.1845048 -0.2419434 0.2461697 0 -0.9692267
Fetal_Intestine Mesenchymal-Stem-Cell-Cultured 0 0 0 0.3843383 0.02485951 -0.03431653 0.01693172 0.9992676 -0.9994109 0 -0.03432145
Fetal_Intestine Bone_Marrow_Mesenchyme 0.2551733 0.7875623 0.8392129 0.3240039 0.3040626 -0.6500251 0.1790187 0.7385254 -0.7506517 0 -0.6606982
Fetal_Intestine Muscle 0.2386855 0.7263506 0.8874158 0.3286092 0.2689669 -0.6759537 0.704708 0.2155762 -0.3038436 0 -0.952722
Fetal_Intestine Neonatal-Calvaria 0.2567179 0.8873023 0.6357006 0.289324 0.4038346 -0.9525867 0.1845048 -0.2419434 0.2461697 0 -0.9692267
Fetal_Intestine Neonatal-Heart 0.1763626 0.5901325 0.8286589 0.2988525 0.2128289 -0.9087022 0.2434416 -0.3391113 0.3496297 0 -0.9368879
Fetal_Intestine Neonatal-Muscle 0.2436423 0.7260007 0.5583865 0.3355951 0.4363327 0.9250174 0.369444 0.08862305 -0.0953702 0 0.9954419
Fetal_Intestine Neonatal-Rib 0.2728569 0.8763382 0.5755355 0.3113603 0.4740922 -0.7640168 0.2424735 0.5979004 -0.6162918 0 -0.7875179
Fetal_Intestine Neonatal-Skin 0.2081497 0.6015541 0.824447 0.3460199 0.2524719 -0.6068055 0.7781945 0.1618653 -0.2577377 0 -0.9662149
Fetal_Intestine Ovary 0.071326 0.2017796 0.3595925 0.3534846 0.1983523 0.8375698 0.5461993 0.01196292 -0.01428144 0 0.999898
Fetal_Intestine Pancreas 0.1747249 0.4538363 0.8654466 0.3849954 0.2018898 -0.1747123 0.0008545975 -0.9846191 0.9846195 0 -0.1747124
Fetal_Intestine Peripheral_Blood 0.1678608 0.5273011 0.804966 0.3183395 0.2085315 -0.7138199 0.4830433 0.5070801 -0.5791254 0 -0.8152385
Fetal_Intestine Placenta 0.2189776 0.675145 0.9224031 0.3243416 0.237399 0.8432437 0.1029132 -0.5275879 0.5304042 0 0.8477449
Fetal_Intestine Prostate 0 0 0 0.3843383 0.004502627 -0.03431653 0.01693172 0.9992676 -0.9994109 0 -0.03432145
Fetal_Intestine Small-Intestine 0.2417052 0.6701816 0.9231923 0.3606563 0.2618146 0.5641872 0.2663826 0.7814941 -0.8107901 0 0.585337
Fetal_Intestine Spleen 0.09658056 0.2293961 0.7571683 0.421021 0.127555 -0.4845366 0.6597096 -0.5744628 0.7644005 0 -0.6447417
Fetal_Intestine Stomach 0 0 0 0.3163135 0.01571534 -0.7248717 0.01499496 0.6887207 -0.6887981 0 -0.7249532
Fetal_Intestine Testis 0.04503936 0.1101106 0.2429233 0.4090372 0.1854056 -0.1365673 0.5986187 -0.7893066 0.9853596 0 -0.1704888
Fetal_Intestine Thymus 0.05513554 0.1710938 0.567632 0.3222532 0.09713255 0.6980509 0.07906267 -0.7116699 0.7139047 0 0.7002429
Fetal_Intestine Trophoblast-Stem-Cell 0.02849877 0.06621362 0.4219168 0.4304065 0.06754594 0.3254398 0.8679175 -0.3752442 0.7554616 0 0.6551929
Fetal_Intestine Uterus 0.1601741 0.5277444 0.7868146 0.303507 0.2035729 -0.9144117 0.2764774 -0.2956542 0.3076462 0 -0.9515008
Fetal-Liver Fetal_Lung 0.17094 0.7996837 0.7567992 0.2137595 0.2258724 -0.8591407 0.507998 -0.06176762 0.07170956 0 -0.9974256
Fetal-Liver Fetal_Stomache 0.1848271 0.9366078 0.6332049 0.1973367 0.2918915 -0.9161927 0.3420797 -0.2087402 0.2221418 0 -0.9750144
Fetal-Liver Fetal_Kidney 0 0 0 0.3051933 0.03003541 -0.03431653 0.01693172 0.9992676 -0.9994109 0 -0.03432145
Fetal-Liver Kidney 0.04407686 0.1848403 0.2035256 0.2384591 0.2165666 -0.9810124 0.07238287 0.1799317 -0.1804049 0 -0.9835925
Fetal-Liver Liver 0.09381975 0.42281 0.5444898 0.2218958 0.1723076 -0.995673 0.01850919 -0.09106441 0.09108001 0 -0.9958436
Fetal-Liver Lung 0.1540164 0.7730142 0.3162117 0.1992414 0.4870674 -0.9168706 0.3094266 -0.2521972 0.265213 0 -0.9641898
Fetal-Liver MammaryGland.Involution 0.159306 0.8135052 0.4633695 0.1958266 0.343799 -0.9375837 0.2964031 -0.1818848 0.1904427 0 -0.9816983
Fetal-Liver MammaryGland.Lactation 0.04059372 0.1211926 0.4796948 0.3349521 0.08462405 0.7213307 0.3069655 -0.6208495 0.6523443 0 0.7579228
Fetal-Liver MammaryGland.Pregnancy 0.1193135 0.5936823 0.4778379 0.200972 0.2496946 -0.9822438 0.11932 -0.1447754 0.1458172 0 -0.9893116
Fetal-Liver MammaryGland.Virgin 0.1539558 0.7660561 0.4880512 0.200972 0.3154502 -0.9822438 0.11932 -0.1447754 0.1458172 0 -0.9893116
Fetal-Liver Mesenchymal-Stem-Cell-Cultured 0 0 0 0.3051933 0.02485951 -0.03431653 0.01693172 0.9992676 -0.9994109 0 -0.03432145
Fetal-Liver Bone_Marrow_Mesenchyme 0.172381 0.7155195 0.5040318 0.2409173 0.3420042 -0.6146567 0.7284894 0.3024902 -0.4415548 0 -0.8972343
Fetal-Liver Muscle 0.1927663 0.9806338 0.687927 0.1965732 0.2802133 -0.9706191 0.1686458 -0.1716308 0.1741248 0 -0.9847236
Fetal-Liver Neonatal-Calvaria 0.1593339 0.8017511 0.4110658 0.1987323 0.3876115 -0.8918888 0.3860429 -0.2355957 0.2553936 0 -0.9668372
Fetal-Liver Neonatal-Heart 0.1712149 0.82052 0.8044718 0.2086663 0.2128289 -0.9087022 0.2434416 -0.3391113 0.3496297 0 -0.9368879
Fetal-Liver Neonatal-Muscle 0.1940135 0.9907413 0.5026393 0.1958266 0.3859895 -0.9375837 0.2964031 -0.1818848 0.1904427 0 -0.9816983
Fetal-Liver Neonatal-Rib 0.1826225 0.8947324 0.3972659 0.2041086 0.4596985 -0.9144117 0.2764774 -0.2956542 0.3076462 0 -0.9515008
Fetal-Liver Neonatal-Skin 0.06307124 0.3202557 0.2131562 0.1969402 0.2958921 -0.9378483 0.2639348 -0.2253418 0.2336261 0 -0.9723265
Fetal-Liver Ovary 0.1108916 0.5511486 0.6475117 0.2012008 0.171258 -0.8929703 0.3531765 -0.2790527 0.2982745 0 -0.9544801
Fetal-Liver Pancreas 0.1380191 0.6712375 0.5503334 0.2056189 0.2507918 -0.981361 0.1832556 -0.05786134 0.05885809 0 -0.9982663
Fetal-Liver Peripheral_Blood 0.1699935 0.8553892 0.8154286 0.1987323 0.2084713 -0.8918888 0.3860429 -0.2355957 0.2553936 0 -0.9668372
Fetal-Liver Placenta 0.1723827 0.7905837 0.4639505 0.2180448 0.371554 -0.8765508 0.253043 -0.4094239 0.4231968 0 -0.9060377
Fetal-Liver Prostate 0 0 0 0.3051933 0.004502627 -0.03431653 0.01693172 0.9992676 -0.9994109 0 -0.03432145
Fetal-Liver Small-Intestine 0.178754 0.899471 0.5377958 0.1987323 0.3323826 -0.8918888 0.3860429 -0.2355957 0.2553936 0 -0.9668372
Fetal-Liver Spleen 0.1048976 0.4121767 0.909144 0.2544968 0.1153807 -0.6366569 0.6937732 -0.3366699 0.4674715 0 -0.8840082
Fetal-Liver Stomach 0 0 0 0.2308025 0.03786528 0.9799444 0.01766762 0.1984864 -0.1985174 0 0.9800974
Fetal-Liver Testis 0.05452313 0.2019695 0.3162258 0.2699572 0.1724184 -0.4054347 0.9100524 -0.08618169 0.2079207 0 -0.9781457
Fetal-Liver Thymus 0.06567052 0.1874794 0.5498664 0.3502813 0.11943 0.6664644 0.7117408 -0.2219239 0.3159319 0 0.9487818
Fetal-Liver Trophoblast-Stem-Cell 0.02875792 0.08341996 0.4345313 0.3447366 0.06618147 0.4254985 0.8711993 -0.2448731 0.4987947 0 0.8667202
Fetal-Liver Uterus 0.1075058 0.5468996 0.5196178 0.1965732 0.206894 -0.9706191 0.1686458 -0.1716308 0.1741248 0 -0.9847236
Fetal_Lung Fetal_Stomache 0.2030237 0.9975523 0.7155929 0.2035219 0.283714 -0.9155661 0.37969 0.1325684 -0.1432995 0 -0.9896793
Fetal_Lung Fetal_Kidney 0 0 0 0.3416955 0.03003541 -0.03431653 0.01693172 0.9992676 -0.9994109 0 -0.03432145
Fetal_Lung Kidney 0.0539159 0.2376962 0.3562623 0.226827 0.1513377 -0.8528563 0.3780989 0.3601074 -0.3889835 0 -0.9212447
Fetal_Lung Liver 0.1220572 0.5457534 0.6993006 0.223649 0.1745418 -0.9466467 0.03322056 0.3205566 -0.3207336 0 -0.9471695
Fetal_Lung Lung 0.1810138 0.8836619 0.4156147 0.2048451 0.4355327 -0.9412404 0.2817204 0.1862793 -0.1941428 0 -0.9809733
Fetal_Lung MammaryGland.Involution 0.1904027 0.903606 0.5454212 0.2107143 0.3490929 -0.9684896 0.1529787 0.1965332 -0.198874 0 -0.9800251
Fetal_Lung MammaryGland.Lactation 0.02319684 0.07259807 0.3648938 0.3195242 0.06357148 0.5216219 0.03878053 -0.852295 0.8529366 0 0.5220146
Fetal_Lung MammaryGland.Pregnancy 0.1585148 0.7710676 0.6164212 0.2055784 0.2571535 -0.953575 0.1819325 0.2399902 -0.2440634 0 -0.9697593
Fetal_Lung MammaryGland.Virgin 0.1895151 0.9218629 0.5934197 0.2055784 0.319361 -0.953575 0.1819325 0.2399902 -0.2440634 0 -0.9697593
Fetal_Lung Mesenchymal-Stem-Cell-Cultured 0 0 0 0.3416955 0.02485951 -0.03431653 0.01693172 0.9992676 -0.9994109 0 -0.03432145
Fetal_Lung Bone_Marrow_Mesenchyme 0.1424722 0.5894379 0.3572218 0.2417087 0.398834 -0.9378483 0.2639348 -0.2253418 0.2336261 0 -0.9723265
Fetal_Lung Muscle 0.1885233 0.893977 0.6703272 0.2108816 0.2812407 -0.8939088 0.4468488 0.03540034 -0.03957072 0 -0.9992167
Fetal_Lung Neonatal-Calvaria 0.1985316 0.9708281 0.4960286 0.2044971 0.4002421 -0.9317321 0.3520433 0.0891113 -0.09520604 0 -0.9954576
Fetal_Lung Neonatal-Heart 0.1611481 0.7134477 0.7289943 0.2258724 0.2210554 -0.8591407 0.507998 -0.06176762 0.07170956 0 -0.9974256
Fetal_Lung Neonatal-Muscle 0.1264069 0.4900152 0.3041799 0.2579653 0.4155664 0.9643912 0.06411135 -0.2565917 0.2571207 0 0.9663793
Fetal_Lung Neonatal-Rib 0.1338876 0.5282543 0.2854042 0.2534529 0.4691156 0.9764408 0.03371843 -0.2131347 0.213256 0 0.9769964
Fetal_Lung Neonatal-Skin 0.1810278 0.8556796 0.5907258 0.2115602 0.3064497 -0.9370564 0.1601174 0.3103027 -0.3143585 0 -0.9493043
Fetal_Lung Ovary 0.09388224 0.2256008 0.541532 0.4161432 0.1733641 0.6482502 0.6369345 0.4172363 -0.5412201 0 0.8408809
Fetal_Lung Pancreas 0.1529512 0.5621249 0.5907054 0.2720947 0.2589298 -0.9070045 0.1341871 -0.3991699 0.4028129 0 -0.9152824
Fetal_Lung Peripheral_Blood 0.1517251 0.6717292 0.7081535 0.2258724 0.2142545 -0.8591407 0.507998 -0.06176762 0.07170956 0 -0.9974256
Fetal_Lung Placenta 0.1978037 0.7866727 0.8120713 0.2514434 0.2435792 -0.8348989 0.05034843 0.5480957 -0.5487917 0 -0.8359591
Fetal_Lung Prostate 0 0 0 0.3416955 0.004502627 -0.03431653 0.01693172 0.9992676 -0.9994109 0 -0.03432145
Fetal_Lung Small-Intestine 0.1335827 0.3795666 0.5102188 0.3519349 0.2618146 0.5641872 0.2663826 0.7814941 -0.8107901 0 0.585337
Fetal_Lung Spleen 0.1078805 0.3577714 0.9267464 0.3015347 0.1164078 -0.6467661 0.6612089 -0.3801269 0.5066995 0 -0.8621227
Fetal_Lung Stomach 0.0003732573 0.001174261 0.02683942 0.3178658 0.01390706 0.6209106 0.2735046 -0.7346191 0.76374 0 0.645524
Fetal_Lung Testis 0.08841269 0.2278462 0.4936842 0.3880366 0.1790875 0.1707242 0.6317917 0.7561035 -0.9754434 0 0.22025
Fetal_Lung Thymus 0.06646971 0.224906 0.576773 0.2955444 0.1152441 0.925231 0.1000791 0.3659668 -0.3678134 0 0.9298996
Fetal_Lung Trophoblast-Stem-Cell 0.03171398 0.07743578 0.4597068 0.4095521 0.06898741 0.2915881 0.8600382 -0.4187012 0.8206132 0 0.571484
Fetal_Lung Uterus 0.1420581 0.5847556 0.6891959 0.2429359 0.2061216 -0.9168706 0.3094266 -0.2521972 0.265213 0 -0.9641898
Fetal_Stomache Fetal_Kidney 0 0 0 0.3613623 0.03003541 -0.03431653 0.01693172 0.9992676 -0.9994109 0 -0.03432145
Fetal_Stomache Kidney 0.05907093 0.205529 0.3348643 0.2874093 0.1764026 -0.9151496 0.2358702 0.3269043 -0.3363958 0 -0.9417207
Fetal_Stomache Liver 0.1240736 0.4370137 0.726159 0.2839124 0.1708629 -0.9608328 0.00402823 0.2770996 -0.2771018 0 -0.9608406
Fetal_Stomache Lung 0.2540583 0.922623 0.6332575 0.2753653 0.4011928 -0.9781383 0.02201359 0.2067871 -0.2068372 0 -0.9783754
Fetal_Stomache MammaryGland.Involution 0.2220597 0.8331268 0.6613987 0.2665377 0.3357426 -0.9670164 0.1364421 -0.2150878 0.2171183 0 -0.9761453
Fetal_Stomache MammaryGland.Lactation 0.02827087 0.08277732 0.4476667 0.3415292 0.06315161 -0.1059383 0.3307763 0.9377441 -0.9936792 0 -0.1122573
Fetal_Stomache MammaryGland.Pregnancy 0.1689884 0.6241495 0.6643026 0.2707499 0.2543847 0.9948115 0.02183123 -0.09936518 0.09938887 0 0.9950486
Fetal_Stomache MammaryGland.Virgin 0.2116354 0.7816638 0.6613343 0.2707499 0.3200127 0.9948115 0.02183123 -0.09936518 0.09938887 0 0.9950486
Fetal_Stomache Mesenchymal-Stem-Cell-Cultured 0 0 0 0.3613623 0.02485951 -0.03431653 0.01693172 0.9992676 -0.9994109 0 -0.03432145
Fetal_Stomache Bone_Marrow_Mesenchyme 0.1956155 0.7251795 0.4913641 0.2697477 0.3981071 -0.9505232 0.07280494 -0.3020019 0.3028055 0 -0.9530524
Fetal_Stomache Muscle 0.2398371 0.8998241 0.8615367 0.2665377 0.2783829 -0.9670164 0.1364421 -0.2150878 0.2171183 0 -0.9761453
Fetal_Stomache Neonatal-Calvaria 0.2325802 0.8828744 0.5700622 0.2634353 0.407991 -0.9822438 0.11932 -0.1447754 0.1458172 0 -0.9893116
Fetal_Stomache Neonatal-Heart 0.1770203 0.6184568 0.8317492 0.286229 0.2128289 -0.9087022 0.2434416 -0.3391113 0.3496297 0 -0.9368879
Fetal_Stomache Neonatal-Muscle 0.2570957 0.975935 0.6338031 0.2634353 0.4056397 -0.9822438 0.11932 -0.1447754 0.1458172 0 -0.9893116
Fetal_Stomache Neonatal-Rib 0.2435855 0.8693867 0.5248309 0.2801808 0.4641218 -0.9317321 0.3520433 0.0891113 -0.09520604 0 -0.9954576
Fetal_Stomache Neonatal-Skin 0.2244596 0.7037544 0.8608199 0.3189459 0.2607509 -0.8303567 0.5501398 -0.08862302 0.1061261 0 -0.9943527
Fetal_Stomache Ovary 0.1239224 0.4409729 0.8011468 0.2810206 0.1546813 -0.9070045 0.1341871 -0.3991699 0.4028129 0 -0.9152824
Fetal_Stomache Pancreas 0.1639722 0.5734475 0.6337253 0.2859411 0.2587433 -0.8996198 0.2105367 -0.3825683 0.3913398 0 -0.9202462
Fetal_Stomache Peripheral_Blood 0.1778415 0.6187863 0.8447519 0.2874038 0.2105252 -0.8193694 0.01752277 -0.572998 0.573086 0 -0.8194952
Fetal_Stomache Placenta 0.204442 0.6951661 0.8262503 0.2940909 0.2474335 -0.8757018 0.06978105 0.4777832 -0.4789508 0 -0.8778418
Fetal_Stomache Prostate 0 0 0 0.3613623 0.004502627 -0.03431653 0.01693172 0.9992676 -0.9994109 0 -0.03432145
Fetal_Stomache Small-Intestine 0.2257698 0.6886315 0.8529603 0.3278529 0.2646897 0.2278388 0.424649 0.8762207 -0.9678168 0 0.251656
Fetal_Stomache Spleen 0.09575673 0.2553053 0.822652 0.3750675 0.1164 -0.593954 0.7176823 -0.3635254 0.5220286 0 -0.852928
Fetal_Stomache Stomach 0.0005758776 0.001481857 0.04113833 0.3886189 0.01399857 0.5417969 0.3967673 -0.7409667 0.8072244 0 0.5902447
Fetal_Stomache Testis 0.09318391 0.2804747 0.4948605 0.3322364 0.1883034 0.13624 0.5463289 0.826416 -0.9866821 0 0.1626609
Fetal_Stomache Thymus 0.05453565 0.1465213 0.559454 0.3722028 0.09748013 -0.3586453 0.2643418 -0.8952636 0.9282835 0 -0.3718732
Fetal_Stomache Trophoblast-Stem-Cell 0.03187602 0.0675822 0.4719161 0.4716629 0.06754594 0.3254398 0.8679175 -0.3752442 0.7554616 0 0.6551929
Fetal_Stomache Uterus 0.1443637 0.3977168 0.5595586 0.3629811 0.2579956 -0.6961967 0.5670511 -0.4401855 0.5344115 0 -0.8452244
Fetal_Kidney Kidney 0.006882644 1 0.03360361 0.006882644 0.2048186 -0.5963449 0.01955031 0.8024902 -0.8026436 0 -0.5964589
Fetal_Kidney Liver 0 0 0 0.03003541 0.1893409 -0.03431653 0.01693172 0.9992676 -0.9994109 0 -0.03432145
Fetal_Kidney Lung 0 0 0 0.02995975 0.3943033 -0.01288601 0.06498964 0.9978027 -0.9999166 0 -0.01291331
Fetal_Kidney MammaryGland.Involution 0.001299104 0.0506308 0.003499813 0.02565837 0.3711924 -0.03449543 0.2367942 0.9709473 -0.9993695 0 -0.03550521
Fetal_Kidney MammaryGland.Lactation 0 0 0 0.03003541 0.08640468 -0.03431653 0.01693172 0.9992676 -0.9994109 0 -0.03432145
Fetal_Kidney MammaryGland.Pregnancy 0.005840353 0.7627034 0.01752055 0.007657437 0.333343 0.6435109 0.009261083 -0.7653809 0.7654137 0 0.6435385
Fetal_Kidney MammaryGland.Virgin 0.0007200029 0.09402663 0.001983691 0.007657437 0.3629613 0.6435109 0.009261083 -0.7653809 0.7654137 0 0.6435385
Fetal_Kidney Mesenchymal-Stem-Cell-Cultured 0 0 0 0.03003541 0.02485951 -0.03431653 0.01693172 0.9992676 -0.9994109 0 -0.03432145
Fetal_Kidney Bone_Marrow_Mesenchyme 0 0 0 0.02197982 0.3716851 -0.2036511 0.1137582 0.9724121 -0.9787658 0 -0.2049817
Fetal_Kidney Muscle 0 0 0 0.03003541 0.3424807 -0.03431653 0.01693172 0.9992676 -0.9994109 0 -0.03432145
Fetal_Kidney Neonatal-Calvaria 0.006882644 1 0.01543058 0.006882644 0.4460391 -0.5963449 0.01955031 0.8024902 -0.8026436 0 -0.5964589
Fetal_Kidney Neonatal-Heart 0 0 0 0.02756433 0.2899125 -0.0522557 0.1195248 0.9914551 -0.9986139 0 -0.05263302
Fetal_Kidney Neonatal-Muscle 0.006384055 0.9275585 0.01436083 0.006882644 0.4445464 -0.5963449 0.01955031 0.8024902 -0.8026436 0 -0.5964589
Fetal_Kidney Neonatal-Rib 0.002474991 0.06515816 0.004755528 0.03798436 0.520445 -0.1747123 0.0008545975 -0.9846191 0.9846195 0 -0.1747124
Fetal_Kidney Neonatal-Skin 0 0 0 0.03003541 0.3345575 -0.03431653 0.01693172 0.9992676 -0.9994109 0 -0.03432145
Fetal_Kidney Ovary 0 0 0 0.02756433 0.4075441 -0.0522557 0.1195248 0.9914551 -0.9986139 0 -0.05263302
Fetal_Kidney Pancreas 0 0 0 0.03003541 0.198257 -0.03431653 0.01693172 0.9992676 -0.9994109 0 -0.03432145
Fetal_Kidney Peripheral_Blood 0 0 0 0.03003541 0.3054518 -0.03431653 0.01693172 0.9992676 -0.9994109 0 -0.03432145
Fetal_Kidney Placenta 0 0 0 0.02827374 0.2946656 -0.009749388 0.1570104 0.9875488 -0.9999513 0 -0.009871829
Fetal_Kidney Prostate 0 0 0 0.03003541 0.004502627 -0.03431653 0.01693172 0.9992676 -0.9994109 0 -0.03432145
Fetal_Kidney Small-Intestine 0 0 0 0.03003541 0.299 -0.03431653 0.01693172 0.9992676 -0.9994109 0 -0.03432145
Fetal_Kidney Spleen 0.002219552 0.2898557 0.0104275 0.007657437 0.2128556 0.6435109 0.009261083 -0.7653809 0.7654137 0 0.6435385
Fetal_Kidney Stomach 0 0 0 0.03003541 0.03201883 -0.03431653 0.01693172 0.9992676 -0.9994109 0 -0.03432145
Fetal_Kidney Testis 0.004686513 0.3467155 0.01294885 0.01351688 0.3619252 0.6907889 0.175574 -0.7014161 0.7124836 0 0.7016888
Fetal_Kidney Thymus 0 0 0 0.03003541 0.1033267 -0.03431653 0.01693172 0.9992676 -0.9994109 0 -0.03432145
Fetal_Kidney Trophoblast-Stem-Cell 0 0 0 0.03003541 0.1099578 -0.03431653 0.01693172 0.9992676 -0.9994109 0 -0.03432145
Fetal_Kidney Uterus 0.002659092 0.3472562 0.006947942 0.007657437 0.3827165 0.6435109 0.009261083 -0.7653809 0.7654137 0 0.6435385
Kidney Liver 0.1033476 0.5701776 0.5558109 0.1812551 0.1859402 -0.8849516 0.1162961 0.4509278 -0.4540084 0 -0.8909974
Kidney Lung 0.1244583 0.554495 0.2713761 0.2244534 0.4586192 -0.05710969 0.998087 0.02368165 -0.3830429 0 -0.9237305
Kidney MammaryGland.Involution 0.1172491 0.8053975 0.3251259 0.1455792 0.3606269 -0.8241999 0.3972785 0.4035644 -0.4397573 0 -0.8981166
Kidney MammaryGland.Lactation 0.02274397 0.1283069 0.1644263 0.1772623 0.1383232 -0.08044404 0.8831413 0.4621582 -0.9851871 0 -0.1714833
Kidney MammaryGland.Pregnancy 0.110759 0.6953 0.3426473 0.1592967 0.3232449 -0.5426527 0.7029855 0.4597168 -0.646392 0 -0.7630054
Kidney MammaryGland.Virgin 0.1169237 0.803162 0.3570917 0.1455792 0.3274332 -0.8241999 0.3972785 0.4035644 -0.4397573 0 -0.8981166
Kidney Mesenchymal-Stem-Cell-Cultured 0 0 0 0.2634676 0.02485951 -0.03431653 0.01693172 0.9992676 -0.9994109 0 -0.03432145
Kidney Bone_Marrow_Mesenchyme 0.04036692 0.2468107 0.1225749 0.1635542 0.3293245 -0.236237 0.833621 0.4992675 -0.9039186 0 -0.4277045
Kidney Muscle 0.05232076 0.3654346 0.1859249 0.1431741 0.2814081 -0.8127963 0.4443563 0.376709 -0.4205045 0 -0.9072904
Kidney Neonatal-Calvaria 0.1129849 0.7891435 0.2815857 0.1431741 0.4012451 -0.8127963 0.4443563 0.376709 -0.4205045 0 -0.9072904
Kidney Neonatal-Heart 0.04500877 0.2922561 0.1861098 0.1540046 0.2418399 -0.6628066 0.6154457 0.4265137 -0.541138 0 -0.8409339
Kidney Neonatal-Muscle 0.114093 0.7968829 0.2792493 0.1431741 0.4085703 -0.8127963 0.4443563 0.376709 -0.4205045 0 -0.9072904
Kidney Neonatal-Rib 0.1046436 0.7360402 0.2341793 0.142171 0.4468524 -0.7824041 0.4596784 0.420166 -0.4731145 0 -0.881001
Kidney Neonatal-Skin 0.07928234 0.4593064 0.2647904 0.1726132 0.2994155 -0.1234356 0.8634983 0.4890137 -0.9695885 0 -0.2447412
Kidney Ovary 0.03681307 0.1387957 0.2082996 0.265232 0.1767313 0.8769203 0.4590772 0.142334 -0.1602145 0 0.9870822
Kidney Pancreas 0.05171329 0.3611917 0.1850693 0.1431741 0.2794267 -0.8127963 0.4443563 0.376709 -0.4205045 0 -0.9072904
Kidney Peripheral_Blood 0.0358377 0.2503086 0.1766248 0.1431741 0.202903 -0.8127963 0.4443563 0.376709 -0.4205045 0 -0.9072904
Kidney Placenta 0.07252079 0.4434053 0.2016129 0.1635542 0.3597032 -0.236237 0.833621 0.4992675 -0.9039186 0 -0.4277045
Kidney Prostate 0 0 0 0.2634676 0.004502627 -0.03431653 0.01693172 0.9992676 -0.9994109 0 -0.03432145
Kidney Small-Intestine 0.08288461 0.5693437 0.2258207 0.1455792 0.3670372 -0.8241999 0.3972785 0.4035644 -0.4397573 0 -0.8981166
Kidney Spleen 0.06014603 0.370031 0.3002584 0.1625432 0.2003142 -0.4112755 0.7667348 0.49292 -0.7678313 0 -0.6406521
Kidney Stomach 0.001575869 0.009694451 0.1020445 0.1625537 0.01544296 -0.5944687 0.4901663 0.6374512 -0.7313332 0 -0.6820203
Kidney Testis 0.06528176 0.2817046 0.4301686 0.2317383 0.1517586 -0.2866079 0.934703 -0.2102051 0.5914112 0 -0.8063701
Kidney Thymus 0.03450943 0.2410313 0.258774 0.1431741 0.1333574 -0.8127963 0.4443563 0.376709 -0.4205045 0 -0.9072904
Kidney Trophoblast-Stem-Cell 0.02410759 0.1473982 0.2064646 0.1635542 0.1167638 -0.236237 0.833621 0.4992675 -0.9039186 0 -0.4277045
Kidney Uterus 0.0831732 0.5763272 0.2899338 0.1443159 0.2868696 -0.7678667 0.5056555 0.3933106 -0.4558878 0 -0.8900372
Liver Lung 0.1447667 0.7616265 0.4278981 0.1900757 0.3383204 0.4622333 0.289604 -0.8381348 0.8756598 0 0.4829285
Liver MammaryGland.Involution 0.1610151 0.9451534 0.452583 0.1703587 0.3557692 0.9588766 0.01460704 -0.2834473 0.2834775 0 0.9589789
Liver MammaryGland.Lactation 0.03008923 0.1571057 0.3732225 0.1915222 0.08062008 0.3923169 0.2624563 -0.8815918 0.9136198 0 0.4065697
Liver MammaryGland.Pregnancy 0.1446301 0.8531708 0.5694252 0.1695207 0.2539932 0.9987285 0.04119844 -0.02905274 0.02907743 0 0.9995772
Liver MammaryGland.Virgin 0.1121805 0.5888671 0.3090702 0.1905023 0.3629613 0.6435109 0.009261083 -0.7653809 0.7654137 0 0.6435385
Liver Mesenchymal-Stem-Cell-Cultured 0 0 0 0.1893409 0.02485951 -0.03431653 0.01693172 0.9992676 -0.9994109 0 -0.03432145
Liver Bone_Marrow_Mesenchyme 0.1000356 0.5816017 0.2834339 0.1720002 0.3529416 0.9493241 0.09356618 -0.3000488 0.3013709 0 0.953507
Liver Muscle 0.1097714 0.614343 0.3777044 0.1786809 0.2906278 0.9236218 0.02375439 0.3825683 -0.3826763 0 0.9238825
Liver Neonatal-Calvaria 0.1297122 0.7034028 0.311171 0.1844067 0.4168518 0.4782434 0.0780088 0.8747559 -0.8774297 0 0.4797053
Liver Neonatal-Heart 0.09084253 0.5276269 0.3722761 0.1721719 0.2440193 0.9515597 0.08439694 0.2956543 -0.2967129 0 0.9549667
Liver Neonatal-Muscle 0.109199 0.6309369 0.2547074 0.1730743 0.4287232 0.9373564 0.1317216 0.3225097 -0.3253445 0 0.9455956
Liver Neonatal-Rib 0.1095998 0.6202266 0.2347386 0.1767092 0.4669014 0.9520207 0.1953235 0.2355957 -0.2402226 0 0.9707178
Liver Neonatal-Skin 0.1107846 0.6434532 0.3323537 0.1721719 0.3333334 0.9515597 0.08439694 0.2956543 -0.2967129 0 0.9549667
Liver Ovary 0.08075365 0.3938581 0.4745384 0.2050323 0.170173 0.9139482 0.3517611 0.2023925 -0.2162106 0 0.9763467
Liver Pancreas 0.07599252 0.4083855 0.3855344 0.1860803 0.1971096 -0.1006081 0.1323494 -0.986084 0.9948354 0 -0.101501
Liver Peripheral_Blood 0.09557094 0.5503095 0.4480515 0.1736676 0.2133035 0.925231 0.1000791 0.3659668 -0.3678134 0 0.9298996
Liver Placenta 0.1102694 0.606908 0.4644898 0.1816905 0.237399 0.8432437 0.1029132 -0.5275879 0.5304042 0 0.8477449
Liver Prostate 0 0 0 0.1893409 0.004502627 -0.03431653 0.01693172 0.9992676 -0.9994109 0 -0.03432145
Liver Small-Intestine 0.1243297 0.639802 0.4914999 0.1943253 0.2529598 0.7618247 0.306738 0.5705566 -0.5994539 0 0.8004093
Liver Spleen 0.1064045 0.5722512 0.5451743 0.1859402 0.1951752 -0.8849516 0.1162961 0.4509278 -0.4540084 0 -0.8909974
Liver Stomach 0.001023452 0.004560676 0.07291082 0.2244079 0.01403704 0.4869715 0.5171494 -0.7038574 0.8223641 0 0.5689616
Liver Testis 0.04357134 0.2362785 0.2573237 0.1844067 0.169325 0.4782434 0.0780088 0.8747559 -0.8774297 0 0.4797053
Liver Thymus 0.06570666 0.321036 0.6421649 0.2046707 0.1023205 -0.4273793 0.3123837 0.8483887 -0.8930821 0 -0.4498938
Liver Trophoblast-Stem-Cell 0.01706955 0.07025021 0.1709136 0.2429821 0.09987237 0.7085064 0.5698653 -0.4162598 0.5065601 0 0.8622046
Liver Uterus 0.1130677 0.6567137 0.5263749 0.1721719 0.2148044 0.9515597 0.08439694 0.2956543 -0.2967129 0 0.9549667
Lung MammaryGland.Involution 0.1301559 0.2584743 0.3860937 0.5035546 0.3371096 -0.6875053 0.6344571 -0.3532715 0.4570383 0 -0.889447
Lung MammaryGland.Lactation 0.05674698 0.1543254 1 0.3677099 0.05674698 -0.2184915 0.2148015 0.9519043 -0.9746549 0 -0.2237135
Lung MammaryGland.Pregnancy 0.1882332 0.4355408 0.732655 0.4321828 0.2569193 -0.9230211 0.3086314 0.2297363 -0.2415272 0 -0.9703941
Lung MammaryGland.Virgin 0.212529 0.4223686 0.6246101 0.5031838 0.3402587 -0.7682556 0.5404834 -0.3430176 0.4076968 0 -0.9131174
Lung Mesenchymal-Stem-Cell-Cultured 0 0 0 0.389893 0.02485951 -0.03431653 0.01693172 0.9992676 -0.9994109 0 -0.03432145
Lung Bone_Marrow_Mesenchyme 0.2647605 0.7883126 0.8580008 0.3358573 0.3085784 -0.7248717 0.01499496 0.6887207 -0.6887981 0 -0.7249532
Lung Muscle 0.1824414 0.3991141 0.6597326 0.4571157 0.2765383 -0.8334999 0.5442109 0.09545904 -0.1137841 0 -0.9935055
Lung Neonatal-Calvaria 0.221636 0.4690574 0.6568723 0.4725136 0.3374111 -0.3039544 0.9395002 0.1579589 -0.461129 0 -0.8873331
Lung Neonatal-Heart 0.1214325 0.2454168 0.5511907 0.4948009 0.2203093 -0.7788987 0.5989981 -0.185791 0.2320211 0 -0.9727107
Lung Neonatal-Muscle 0.3010649 0.9628832 0.6741539 0.3126702 0.4465819 0.4887364 0.0784578 -0.8688965 0.8715832 0 0.4902475
Lung Neonatal-Rib 0.3049177 0.9752055 0.6014715 0.3126702 0.5069529 0.4887364 0.0784578 -0.8688965 0.8715832 0 0.4902475
Lung Neonatal-Skin 0.1607402 0.3292257 0.6193864 0.4882369 0.2595152 -0.798928 0.5902362 -0.1154786 0.1430552 0 -0.9897147
Lung Ovary 0.1407092 0.3017448 0.9096718 0.4663186 0.1546813 -0.9070045 0.1341871 -0.3991699 0.4028129 0 -0.9152824
Lung Pancreas 0.1779992 0.4246646 0.8897256 0.4191525 0.2000608 -0.1416744 0.0524017 -0.9885254 0.9898854 0 -0.1418693
Lung Peripheral_Blood 0.1455647 0.3357107 0.7044795 0.4336015 0.2066272 -0.7003639 0.5280859 0.4802246 -0.5655084 0 -0.8247426
Lung Placenta 0.1703162 0.4238124 0.550535 0.401867 0.3093649 -0.1828817 0.3147298 0.9313965 -0.981263 0 -0.1926731
Lung Prostate 0 0 0 0.3943033 0.004537303 -0.01288601 0.06498964 0.9978027 -0.9999166 0 -0.01291331
Lung Small-Intestine 0.2285498 0.5096089 0.8354888 0.4484808 0.2735522 0.8733603 0.08423122 0.4797363 -0.4814472 0 0.876475
Lung Spleen 0.1027623 0.2283327 0.6416558 0.450055 0.1601517 -0.03811739 0.6533411 -0.7561035 0.9987317 0 -0.050349
Lung Stomach 0.002458858 0.00685656 0.1623224 0.3586139 0.01514799 -0.6987849 0.1690549 0.6950684 -0.7052189 0 -0.7089897
Lung Testis 0.131424 0.2657314 0.9475965 0.4945745 0.1386919 -0.5427951 0.368638 -0.7546386 0.8118121 0 -0.5839188
Lung Thymus 0.06502564 0.1931178 0.6809523 0.3367149 0.09549221 -0.4626331 0.1760384 0.8688965 -0.8826811 0 -0.4699725
Lung Trophoblast-Stem-Cell 0.01185231 0.0267101 0.1602206 0.4437388 0.07397497 0.1802237 0.9576949 -0.2243652 0.7796274 0 0.6262437
Lung Uterus 0.1161409 0.2770077 0.4367045 0.4192697 0.2659486 -0.953575 0.1819325 0.2399902 -0.2440634 0 -0.9697593
MammaryGland.Involution MammaryGland.Lactation 0.05674698 0.1534382 1 0.3698361 0.05674698 -0.2184915 0.2148015 0.9519043 -0.9746549 0 -0.2237135
MammaryGland.Involution MammaryGland.Pregnancy 0.2312949 0.6871757 0.9407376 0.3365877 0.2458654 -0.9706191 0.1686458 -0.1716308 0.1741248 0 -0.9847236
MammaryGland.Involution MammaryGland.Virgin 0.2917252 0.9911383 0.8984997 0.2943335 0.3246804 -0.5025507 0.4764175 -0.7214355 0.8205411 0 -0.5715876
MammaryGland.Involution Mesenchymal-Stem-Cell-Cultured 0 0 0 0.3595091 0.02191033 -0.4880287 0.006581897 0.8728027 -0.8728217 0 -0.4880393
MammaryGland.Involution Bone_Marrow_Mesenchyme 0.1981278 0.6156076 0.4538151 0.3218411 0.4365827 -0.6961967 0.5670511 -0.4401855 0.5344115 0 -0.8452244
MammaryGland.Involution Muscle 0.2260276 0.6732169 0.8119307 0.3357426 0.2783829 -0.9670164 0.1364421 -0.2150878 0.2171183 0 -0.9761453
MammaryGland.Involution Neonatal-Calvaria 0.2358661 0.8013566 0.6445183 0.2943335 0.3659572 -0.5025507 0.4764175 -0.7214355 0.8205411 0 -0.5715876
MammaryGland.Involution Neonatal-Heart 0.1155452 0.3340469 0.5244681 0.3458952 0.2203093 -0.7788987 0.5989981 -0.185791 0.2320211 0 -0.9727107
MammaryGland.Involution Neonatal-Muscle 0.253663 0.8618215 0.6776214 0.2943335 0.3743432 -0.5025507 0.4764175 -0.7214355 0.8205411 0 -0.5715876
MammaryGland.Involution Neonatal-Rib 0.2720926 0.9244362 0.5834092 0.2943335 0.4663837 -0.5025507 0.4764175 -0.7214355 0.8205411 0 -0.5715876
MammaryGland.Involution Neonatal-Skin 0.2259493 0.7630075 0.8167796 0.2961299 0.2766344 -0.4715357 0.5299653 -0.704834 0.8311532 0 -0.5560435
MammaryGland.Involution Ovary 0.09781492 0.2351069 0.4848944 0.4160444 0.2017242 -0.1583029 0.9843528 0.07739256 -0.4392102 0 -0.8983843
MammaryGland.Involution Pancreas 0.1741131 0.4824483 0.9134371 0.3608947 0.1906131 0.05644158 0.06422738 0.9963379 -0.9983993 0 0.05655836
MammaryGland.Involution Peripheral_Blood 0.1567086 0.4865506 0.7462139 0.3220807 0.2100049 -0.7655149 0.4357637 -0.4733888 0.5259518 0 -0.8505144
MammaryGland.Involution Placenta 0.1974074 0.541528 0.6787457 0.3645378 0.2908415 -0.2036511 0.1137582 0.9724121 -0.9787658 0 -0.2049817
MammaryGland.Involution Prostate 0 0 0 0.3590809 0.004502627 -0.03431653 0.01693172 0.9992676 -0.9994109 0 -0.03432145
MammaryGland.Involution Small-Intestine 0.1134627 0.2533231 0.4329832 0.4478971 0.2620487 0.5449287 0.4789456 0.6882324 -0.7840025 0 0.6207576
MammaryGland.Involution Spleen 0.1066311 0.3158329 0.7844935 0.3376189 0.1359235 -0.287023 0.7507514 -0.5949706 0.9006726 0 -0.4344983
MammaryGland.Involution Stomach 0.002580073 0.007143741 0.1594777 0.3611655 0.01617827 -0.723532 0.2552686 0.6413574 -0.6633335 0 -0.7483239
MammaryGland.Involution Testis 0.1024211 0.3263324 0.7384796 0.3138552 0.1386919 -0.5427951 0.368638 -0.7546386 0.8118121 0 -0.5839188
MammaryGland.Involution Thymus 0.07153515 0.1988324 0.7543328 0.359776 0.09483235 -0.538433 0.1081965 0.8356934 -0.8406282 0 -0.5416125
MammaryGland.Involution Trophoblast-Stem-Cell 0.04064903 0.1045981 0.4926763 0.3886213 0.08250657 0.4034315 0.6266499 -0.666748 0.855572 0 0.5176838
MammaryGland.Involution Uterus 0.124172 0.3678348 0.6099632 0.3375753 0.2035729 -0.9144117 0.2764774 -0.2956542 0.3076462 0 -0.9515008
MammaryGland.Lactation MammaryGland.Pregnancy 0.05674698 1 0.1709766 0.05674698 0.3318992 -0.2184915 0.2148015 0.9519043 -0.9746549 0 -0.2237135
MammaryGland.Lactation MammaryGland.Virgin 0.04987135 0.6170429 0.1266707 0.08082315 0.3937085 -0.1915078 0.4892984 0.8508301 -0.9755923 0 -0.2195897
MammaryGland.Lactation Mesenchymal-Stem-Cell-Cultured 0 0 0 0.08640468 0.02485951 -0.03431653 0.01693172 0.9992676 -0.9994109 0 -0.03432145
MammaryGland.Lactation Bone_Marrow_Mesenchyme 0.04537737 0.6726926 0.1436744 0.06745633 0.3158347 -0.5321614 0.03431349 0.8459473 -0.8464457 0 -0.532475
MammaryGland.Lactation Muscle 0.01708003 0.2686744 0.05225715 0.06357148 0.3268457 0.5216219 0.03878053 -0.852295 0.8529366 0 0.5220146
MammaryGland.Lactation Neonatal-Calvaria 0.03190999 0.4208035 0.07303745 0.0758311 0.4368991 0.6907889 0.175574 -0.7014161 0.7124836 0 0.7016888
MammaryGland.Lactation Neonatal-Heart 0.04011947 0.5290635 0.1089142 0.0758311 0.3683586 0.6907889 0.175574 -0.7014161 0.7124836 0 0.7016888
MammaryGland.Lactation Neonatal-Muscle 0.01136818 0.07320215 0.02664492 0.1552984 0.4266546 -0.5133318 0.6132538 0.6003418 -0.7600361 0 -0.6498809
MammaryGland.Lactation Neonatal-Rib 0.05040091 0.7011257 0.0974075 0.0718857 0.5174233 -0.1010978 0.1390777 0.9851074 -0.9947752 0 -0.10209
MammaryGland.Lactation Neonatal-Skin 0.03576661 0.5144135 0.1053859 0.06952892 0.3393871 -0.3566344 0.2782502 0.8918457 -0.928514 0 -0.3712974
MammaryGland.Lactation Ovary 0.04184265 0.354631 0.2413318 0.1179893 0.1733822 0.6525959 0.6015647 0.4606934 -0.5767145 0 0.8169457
MammaryGland.Lactation Pancreas 0.02518835 0.4279679 0.1078745 0.05885569 0.2334967 -0.1366432 0.2874514 0.947998 -0.9897711 0 -0.1426644
MammaryGland.Lactation Peripheral_Blood 0.03697732 0.5855325 0.1351757 0.06315161 0.2735501 -0.1059383 0.3307763 0.9377441 -0.9936792 0 -0.1122573
MammaryGland.Lactation Placenta 0.0490144 0.7247869 0.1641025 0.06762595 0.2986816 0.4512998 0.1105516 -0.885498 0.8909593 0 0.4540831
MammaryGland.Lactation Prostate 0 0 0 0.08640468 0.004502627 -0.03431653 0.01693172 0.9992676 -0.9994109 0 -0.03432145
MammaryGland.Lactation Small-Intestine 0.036057 0.4040903 0.1077532 0.08923008 0.3346258 0.7617019 0.3416418 -0.5505371 0.5857835 0 0.8104675
MammaryGland.Lactation Spleen 0.01513714 0.2571908 0.06474434 0.05885569 0.2337987 -0.1366432 0.2874514 0.947998 -0.9897711 0 -0.1426644
MammaryGland.Lactation Stomach 0 0 0 0.08640468 0.03201883 -0.03431653 0.01693172 0.9992676 -0.9994109 0 -0.03432145
MammaryGland.Lactation Testis 0.04939373 0.5646539 0.2674714 0.08747612 0.1846692 0.2035132 0.4686548 0.8596191 -0.9731008 0 0.2303797
MammaryGland.Lactation Thymus 0.0007188619 0.005531353 0.007351237 0.1299613 0.09778788 0.2071118 0.5813328 -0.7868652 0.9670619 0 0.2545415
MammaryGland.Lactation Trophoblast-Stem-Cell 0.03502571 0.6172259 0.3496186 0.05674698 0.1001826 -0.2184915 0.2148015 0.9519043 -0.9746549 0 -0.2237135
MammaryGland.Lactation Uterus 0.05095175 0.7475838 0.124813 0.06815524 0.4082248 -0.1724554 0.06801939 0.982666 -0.9849471 0 -0.1728557
MammaryGland.Pregnancy MammaryGland.Virgin 0.2287548 0.9304063 0.7243472 0.2458654 0.3158081 -0.9706191 0.1686458 -0.1716308 0.1741248 0 -0.9847236
MammaryGland.Pregnancy Mesenchymal-Stem-Cell-Cultured 0 0 0 0.3588324 0.02485951 -0.03431653 0.01693172 0.9992676 -0.9994109 0 -0.03432145
MammaryGland.Pregnancy Bone_Marrow_Mesenchyme 0.183584 0.6503127 0.581544 0.2823012 0.3156838 -0.5983836 0.3555107 0.7180176 -0.7682025 0 -0.6402069
MammaryGland.Pregnancy Muscle 0.167179 0.6799616 0.5966136 0.2458654 0.2802133 -0.9706191 0.1686458 -0.1716308 0.1741248 0 -0.9847236
MammaryGland.Pregnancy Neonatal-Calvaria 0.2212995 0.8850322 0.5670593 0.2500468 0.3902581 -0.8854405 0.2864671 -0.3659668 0.3819754 0 -0.9241725
MammaryGland.Pregnancy Neonatal-Heart 0.1174434 0.4768171 0.5515106 0.246307 0.2129485 -0.9350213 0.2312624 -0.2687989 0.2762886 0 -0.9610747
MammaryGland.Pregnancy Neonatal-Muscle 0.204759 0.8188826 0.5412537 0.2500468 0.378305 -0.8854405 0.2864671 -0.3659668 0.3819754 0 -0.9241725
MammaryGland.Pregnancy Neonatal-Rib 0.2283236 0.9131235 0.5022944 0.2500468 0.4545614 -0.8854405 0.2864671 -0.3659668 0.3819754 0 -0.9241725
MammaryGland.Pregnancy Neonatal-Skin 0.1754439 0.703575 0.6132514 0.2493606 0.286088 -0.9087022 0.2434416 -0.3391113 0.3496297 0 -0.9368879
MammaryGland.Pregnancy Ovary 0.1114088 0.4467779 0.6947011 0.2493606 0.1603694 -0.9087022 0.2434416 -0.3391113 0.3496297 0 -0.9368879
MammaryGland.Pregnancy Pancreas 0.1283526 0.4874665 0.5100421 0.2633054 0.2516509 -0.9466467 0.03322056 0.3205566 -0.3207336 0 -0.9471695
MammaryGland.Pregnancy Peripheral_Blood 0.1178143 0.4791821 0.575982 0.2458654 0.2045451 -0.9706191 0.1686458 -0.1716308 0.1741248 0 -0.9847236
MammaryGland.Pregnancy Placenta 0.1407964 0.3022868 0.4334543 0.465771 0.3248242 0.1639711 0.974362 -0.1540527 0.6847208 0 0.7288055
MammaryGland.Pregnancy Prostate 0 0 0 0.3588324 0.004502627 -0.03431653 0.01693172 0.9992676 -0.9994109 0 -0.03432145
MammaryGland.Pregnancy Small-Intestine 0.1911408 0.7384802 0.5742044 0.25883 0.3328794 0.9779851 0.1346446 -0.1594238 0.1608889 0 0.9869726
MammaryGland.Pregnancy Spleen 0.09619968 0.2954027 0.7829065 0.325656 0.122875 -0.6940721 0.6007249 -0.3967285 0.4962482 0 -0.8681807
MammaryGland.Pregnancy Stomach 0.002189585 0.007708692 0.1427327 0.2840411 0.01534046 -0.647187 0.4020288 0.6477051 -0.7073896 0 -0.7068238
MammaryGland.Pregnancy Testis 0.1036929 0.3027263 0.5668911 0.3425304 0.1829151 0.2579181 0.6141552 0.7458496 -0.9450881 0 0.3268157
MammaryGland.Pregnancy Thymus 0.05317971 0.1910299 0.4902995 0.2783842 0.1084637 -0.899733 0.04290943 0.4343262 -0.4347266 0 -0.9005625
MammaryGland.Pregnancy Trophoblast-Stem-Cell 0.02523302 0.05421068 0.3565285 0.4654621 0.0707742 0.2766601 0.9563599 -0.0939941 0.3216869 0 0.9468461
MammaryGland.Pregnancy Uterus 0.123031 0.49895 0.6043587 0.2465799 0.2035729 -0.9144117 0.2764774 -0.2956542 0.3076462 0 -0.9515008
MammaryGland.Virgin Mesenchymal-Stem-Cell-Cultured 0.000255215 0.0006533373 0.01183604 0.3906329 0.02156253 0.07571365 0.1062274 -0.9914551 0.9970968 0 0.07614449
MammaryGland.Virgin Bone_Marrow_Mesenchyme 0.1953011 0.6062221 0.445639 0.3221609 0.4382495 -0.7296213 0.466271 -0.5002441 0.5654764 0 -0.8247645
MammaryGland.Virgin Muscle 0.2131997 0.6763454 0.7658507 0.3152231 0.2783829 -0.9670164 0.1364421 -0.2150878 0.2171183 0 -0.9761453
MammaryGland.Virgin Neonatal-Calvaria 0.2481543 0.770193 0.6706082 0.3221976 0.3700437 -0.52567 0.4230512 -0.7380371 0.8145154 0 -0.580142
MammaryGland.Virgin Neonatal-Heart 0.1323477 0.4167566 0.6212356 0.3175659 0.2130394 -0.8854405 0.2864671 -0.3659668 0.3819754 0 -0.9241725
MammaryGland.Virgin Neonatal-Muscle 0.2365785 0.7449744 0.6253644 0.3175659 0.378305 -0.8854405 0.2864671 -0.3659668 0.3819754 0 -0.9241725
MammaryGland.Virgin Neonatal-Rib 0.2763738 0.873248 0.6121791 0.3164895 0.451459 -0.8593448 0.3274403 -0.3928223 0.4157414 0 -0.9094829
MammaryGland.Virgin Neonatal-Skin 0.203785 0.6098983 0.7512922 0.3341295 0.271246 -0.6145868 0.615101 -0.4938965 0.6264158 0 -0.7794891
MammaryGland.Virgin Ovary 0.1237248 0.3853532 0.785603 0.3210685 0.1574902 -0.8996198 0.2105367 -0.3825683 0.3913398 0 -0.9202462
MammaryGland.Virgin Pancreas 0.1659676 0.4527002 0.8602436 0.3666171 0.1929309 0.06822697 0.1235493 0.9899902 -0.9976337 0 0.06875373
MammaryGland.Virgin Peripheral_Blood 0.140682 0.4472049 0.6882808 0.3145806 0.2043962 -0.8305535 0.3661304 -0.4196776 0.450993 0 -0.8925275
MammaryGland.Virgin Placenta 0.2087741 0.543864 0.7075619 0.3838719 0.2950613 -0.1724554 0.06801939 0.982666 -0.9849471 0 -0.1728557
MammaryGland.Virgin Prostate 0 0 0 0.3817493 0.004502627 -0.03431653 0.01693172 0.9992676 -0.9994109 0 -0.03432145
MammaryGland.Virgin Small-Intestine 0.2261516 0.7080163 0.6992007 0.3194158 0.323443 -0.9144117 0.2764774 -0.2956542 0.3076462 0 -0.9515008
MammaryGland.Virgin Spleen 0.01418168 0.03711862 0.08855151 0.3820637 0.1601517 -0.03811739 0.6533411 -0.7561035 0.9987317 0 -0.050349
MammaryGland.Virgin Stomach 0.002709737 0.008120595 0.1788843 0.333687 0.01514799 -0.6987849 0.1690549 0.6950684 -0.7052189 0 -0.7089897
MammaryGland.Virgin Testis 0.1027359 0.3169196 0.7407492 0.3241703 0.1386919 -0.5427951 0.368638 -0.7546386 0.8118121 0 -0.5839188
MammaryGland.Virgin Thymus 0.04476951 0.1406165 0.3979013 0.3183801 0.1125141 -0.9164867 0.1868318 0.3537597 -0.3601004 0 -0.9329135
MammaryGland.Virgin Trophoblast-Stem-Cell 0.06274609 0.1554672 0.5614292 0.4035969 0.1117613 0.7594639 0.5133107 -0.3996582 0.465692 0 0.8849469
MammaryGland.Virgin Uterus 0.1402864 0.4282255 0.6618272 0.3275994 0.2119683 -0.8918888 0.3860429 -0.2355957 0.2553936 0 -0.9668372
Mesenchymal-Stem-Cell-Cultured Bone_Marrow_Mesenchyme 0 0 0 0.02485951 0.4000106 -0.03431653 0.01693172 0.9992676 -0.9994109 0 -0.03432145
Mesenchymal-Stem-Cell-Cultured Muscle 0 0 0 0.02403847 0.3347202 -0.163272 0.004171492 0.9865723 -0.9865808 0 -0.1632735
Mesenchymal-Stem-Cell-Cultured Neonatal-Calvaria 0.002586384 0.1004897 0.006783702 0.02573781 0.3812644 0.9096346 0.3838024 0.1589355 -0.1721171 0 0.9850765
Mesenchymal-Stem-Cell-Cultured Neonatal-Heart 0 0 0 0.02485951 0.2930891 -0.03431653 0.01693172 0.9992676 -0.9994109 0 -0.03432145
Mesenchymal-Stem-Cell-Cultured Neonatal-Muscle 0 0 0 0.02462214 0.4336243 0.6076496 0.005010491 0.7941895 -0.7941994 0 0.6076573
Mesenchymal-Stem-Cell-Cultured Neonatal-Rib 0.003765068 0.1481486 0.00820579 0.02541413 0.4588307 0.9149393 0.3200687 0.2458496 -0.2595008 0 0.9657428
Mesenchymal-Stem-Cell-Cultured Neonatal-Skin 0 0 0 0.02462214 0.3111404 0.6076496 0.005010491 0.7941895 -0.7941994 0 0.6076573
Mesenchymal-Stem-Cell-Cultured Ovary 0.0005932499 0.02022289 0.003519584 0.02933557 0.1685568 0.7618247 0.306738 0.5705566 -0.5994539 0 0.8004093
Mesenchymal-Stem-Cell-Cultured Pancreas 0 0 0 0.02485951 0.198257 -0.03431653 0.01693172 0.9992676 -0.9994109 0 -0.03432145
Mesenchymal-Stem-Cell-Cultured Peripheral_Blood 0 0 0 0.02485951 0.3054518 -0.03431653 0.01693172 0.9992676 -0.9994109 0 -0.03432145
Mesenchymal-Stem-Cell-Cultured Placenta 0 0 0 0.02485951 0.2975727 -0.03431653 0.01693172 0.9992676 -0.9994109 0 -0.03432145
Mesenchymal-Stem-Cell-Cultured Prostate 0 0 0 0.02485951 0.004502627 -0.03431653 0.01693172 0.9992676 -0.9994109 0 -0.03432145
Mesenchymal-Stem-Cell-Cultured Small-Intestine 0 0 0 0.02485951 0.299 -0.03431653 0.01693172 0.9992676 -0.9994109 0 -0.03432145
Mesenchymal-Stem-Cell-Cultured Spleen 0 0 0 0.02485951 0.2221169 -0.03431653 0.01693172 0.9992676 -0.9994109 0 -0.03432145
Mesenchymal-Stem-Cell-Cultured Stomach 0 0 0 0.02485951 0.03201883 -0.03431653 0.01693172 0.9992676 -0.9994109 0 -0.03432145
Mesenchymal-Stem-Cell-Cultured Testis 0 0 0 0.02485951 0.2315542 -0.03431653 0.01693172 0.9992676 -0.9994109 0 -0.03432145
Mesenchymal-Stem-Cell-Cultured Thymus 0 0 0 0.02485951 0.1033267 -0.03431653 0.01693172 0.9992676 -0.9994109 0 -0.03432145
Mesenchymal-Stem-Cell-Cultured Trophoblast-Stem-Cell 0.007622826 0.3938087 0.08088831 0.01935667 0.09423891 0.4622333 0.289604 -0.8381348 0.8756598 0 0.4829285
Mesenchymal-Stem-Cell-Cultured Uterus 0 0 0 0.02493279 0.4069934 0.04742682 0.01380628 0.9987793 -0.9988745 0 0.04743133
Bone_Marrow_Mesenchyme Muscle 0.23455 0.7713872 0.7659163 0.3040626 0.3062345 -0.6500251 0.1790187 0.7385254 -0.7506517 0 -0.6606982
Bone_Marrow_Mesenchyme Neonatal-Calvaria 0.2396833 0.7053033 0.7106215 0.3398302 0.3372869 0.0481834 0.9622627 0.2678223 -0.984199 0 0.1770653
Bone_Marrow_Mesenchyme Neonatal-Heart 0.1887929 0.4599558 0.8861877 0.4104589 0.2130394 -0.8854405 0.2864671 -0.3659668 0.3819754 0 -0.9241725
Bone_Marrow_Mesenchyme Neonatal-Muscle 0.2475289 0.8077561 0.553905 0.3064401 0.4468797 -0.6284021 0.1389349 0.7653809 -0.7728766 0 -0.6345564
Bone_Marrow_Mesenchyme Neonatal-Rib 0.2758978 0.8236121 0.728193 0.3349852 0.3788801 -0.1111479 0.9012965 0.4187012 -0.966525 0 -0.2565725
Bone_Marrow_Mesenchyme Neonatal-Skin 0.2149988 0.6790979 0.735997 0.3165947 0.2921191 -0.7425919 0.1547904 0.6516113 -0.6595608 0 -0.7516512
Bone_Marrow_Mesenchyme Ovary 0.144494 0.3581277 0.9174794 0.4034707 0.1574902 -0.8996198 0.2105367 -0.3825683 0.3913398 0 -0.9202462
Bone_Marrow_Mesenchyme Pancreas 0.1745431 0.5740365 0.6166117 0.3040626 0.283068 -0.6500251 0.1790187 0.7385254 -0.7506517 0 -0.6606982
Bone_Marrow_Mesenchyme Peripheral_Blood 0.1706709 0.5241364 0.820384 0.3256231 0.2080379 -0.5059996 0.7005573 0.5031739 -0.7051241 0 -0.7090839
Bone_Marrow_Mesenchyme Placenta 0.1782143 0.4870925 0.5746779 0.3658735 0.3101116 0.9948115 0.02183123 -0.09936518 0.09938887 0 0.9950486
Bone_Marrow_Mesenchyme Prostate 0 0 0 0.4090204 0.004309969 0.04742682 0.01380628 0.9987793 -0.9988745 0 0.04743133
Bone_Marrow_Mesenchyme Small-Intestine 0.2123089 0.4893756 0.7938308 0.4338363 0.2674485 0.6459382 0.1692787 0.7443848 -0.7552848 0 0.6553967
Bone_Marrow_Mesenchyme Spleen 0.1075608 0.2515962 0.932226 0.4275138 0.1153807 -0.6366569 0.6937732 -0.3366699 0.4674715 0 -0.8840082
Bone_Marrow_Mesenchyme Stomach 0 0 0 0.3108875 0.01470868 -0.6510513 0.0009098255 0.7590332 -0.7590335 0 -0.6510516
Bone_Marrow_Mesenchyme Testis 0.09694036 0.2884752 0.5912257 0.336044 0.1639651 0.0777383 0.9471335 0.3112793 -0.9702023 0 0.2422965
Bone_Marrow_Mesenchyme Thymus 0.04376647 0.1407791 0.4581959 0.3108875 0.09551912 -0.6510513 0.0009098255 0.7590332 -0.7590335 0 -0.6510516
Bone_Marrow_Mesenchyme Trophoblast-Stem-Cell 0.01005133 0.02416675 0.1338659 0.4159156 0.07508506 0.1765727 0.8955406 -0.4084473 0.9179006 0 0.3968105
Bone_Marrow_Mesenchyme Uterus 0.1584812 0.3616233 0.6254078 0.4382495 0.2534046 -0.7296213 0.466271 -0.5002441 0.5654764 0 -0.8247645
Muscle Neonatal-Calvaria 0.232052 0.8335714 0.5711799 0.2783829 0.4062678 -0.9670164 0.1364421 -0.2150878 0.2171183 0 -0.9761453
Muscle Neonatal-Heart 0.1458072 0.4419229 0.6670702 0.3299381 0.2185785 -0.7682556 0.5404834 -0.3430176 0.4076968 0 -0.9131174
Muscle Neonatal-Muscle 0.2540711 0.9593567 0.6717158 0.2648349 0.3782419 -0.5497462 0.7719841 0.3190918 -0.5019994 0 -0.864868
Muscle Neonatal-Rib 0.2553742 0.964277 0.6271911 0.2648349 0.4071712 -0.5497462 0.7719841 0.3190918 -0.5019994 0 -0.864868
Muscle Neonatal-Skin 0.2236268 0.8408082 0.8611804 0.2659664 0.2596747 -0.581514 0.7654195 0.2756348 -0.4283158 0 -0.9036292
Muscle Ovary 0.09013282 0.2486011 0.5479894 0.36256 0.1644791 0.8014591 0.447515 0.3967285 -0.4436308 0 0.8962097
Muscle Pancreas 0.1788757 0.5182815 0.932609 0.3451324 0.1918014 0.1077844 0.05883846 0.9924316 -0.994154 0 0.1079714
Muscle Peripheral_Blood 0.1831926 0.690131 0.8999133 0.2654461 0.2035669 -0.6047386 0.6617704 0.4431153 -0.5910516 0 -0.8066337
Muscle Placenta 0.2117503 0.7811558 0.5919492 0.271073 0.357717 -0.7346948 0.6485621 0.1989746 -0.2614091 0 -0.9652281
Muscle Prostate 0 0 0 0.3424807 0.004502627 -0.03431653 0.01693172 0.9992676 -0.9994109 0 -0.03432145
Muscle Small-Intestine 0.2061513 0.5687591 0.7906784 0.3624581 0.2607272 0.4104021 0.4904268 0.7687988 -0.8821737 0 0.4709242
Muscle Spleen 0.1126341 0.3204163 0.9676469 0.3515244 0.1164 -0.593954 0.7176823 -0.3635254 0.5220286 0 -0.852928
Muscle Stomach 0.00202505 0.006643653 0.1336845 0.3048097 0.01514799 -0.6987849 0.1690549 0.6950684 -0.7052189 0 -0.7089897
Muscle Testis 0.07002127 0.2072949 0.3915369 0.3377857 0.178837 0.0452676 0.8233857 0.5656738 -0.9968134 0 0.0797692
Muscle Thymus 0.04893329 0.1544218 0.451276 0.3168808 0.1084332 0.7923183 0.0008303243 0.6101074 -0.6101077 0 0.7923186
Muscle Trophoblast-Stem-Cell 0.03629014 0.0800731 0.5483429 0.4532126 0.06618147 0.4254985 0.8711993 -0.2448731 0.4987947 0 0.8667202
Muscle Uterus 0.1656891 0.5902561 0.8061514 0.2807071 0.205531 -0.9557953 0.2169299 -0.1984863 0.2033281 0 -0.9791106
Neonatal-Calvaria Neonatal-Heart 0.1406385 0.360373 0.6601523 0.3902581 0.2130394 -0.8854405 0.2864671 -0.3659668 0.3819754 0 -0.9241725
Neonatal-Calvaria Neonatal-Muscle 0.2691132 0.8572986 0.8063018 0.3139084 0.3337624 -0.5239562 0.8483542 -0.07592771 0.1434143 0 -0.9896628
Neonatal-Calvaria Neonatal-Rib 0.301066 0.9784814 0.6798478 0.307687 0.4428432 -0.3790421 0.8419297 -0.3840332 0.7117166 0 -0.7024667
Neonatal-Calvaria Neonatal-Skin 0.2129374 0.581477 0.8205253 0.366201 0.2595136 -0.8123715 0.5610632 -0.1589356 0.1920039 0 -0.9813942
Neonatal-Calvaria Ovary 0.1363058 0.3484307 0.7795547 0.3911993 0.1748509 0.9356492 0.3061817 0.1755371 -0.1843929 0 0.9828526
Neonatal-Calvaria Pancreas 0.1634534 0.4197344 0.7092763 0.389421 0.2304509 -0.5510036 0.1492658 -0.821045 0.8303472 0 -0.5572463
Neonatal-Calvaria Peripheral_Blood 0.1438814 0.3744488 0.6976738 0.3842484 0.2062301 -0.7907329 0.3669484 -0.4899901 0.5267345 0 -0.8500298
Neonatal-Calvaria Placenta 0.2286067 0.5581567 0.6830467 0.4095745 0.3346868 0.5269197 0.05848553 0.8479004 -0.8493543 0 0.5278232
Neonatal-Calvaria Prostate 0 0 0 0.4707749 0.004502627 -0.03431653 0.01693172 0.9992676 -0.9994109 0 -0.03432145
Neonatal-Calvaria Small-Intestine 0.2213884 0.547675 0.8491189 0.4042331 0.2607272 0.4104021 0.4904268 0.7687988 -0.8821737 0 0.4709242
Neonatal-Calvaria Spleen 0.0847641 0.2603533 0.6641234 0.3255734 0.1276331 -0.4250662 0.7447864 -0.5144044 0.7708709 0 -0.6369914
Neonatal-Calvaria Stomach 0.001889748 0.004365826 0.1358841 0.4328501 0.01390706 0.6209106 0.2735046 -0.7346191 0.76374 0 0.645524
Neonatal-Calvaria Testis 0.1217126 0.3290012 0.879649 0.3699459 0.138365 -0.5694948 0.4121847 -0.7111817 0.7805745 0 -0.6250627
Neonatal-Calvaria Thymus 0.03704113 0.09340632 0.366357 0.3965591 0.1011067 -0.5370433 0.09966342 -0.8376465 0.8418379 0 -0.5397305
Neonatal-Calvaria Trophoblast-Stem-Cell 0.02891375 0.08064035 0.4280606 0.358552 0.06754594 0.3254398 0.8679175 -0.3752442 0.7554616 0 0.6551929
Neonatal-Calvaria Uterus 0.1873905 0.543873 0.8416632 0.3445483 0.2226431 -0.7223741 0.6890363 0.05834967 -0.08051262 0 -0.9967536
Neonatal-Heart Neonatal-Muscle 0.1808371 0.8273323 0.5269238 0.2185785 0.343194 -0.7682556 0.5404834 -0.3430176 0.4076968 0 -0.9131174
Neonatal-Heart Neonatal-Rib 0.1872925 0.8568659 0.4256527 0.2185785 0.4400125 -0.7682556 0.5404834 -0.3430176 0.4076968 0 -0.9131174
Neonatal-Heart Neonatal-Skin 0.1772355 0.6776817 0.660823 0.261532 0.2682041 -0.5247772 0.8298337 -0.1896972 0.3399526 0 -0.9404426
Neonatal-Heart Ovary 0.09025533 0.4240745 0.5627964 0.2128289 0.1603694 -0.9087022 0.2434416 -0.3391113 0.3496297 0 -0.9368879
Neonatal-Heart Pancreas 0.1216918 0.5581364 0.4712774 0.2180324 0.258217 -0.9367027 0.1201704 -0.3288574 0.3312579 0 -0.9435403
Neonatal-Heart Peripheral_Blood 0.1622916 0.7617915 0.7940388 0.2130394 0.2043875 -0.8854405 0.2864671 -0.3659668 0.3819754 0 -0.9241725
Neonatal-Heart Placenta 0.1621208 0.7395794 0.428831 0.2192068 0.378053 -0.8303567 0.5501398 -0.08862302 0.1061261 0 -0.9943527
Neonatal-Heart Prostate 0 0 0 0.2930891 0.004502627 -0.03431653 0.01693172 0.9992676 -0.9994109 0 -0.03432145
Neonatal-Heart Small-Intestine 0.1701561 0.6701034 0.6565554 0.2539251 0.2591649 0.8382348 0.270676 0.4733887 -0.4917453 0 0.8707391
Neonatal-Heart Spleen 0.08878943 0.3950511 0.7266297 0.2247543 0.1221935 -0.71727 0.6367559 -0.282959 0.3669715 0 -0.9302322
Neonatal-Heart Stomach 0 0 0 0.2313129 0.04220513 0.9097187 0.06916691 0.4094238 -0.4104066 0 0.9119026
Neonatal-Heart Testis 0.02746272 0.09702037 0.1649318 0.2830614 0.1665096 -0.3574097 0.9270819 -0.1130372 0.301546 0 -0.9534517
Neonatal-Heart Thymus 0.06435218 0.2273688 0.648371 0.2830299 0.0992521 -0.2486023 0.3155304 -0.9157715 0.9650718 0 -0.2619857
Neonatal-Heart Trophoblast-Stem-Cell 0.01732878 0.04647286 0.2476397 0.3728796 0.0699758 0.4320206 0.8998126 -0.06079099 0.1393405 0 0.9902446
Neonatal-Heart Uterus 0.09075309 0.4256027 0.4273456 0.2132343 0.2123646 -0.8908653 0.3199161 -0.3225098 0.3403992 0 -0.940281
Neonatal-Muscle Neonatal-Rib 0.259716 0.7576731 0.5992456 0.3427811 0.433405 -0.5360071 0.7696365 -0.3469238 0.5433569 0 -0.8395018
Neonatal-Muscle Neonatal-Skin 0.2481425 0.7150413 0.9836016 0.3470324 0.2522795 -0.6493334 0.7604896 0.004638731 -0.007143653 0 -0.9999745
Neonatal-Muscle Ovary 0.07177986 0.1732874 0.4554526 0.4142244 0.1576012 -0.921174 0.01351751 -0.388916 0.3889515 0 -0.9212582
Neonatal-Muscle Pancreas 0.08676406 0.1872872 0.4411772 0.4632673 0.1966649 -0.04202883 0.07446051 -0.9963379 0.9991115 0 -0.04214583
Neonatal-Muscle Peripheral_Blood 0.148298 0.3424971 0.6113061 0.4329905 0.242592 -0.7552446 0.1982063 0.6247559 -0.6374017 0 -0.7705317
Neonatal-Muscle Placenta 0.1650612 0.4025586 0.5826601 0.4100302 0.283289 -0.9667006 0.05355286 0.2502441 -0.2506037 0 -0.9680898
Neonatal-Muscle Prostate 0 0 0 0.470021 0.004502627 -0.03431653 0.01693172 0.9992676 -0.9994109 0 -0.03432145
Neonatal-Muscle Small-Intestine 0.2410205 0.5167837 0.8888723 0.4663858 0.2711532 -0.2036511 0.1137582 0.9724121 -0.9787658 0 -0.2049817
Neonatal-Muscle Spleen 0.03198448 0.07674521 0.174823 0.4167619 0.1829535 0.1831092 0.4813702 -0.8571778 0.9779359 0 0.2089054
Neonatal-Muscle Stomach 0.002026958 0.004755314 0.1422149 0.4262512 0.01425278 0.585432 0.1892224 -0.7883301 0.8028339 0 0.5962028
Neonatal-Muscle Testis 0.1062246 0.2791426 0.6554463 0.3805388 0.1620646 0.01770441 0.9743443 0.2243652 -0.9969012 0 0.07866436
Neonatal-Muscle Thymus 0.06977939 0.1635557 0.6936493 0.42664 0.1005975 -0.5039552 0.1646023 -0.8479005 0.8596258 0 -0.5109242
Neonatal-Muscle Trophoblast-Stem-Cell 0.03889202 0.08886014 0.5833487 0.4376768 0.06667028 0.4149788 0.8929285 -0.1745605 0.3877412 0 0.9217682
Neonatal-Muscle Uterus 0.1319848 0.3509689 0.5830181 0.3760583 0.2263819 -0.8770314 0.4739171 0.07885744 -0.08955278 0 -0.9959821
Neonatal-Rib Neonatal-Skin 0.2377216 0.5630334 0.9466974 0.4222158 0.2511062 -0.6620184 0.7457306 0.07495122 -0.1124975 0 -0.993652
Neonatal-Rib Ovary 0.1405977 0.3084982 0.848497 0.4557489 0.1657021 0.7646403 0.5495257 0.33667 -0.4029674 0 0.9152143
Neonatal-Rib Pancreas 0.1703319 0.3253017 0.8559872 0.5236119 0.1989888 -0.01288601 0.06498964 0.9978027 -0.9999166 0 -0.01291331
Neonatal-Rib Peripheral_Blood 0.09953085 0.2118629 0.4486008 0.469789 0.2218695 0.9666677 0.1482607 0.2087403 -0.211073 0 0.9774703
Neonatal-Rib Placenta 0.07531312 0.1557542 0.2429339 0.4835384 0.3100148 0.02910873 0.4738451 -0.880127 0.9994535 0 0.03305526
Neonatal-Rib Prostate 0 0 0 0.5223768 0.004502627 -0.03431653 0.01693172 0.9992676 -0.9994109 0 -0.03432145
Neonatal-Rib Small-Intestine 0.2333214 0.4509293 0.8494242 0.5174233 0.2746818 -0.1010978 0.1390777 0.9851074 -0.9947752 0 -0.10209
Neonatal-Rib Spleen 0.09073485 0.2196159 0.4861875 0.4131525 0.1866252 -0.5426527 0.7029855 0.4597168 -0.646392 0 -0.7630054
Neonatal-Rib Stomach 0.005992761 0.01320292 0.4269131 0.4538966 0.01403743 0.4616724 0.6034635 -0.6501465 0.8153425 0 0.5789789
Neonatal-Rib Testis 0.1232309 0.2625038 0.8885229 0.4694445 0.1386919 -0.5427951 0.368638 -0.7546386 0.8118121 0 -0.5839188
Neonatal-Rib Thymus 0.006363822 0.01278846 0.06464701 0.4976224 0.09843954 -0.4504965 0.2445114 0.8586426 -0.8855213 0 -0.4645987
Neonatal-Rib Trophoblast-Stem-Cell 0.02926808 0.06507953 0.4242526 0.449728 0.06898741 0.2915881 0.8600382 -0.4187012 0.8206132 0 0.571484
Neonatal-Rib Uterus 0.140385 0.3238638 0.5348204 0.4334693 0.26249 -0.6467661 0.6612089 -0.3801269 0.5066995 0 -0.8621227
Neonatal-Skin Ovary 0.1228251 0.4284201 0.7940524 0.2866931 0.1546813 -0.9070045 0.1341871 -0.3991699 0.4028129 0 -0.9152824
Neonatal-Skin Pancreas 0.1711677 0.5170488 0.8979851 0.3310475 0.1906131 0.05644158 0.06422738 0.9963379 -0.9983993 0 0.05655836
Neonatal-Skin Peripheral_Blood 0.0369367 0.1154492 0.1387033 0.3199389 0.2663001 -0.06243 0.9761848 0.2077637 -0.9576982 0 -0.2877745
Neonatal-Skin Placenta 0.2164826 0.8585291 0.5743551 0.2521552 0.3769142 -0.6352243 0.7631969 0.1184082 -0.1832473 0 -0.9830669
Neonatal-Skin Prostate 0 0 0 0.3345575 0.004502627 -0.03431653 0.01693172 0.9992676 -0.9994109 0 -0.03432145
Neonatal-Skin Small-Intestine 0.2051084 0.6058012 0.783825 0.3385738 0.2616763 0.2729894 0.451725 0.8493652 -0.9520354 0 0.305988
Neonatal-Skin Spleen 0.0880575 0.3175457 0.7257158 0.2773065 0.1213388 -0.5163608 0.7218956 -0.4606933 0.6657398 0 -0.746184
Neonatal-Skin Stomach 0.001320355 0.004172612 0.08744293 0.3164337 0.01509962 0.5874547 0.02604129 -0.8088379 0.8091123 0 0.5876541
Neonatal-Skin Testis 0.07198161 0.2263121 0.4024985 0.3180634 0.178837 0.0452676 0.8233857 0.5656738 -0.9968134 0 0.0797692
Neonatal-Skin Thymus 0.04282825 0.1475184 0.4414342 0.2903248 0.09702069 -0.4087897 0.2228202 -0.8850097 0.907833 0 -0.4193318
Neonatal-Skin Trophoblast-Stem-Cell 0.04005191 0.1083995 0.5269887 0.3694842 0.07600147 0.1653155 0.7302817 -0.6628419 0.9702784 0 0.2419914
Neonatal-Skin Uterus 0.1603454 0.6149371 0.7472804 0.2607509 0.2145719 -0.8303567 0.5501398 -0.08862302 0.1061261 0 -0.9943527
Ovary Pancreas 0.09188976 0.5940585 0.354883 0.1546813 0.2589298 -0.9070045 0.1341871 -0.3991699 0.4028129 0 -0.9152824
Ovary Peripheral_Blood 0.09287921 0.5582364 0.457914 0.1663797 0.2028311 -0.8908653 0.3199161 -0.3225098 0.3403992 0 -0.940281
Ovary Placenta 0.1271762 0.8161575 0.3634214 0.1558231 0.3499414 -0.9074996 0.05981964 -0.4157715 0.4165175 0 -0.9091277
Ovary Prostate 0 0 0 0.4099516 0.004502627 -0.03431653 0.01693172 0.9992676 -0.9994109 0 -0.03432145
Ovary Small-Intestine 0.1360432 0.8117177 0.4511125 0.1675991 0.3015726 0.758185 0.582393 0.2932129 -0.3606965 0 0.9326832
Ovary Spleen 0.08235583 0.4286035 0.6646936 0.1921492 0.1239004 -0.7431031 0.6344914 -0.2126465 0.2751174 0 -0.9614106
Ovary Stomach 5.385761E-05 0.0002390386 0.003995435 0.2253093 0.01347978 0.038936 0.9439164 -0.3278808 0.9930229 0 0.1179219
Ovary Testis 0.05047126 0.2526685 0.3123545 0.1997529 0.1615833 -0.2500439 0.9667841 -0.05297854 0.2072755 0 -0.9782826
Ovary Thymus 0.05549546 0.3198404 0.5093105 0.1735099 0.1089619 0.8295746 0.09618837 0.5500488 -0.5526112 0 0.8334392
Ovary Trophoblast-Stem-Cell 0.02478933 0.1191481 0.3542558 0.2080548 0.0699758 0.4320206 0.8998126 -0.06079099 0.1393405 0 0.9902446
Ovary Uterus 0.1241663 0.7742517 0.59944 0.1603694 0.2071371 -0.9087022 0.2434416 -0.3391113 0.3496297 0 -0.9368879
Pancreas Peripheral_Blood 0.1434381 0.560744 0.6998721 0.2557997 0.2049491 -0.9168706 0.3094266 -0.2521972 0.265213 0 -0.9641898
Pancreas Placenta 0.1545024 0.7838402 0.4844097 0.1971096 0.3189498 -0.1006081 0.1323494 -0.986084 0.9948354 0 -0.101501
Pancreas Prostate 0 0 0 0.198257 0.004502627 -0.03431653 0.01693172 0.9992676 -0.9994109 0 -0.03432145
Pancreas Small-Intestine 0.1429325 0.6694911 0.5262501 0.2134943 0.2716057 -0.03449543 0.2367942 0.9709473 -0.9993695 0 -0.03550521
Pancreas Spleen 0.1022112 0.3478255 0.6877782 0.2938578 0.1486107 -0.1549444 0.7208619 -0.6755371 0.9746903 0 -0.2235596
Pancreas Stomach 0.0003860432 0.001318479 0.02745455 0.2927944 0.01406117 0.4764947 0.5609111 -0.6770019 0.8177575 0 0.5755628
Pancreas Testis 0.05203396 0.2321877 0.3099172 0.224103 0.1678963 -0.4395601 0.03020858 -0.8977051 0.898115 0 -0.4397607
Pancreas Thymus 0.03543069 0.148245 0.351338 0.239001 0.100845 -0.1227516 0.3729946 -0.9196777 0.9912098 0 -0.1322992
Pancreas Trophoblast-Stem-Cell 0.0376317 0.09710338 0.4423365 0.3875427 0.08507483 0.07000765 0.9561391 -0.2844238 0.9710183 0 0.239005
Pancreas Uterus 0.130945 0.5426896 0.5994312 0.241289 0.2184488 -0.8851404 0.4640125 -0.03491209 0.03941179 0 -0.9992231
Peripheral_Blood Placenta 0.1689189 0.8282474 0.5396688 0.2039474 0.3130048 -0.8412677 0.4256898 0.333252 -0.3682874 0 -0.9297119
Peripheral_Blood Prostate 0 0 0 0.3054518 0.004502627 -0.03431653 0.01693172 0.9992676 -0.9994109 0 -0.03432145
Peripheral_Blood Small-Intestine 0.1505053 0.7070444 0.5476375 0.2128654 0.2748264 0.8020208 0.06718209 0.5935059 -0.5948498 0 0.8038369
Peripheral_Blood Spleen 0.09670747 0.4184927 0.8089526 0.2310852 0.1195465 -0.6537343 0.627063 -0.423584 0.5437756 0 -0.8392307
Peripheral_Blood Stomach 0.0002067104 0.0006131799 0.01532529 0.3371122 0.01348819 0.1765727 0.8955406 -0.4084473 0.9179006 0 0.3968105
Peripheral_Blood Testis 0.02393631 0.0916419 0.1395449 0.261194 0.1715313 -0.4321643 0.892428 -0.1296387 0.2873263 0 -0.9578328
Peripheral_Blood Thymus 0.04526874 0.2114633 0.4174806 0.2140738 0.1084332 0.7923183 0.0008303243 0.6101074 -0.6101077 0 0.7923186
Peripheral_Blood Trophoblast-Stem-Cell 0.0252868 0.07801093 0.3792813 0.3241442 0.06667028 0.4149788 0.8929285 -0.1745605 0.3877412 0 0.9217682
Peripheral_Blood Uterus 0.1054014 0.5196509 0.4963227 0.2028311 0.2123646 -0.8908653 0.3199161 -0.3225098 0.3403992 0 -0.940281
Placenta Prostate 0 0 0 0.2975727 0.004502627 -0.03431653 0.01693172 0.9992676 -0.9994109 0 -0.03432145
Placenta Small-Intestine 0.1963387 0.8270406 0.6116908 0.237399 0.3209769 0.8432437 0.1029132 -0.5275879 0.5304042 0 0.8477449
Placenta Spleen 0.04858153 0.1212284 0.3735018 0.4007438 0.1300704 -0.7345009 0.5382068 -0.4133301 0.4904175 0 -0.8714876
Placenta Stomach 0.004029719 0.01457423 0.2850385 0.2764961 0.01413745 0.442775 0.6445608 -0.623291 0.8152358 0 0.5791292
Placenta Testis 0.08631194 0.2593652 0.5220267 0.3327814 0.1653401 0.5024322 0.0140817 0.864502 -0.8645877 0 0.502482
Placenta Thymus 0.05151708 0.1818535 0.4481456 0.283289 0.1149561 -0.9667006 0.05355286 0.2502441 -0.2506037 0 -0.9680898
Placenta Trophoblast-Stem-Cell 0.03534056 0.1202768 0.4318326 0.2938268 0.08183858 0.2758593 0.5371245 -0.7971192 0.9450104 0 0.3270401
Placenta Uterus 0.1335584 0.3649486 0.6582185 0.3659649 0.2029089 -0.9350213 0.2312624 -0.2687989 0.2762886 0 -0.9610747
Prostate Small-Intestine 0 0 0 0.004712 0.2806547 -0.009749388 0.1570104 0.9875488 -0.9999513 0 -0.009871829
Prostate Spleen 0 0 0 0.004502627 0.2221169 -0.03431653 0.01693172 0.9992676 -0.9994109 0 -0.03432145
Prostate Stomach 0 0 0 0.004502627 0.03201883 -0.03431653 0.01693172 0.9992676 -0.9994109 0 -0.03432145
Prostate Testis 0 0 0 0.004502627 0.2315542 -0.03431653 0.01693172 0.9992676 -0.9994109 0 -0.03432145
Prostate Thymus 0 0 0 0.004502627 0.1033267 -0.03431653 0.01693172 0.9992676 -0.9994109 0 -0.03432145
Prostate Trophoblast-Stem-Cell 0 0 0 0.004502627 0.1099578 -0.03431653 0.01693172 0.9992676 -0.9994109 0 -0.03432145
Prostate Uterus 0 0 0 0.004502627 0.4098195 -0.03431653 0.01693172 0.9992676 -0.9994109 0 -0.03432145
Small-Intestine Spleen 0.0950863 0.2456626 0.8241096 0.3870605 0.1153807 -0.6366569 0.6937732 -0.3366699 0.4674715 0 -0.8840082
Small-Intestine Stomach 0.001842547 0.005619101 0.131624 0.3279079 0.01399857 0.5417969 0.3967673 -0.7409667 0.8072244 0 0.5902447
Small-Intestine Testis 0.02040982 0.05138186 0.110082 0.3972185 0.1854056 -0.1365673 0.5986187 -0.7893066 0.9853596 0 -0.1704888
Small-Intestine Thymus 0.05334251 0.1477353 0.4928075 0.3610681 0.1082421 0.6159688 0.5400888 -0.5734862 0.6814173 0 0.7318951
Small-Intestine Trophoblast-Stem-Cell 0.03884801 0.08866207 0.522557 0.4381582 0.07434215 0.1864134 0.8579273 -0.4787598 0.931854 0 0.3628335
Small-Intestine Uterus 0.1641149 0.4432373 0.6304249 0.3702641 0.2603242 -0.7341484 0.6233062 0.2692871 -0.3443666 0 -0.9388353
Spleen Stomach 9.812426E-05 0.0004271119 0.007757833 0.229739 0.01264841 0.02119813 0.9660275 -0.2575683 0.9966303 0 0.08202369
Spleen Testis 0.0009758388 0.006481349 0.005735319 0.150561 0.1701455 -0.4572848 0.8723121 -0.1730957 0.3540156 0 -0.9352396
Spleen Thymus 0.0691136 0.4315508 0.6678815 0.1601517 0.1034818 -0.03811739 0.6533411 -0.7561035 0.9987317 0 -0.050349
Spleen Trophoblast-Stem-Cell 0.02293344 0.08994219 0.2867407 0.2549798 0.07997973 0.07691999 0.9969468 0.01342776 -0.1719674 0 0.9851027
Spleen Uterus 0.08930067 0.7739657 0.3430677 0.1153807 0.2603004 -0.6366569 0.6937732 -0.3366699 0.4674715 0 -0.8840082
Stomach Testis 0 0 0 0.03201883 0.2315542 -0.03431653 0.01693172 0.9992676 -0.9994109 0 -0.03432145
Stomach Thymus 0 0 0 0.04364571 0.1027537 0.569857 0.03388599 0.8210449 -0.8215167 0 0.5701845
Stomach Trophoblast-Stem-Cell 0 0 0 0.02639183 0.09504233 -0.2472899 0.07461375 0.9660645 -0.9687648 0 -0.2479811
Stomach Uterus 0.005215639 0.3628585 0.01518518 0.01437375 0.343469 0.1864134 0.8579273 -0.4787598 0.931854 0 0.3628335
Testis Thymus 0 0 0 0.1725181 0.1037923 0.4454116 0.1355221 0.8850098 -0.8932506 0 0.449559
Testis Trophoblast-Stem-Cell 0.03410088 0.1395183 0.5048546 0.2444187 0.06754594 0.3254398 0.8679175 -0.3752442 0.7554616 0 0.6551929
Testis Uterus 0.0726055 0.4215996 0.2501135 0.1722143 0.2902902 0.08918882 0.8376873 0.5388184 -0.9865757 0 0.1633046
Thymus Trophoblast-Stem-Cell 0 0 0 0.1033267 0.1099578 -0.03431653 0.01693172 0.9992676 -0.9994109 0 -0.03432145
Thymus Uterus 0.03974595 0.3719222 0.1102293 0.1068663 0.3605753 0.6265285 0.497043 -0.6003418 0.6918565 0 0.7220351
Trophoblast-Stem-Cell Uterus 0.01400495 0.1581174 0.04192872 0.08857308 0.3340181 0.07042352 0.880649 -0.4685059 0.9888906 0 0.1486452
