11 14 0 0 0 0.008703715 0.02428881 -0.03431653 0.01693172 0.9992676 -0.9994109 0 -0.03432145
11 8 0 0 0 0.008703715 0.0655245 -0.03431653 0.01693172 0.9992676 -0.9994109 0 -0.03432145
11 1 0 0 0 0.008703715 0.1456218 -0.03431653 0.01693172 0.9992676 -0.9994109 0 -0.03432145
11 12 0 0 0 0.008703715 0.008274125 -0.03431653 0.01693172 0.9992676 -0.9994109 0 -0.03432145
11 22 0 0 0 0.008703715 0.002370118 -0.03431653 0.01693172 0.9992676 -0.9994109 0 -0.03432145
11 20 0 0 0 0.008703715 0.005026129 -0.03431653 0.01693172 0.9992676 -0.9994109 0 -0.03432145
11 0 8.814536E-08 8.737065E-06 4.101004E-07 0.01008867 0.214936 0.6739088 0.08305895 0.7341309 -0.7366763 0 0.6762455
11 6 0 0 0 0.0062275 0.04720525 -0.2719336 0.2264087 0.9353027 -0.9602378 0 -0.2791834
11 5 0 0 0 0.008703715 0.08588174 -0.03431653 0.01693172 0.9992676 -0.9994109 0 -0.03432145
11 2 0 0 0 0.008703715 0.1114536 -0.03431653 0.01693172 0.9992676 -0.9994109 0 -0.03432145
11 13 0 0 0 0.008703715 0.01155061 -0.03431653 0.01693172 0.9992676 -0.9994109 0 -0.03432145
11 9 0 0 0 0.008703715 0.2236021 -0.03431653 0.01693172 0.9992676 -0.9994109 0 -0.03432145
11 3 0 0 0 0.008703715 0.1456019 -0.03431653 0.01693172 0.9992676 -0.9994109 0 -0.03432145
11 4 0 0 0 0.008703715 0.1253456 -0.03431653 0.01693172 0.9992676 -0.9994109 0 -0.03432145
11 10 0 0 0 0.008703715 0.06167835 -0.03431653 0.01693172 0.9992676 -0.9994109 0 -0.03432145
11 16 0 0 0 0.008703715 0.005509313 -0.03431653 0.01693172 0.9992676 -0.9994109 0 -0.03432145
11 7 0 0 0 0.008703715 0.06796986 -0.03431653 0.01693172 0.9992676 -0.9994109 0 -0.03432145
11 15 0 0 0 0.008703715 0.007755902 -0.03431653 0.01693172 0.9992676 -0.9994109 0 -0.03432145
11 17 0 0 0 0.008703715 0.06970064 -0.03431653 0.01693172 0.9992676 -0.9994109 0 -0.03432145
11 18 0 0 0 0.008703715 0.01101159 -0.03431653 0.01693172 0.9992676 -0.9994109 0 -0.03432145
11 21 0 0 0 0.008703715 0.001667438 -0.03431653 0.01693172 0.9992676 -0.9994109 0 -0.03432145
11 23 0 0 0 0.008703715 6.48257E-05 -0.03431653 0.01693172 0.9992676 -0.9994109 0 -0.03432145
11 19 0 0 0 0.008703715 0.001100715 -0.03431653 0.01693172 0.9992676 -0.9994109 0 -0.03432145
14 8 0 0 0 0.02428881 0.0655245 -0.03431653 0.01693172 0.9992676 -0.9994109 0 -0.03432145
14 1 0 0 0 0.02225834 0.1476933 -0.163272 0.004171492 0.9865723 -0.9865808 0 -0.1632735
14 12 0 0 0 0.02428881 0.008274125 -0.03431653 0.01693172 0.9992676 -0.9994109 0 -0.03432145
14 22 0 0 0 0.02428881 0.002370118 -0.03431653 0.01693172 0.9992676 -0.9994109 0 -0.03432145
14 20 0 0 0 0.02428881 0.005026129 -0.03431653 0.01693172 0.9992676 -0.9994109 0 -0.03432145
14 0 0 0 0 0.01649458 0.2378931 -0.7666698 0.09476373 0.6350098 -0.6378803 0 -0.7701355
14 6 0 0 0 0.02428881 0.05346464 -0.03431653 0.01693172 0.9992676 -0.9994109 0 -0.03432145
14 5 0 0 0 0.02428881 0.08588174 -0.03431653 0.01693172 0.9992676 -0.9994109 0 -0.03432145
14 2 0 0 0 0.02428881 0.1114536 -0.03431653 0.01693172 0.9992676 -0.9994109 0 -0.03432145
14 13 0 0 0 0.02428881 0.01155061 -0.03431653 0.01693172 0.9992676 -0.9994109 0 -0.03432145
14 9 0 0 0 0.02274268 0.2364223 -0.267615 0.1216898 0.9558105 -0.9629672 0 -0.2696187
14 3 0 0 0 0.02839984 0.127143 0.2718759 0.1597833 0.9489746 -0.9613256 0 0.2754143
14 4 0 0 0 0.02224148 0.1224127 -0.3232228 0.1158166 0.939209 -0.9455721 0 -0.3254126
14 10 0 0 0 0.02473753 0.06158358 -0.01288601 0.06498964 0.9978027 -0.9999166 0 -0.01291331
14 16 0 0 0 0.02428881 0.005509313 -0.03431653 0.01693172 0.9992676 -0.9994109 0 -0.03432145
14 7 0 0 0 0.02793931 0.05714035 0.2448073 0.2269885 0.942627 -0.9678914 0 0.2513687
14 15 0 0 0 0.02428881 0.007755902 -0.03431653 0.01693172 0.9992676 -0.9994109 0 -0.03432145
14 17 0 0 0 0.02703813 0.06741099 0.1493689 0.02250491 0.9885254 -0.9887758 0 0.1494068
14 18 0 0 0 0.02428881 0.01101159 -0.03431653 0.01693172 0.9992676 -0.9994109 0 -0.03432145
14 21 0 0 0 0.02428881 0.001667438 -0.03431653 0.01693172 0.9992676 -0.9994109 0 -0.03432145
14 23 0 0 0 0.02428881 6.48257E-05 -0.03431653 0.01693172 0.9992676 -0.9994109 0 -0.03432145
14 19 0 0 0 0.02428881 0.001100715 -0.03431653 0.01693172 0.9992676 -0.9994109 0 -0.03432145
8 1 0 0 0 0.0655245 0.1456218 -0.03431653 0.01693172 0.9992676 -0.9994109 0 -0.03432145
8 12 0 0 0 0.0655245 0.008274125 -0.03431653 0.01693172 0.9992676 -0.9994109 0 -0.03432145
8 22 0 0 0 0.0655245 0.002370118 -0.03431653 0.01693172 0.9992676 -0.9994109 0 -0.03432145
8 20 0 0 0 0.05518688 0.007144483 0.3215272 0.05887337 0.9450684 -0.9467105 0 0.3220858
8 0 0 0 0 0.0655245 0.2293105 -0.03431653 0.01693172 0.9992676 -0.9994109 0 -0.03432145
8 6 0 0 0 0.0655245 0.05346464 -0.03431653 0.01693172 0.9992676 -0.9994109 0 -0.03432145
8 5 0.008454708 0.1917666 0.1036163 0.04408854 0.08159633 0.04061534 0.7168486 -0.696045 0.9983019 0 0.05825251
8 2 0.02127462 0.3222139 0.1566741 0.06602639 0.135789 -0.07978041 0.9572401 0.2780761 -0.9612219 0 -0.2757758
8 13 0 0 0 0.0655245 0.01155061 -0.03431653 0.01693172 0.9992676 -0.9994109 0 -0.03432145
8 9 0 0 0 0.0655245 0.2236021 -0.03431653 0.01693172 0.9992676 -0.9994109 0 -0.03432145
8 3 0.009234884 0.1354053 0.0820834 0.0682018 0.1125061 0.6168423 0.7329488 0.2868652 -0.4216846 0 0.9067426
8 4 0 0 0 0.0655245 0.1253456 -0.03431653 0.01693172 0.9992676 -0.9994109 0 -0.03432145
8 10 0 0 0 0.0655245 0.06167835 -0.03431653 0.01693172 0.9992676 -0.9994109 0 -0.03432145
8 16 0 0 0 0.0655245 0.005509313 -0.03431653 0.01693172 0.9992676 -0.9994109 0 -0.03432145
8 7 0.0008261636 0.01318476 0.01199492 0.06266049 0.06887611 0.4277721 0.716131 0.5515137 -0.7901729 0 0.612884
8 15 0 0 0 0.0655245 0.007755902 -0.03431653 0.01693172 0.9992676 -0.9994109 0 -0.03432145
8 17 0.007854463 0.1181582 0.1585301 0.06647411 0.04954557 0.6186911 0.6247737 -0.4763183 0.6100342 0 0.7923751
8 18 0 0 0 0.0655245 0.01101159 -0.03431653 0.01693172 0.9992676 -0.9994109 0 -0.03432145
8 21 0 0 0 0.0655245 0.001667438 -0.03431653 0.01693172 0.9992676 -0.9994109 0 -0.03432145
8 23 0 0 0 0.0655245 6.48257E-05 -0.03431653 0.01693172 0.9992676 -0.9994109 0 -0.03432145
8 19 0 0 0 0.0655245 0.001100715 -0.03431653 0.01693172 0.9992676 -0.9994109 0 -0.03432145
1 12 0 0 0 0.1456218 0.008274125 -0.03431653 0.01693172 0.9992676 -0.9994109 0 -0.03432145
1 22 0 0 0 0.1456218 0.002370118 -0.03431653 0.01693172 0.9992676 -0.9994109 0 -0.03432145
1 20 0 0 0 0.1456218 0.005026129 -0.03431653 0.01693172 0.9992676 -0.9994109 0 -0.03432145
1 0 0.08695228 0.5739752 0.4405275 0.1514913 0.1973822 -0.196639 0.8591623 0.4724121 -0.9232153 0 -0.3842833
1 6 0.0001929542 0.000915531 0.004542636 0.2107567 0.04247627 0.442775 0.6445608 -0.623291 0.8152358 0 0.5791292
1 5 0 0 0 0.1456218 0.08588174 -0.03431653 0.01693172 0.9992676 -0.9994109 0 -0.03432145
1 2 0 0 0 0.1456218 0.1114536 -0.03431653 0.01693172 0.9992676 -0.9994109 0 -0.03432145
1 13 0 0 0 0.1456218 0.01155061 -0.03431653 0.01693172 0.9992676 -0.9994109 0 -0.03432145
1 9 0.08014464 0.4788116 0.498248 0.1673824 0.1608529 -0.2396524 0.9689537 0.06079102 -0.2458761 0 -0.9693013
1 3 0 0 0 0.1444003 0.1418872 0.04742682 0.01380628 0.9987793 -0.9988745 0 0.04743133
1 4 0.04852328 0.2876453 0.5469189 0.1686914 0.08872118 -0.2194161 0.9755849 -0.009521503 0.04335393 0 -0.9990597
1 10 0.01050707 0.0502664 0.2695879 0.2090276 0.03897455 -0.8939088 0.4468488 0.03540034 -0.03957072 0 -0.9992167
1 16 0 0 0 0.1456218 0.005509313 -0.03431653 0.01693172 0.9992676 -0.9994109 0 -0.03432145
1 7 0 0 0 0.1444003 0.06578045 0.04742682 0.01380628 0.9987793 -0.9988745 0 0.04743133
1 15 0 0 0 0.141904 0.00677097 0.1493689 0.02250491 0.9885254 -0.9887758 0 0.1494068
1 17 0 0 0 0.1456218 0.06970064 -0.03431653 0.01693172 0.9992676 -0.9994109 0 -0.03432145
1 18 0 0 0 0.1456218 0.01101159 -0.03431653 0.01693172 0.9992676 -0.9994109 0 -0.03432145
1 21 0 0 0 0.1456218 0.001667438 -0.03431653 0.01693172 0.9992676 -0.9994109 0 -0.03432145
1 23 0 0 0 0.1456218 6.48257E-05 -0.03431653 0.01693172 0.9992676 -0.9994109 0 -0.03432145
1 19 0 0 0 0.1456218 0.001100715 -0.03431653 0.01693172 0.9992676 -0.9994109 0 -0.03432145
12 22 9.82416E-05 0.01807874 0.08601622 0.005434094 0.001142129 -0.8871642 0.3081288 0.3435059 -0.3610741 0 -0.9325371
12 20 0 0 0 0.008274125 0.005026129 -0.03431653 0.01693172 0.9992676 -0.9994109 0 -0.03432145
12 0 0 0 0 0.008274125 0.2293105 -0.03431653 0.01693172 0.9992676 -0.9994109 0 -0.03432145
12 6 0 0 0 0.008274125 0.05346464 -0.03431653 0.01693172 0.9992676 -0.9994109 0 -0.03432145
12 5 0 0 0 0.008274125 0.08588174 -0.03431653 0.01693172 0.9992676 -0.9994109 0 -0.03432145
12 2 0 0 0 0.008274125 0.1114536 -0.03431653 0.01693172 0.9992676 -0.9994109 0 -0.03432145
12 13 0 0 0 0.008274125 0.01155061 -0.03431653 0.01693172 0.9992676 -0.9994109 0 -0.03432145
12 9 0 0 0 0.008274125 0.2236021 -0.03431653 0.01693172 0.9992676 -0.9994109 0 -0.03432145
12 3 0 0 0 0.006774823 0.1528466 -0.2801453 0.02150143 0.9597168 -0.9599388 0 -0.28021
12 4 0 0 0 0.008274125 0.1253456 -0.03431653 0.01693172 0.9992676 -0.9994109 0 -0.03432145
12 10 0 0 0 0.008274125 0.06167835 -0.03431653 0.01693172 0.9992676 -0.9994109 0 -0.03432145
12 16 0 0 0 0.008274125 0.005509313 -0.03431653 0.01693172 0.9992676 -0.9994109 0 -0.03432145
12 7 0 0 0 0.008274125 0.06796986 -0.03431653 0.01693172 0.9992676 -0.9994109 0 -0.03432145
12 15 0 0 0 0.008274125 0.007755902 -0.03431653 0.01693172 0.9992676 -0.9994109 0 -0.03432145
12 17 0 0 0 0.006774823 0.06974523 -0.2801453 0.02150143 0.9597168 -0.9599388 0 -0.28021
12 18 0 0 0 0.008274125 0.01101159 -0.03431653 0.01693172 0.9992676 -0.9994109 0 -0.03432145
12 21 0 0 0 0.008274125 0.001667438 -0.03431653 0.01693172 0.9992676 -0.9994109 0 -0.03432145
12 23 0 0 0 0.008274125 6.48257E-05 -0.03431653 0.01693172 0.9992676 -0.9994109 0 -0.03432145
12 19 0 0 0 0.008274125 0.001100715 -0.03431653 0.01693172 0.9992676 -0.9994109 0 -0.03432145
22 20 0 0 0 0.002370118 0.005026129 -0.03431653 0.01693172 0.9992676 -0.9994109 0 -0.03432145
22 0 0 0 0 0.002370118 0.2293105 -0.03431653 0.01693172 0.9992676 -0.9994109 0 -0.03432145
22 6 0 0 0 0.002370118 0.05346464 -0.03431653 0.01693172 0.9992676 -0.9994109 0 -0.03432145
22 5 0 0 0 0.002370118 0.08588174 -0.03431653 0.01693172 0.9992676 -0.9994109 0 -0.03432145
22 2 0 0 0 0.002370118 0.1114536 -0.03431653 0.01693172 0.9992676 -0.9994109 0 -0.03432145
22 13 0 0 0 0.002370118 0.01155061 -0.03431653 0.01693172 0.9992676 -0.9994109 0 -0.03432145
22 9 0 0 0 0.002370118 0.2236021 -0.03431653 0.01693172 0.9992676 -0.9994109 0 -0.03432145
22 3 0 0 0 0.002370118 0.1456019 -0.03431653 0.01693172 0.9992676 -0.9994109 0 -0.03432145
22 4 0 0 0 0.002370118 0.1253456 -0.03431653 0.01693172 0.9992676 -0.9994109 0 -0.03432145
22 10 0 0 0 0.002370118 0.06167835 -0.03431653 0.01693172 0.9992676 -0.9994109 0 -0.03432145
22 16 0 0 0 0.002370118 0.005509313 -0.03431653 0.01693172 0.9992676 -0.9994109 0 -0.03432145
22 7 0 0 0 0.002370118 0.06796986 -0.03431653 0.01693172 0.9992676 -0.9994109 0 -0.03432145
22 15 0 0 0 0.002370118 0.007755902 -0.03431653 0.01693172 0.9992676 -0.9994109 0 -0.03432145
22 17 0 0 0 0.002281293 0.06993097 -0.1153257 0.02846082 0.9929199 -0.9933223 0 -0.1153724
22 18 0 0 0 0.002370118 0.01101159 -0.03431653 0.01693172 0.9992676 -0.9994109 0 -0.03432145
22 21 0 0 0 0.002370118 0.001667438 -0.03431653 0.01693172 0.9992676 -0.9994109 0 -0.03432145
22 23 0 0 0 0.002370118 6.48257E-05 -0.03431653 0.01693172 0.9992676 -0.9994109 0 -0.03432145
22 19 0 0 0 0.002370118 0.001100715 -0.03431653 0.01693172 0.9992676 -0.9994109 0 -0.03432145
20 0 0 0 0 0.005026129 0.2293105 -0.03431653 0.01693172 0.9992676 -0.9994109 0 -0.03432145
20 6 0 0 0 0.005026129 0.05346464 -0.03431653 0.01693172 0.9992676 -0.9994109 0 -0.03432145
20 5 0.002733659 0.4040249 0.03180912 0.006766066 0.08593947 0.09598455 0.9937561 -0.05688472 0.5098355 0 0.8602719
20 2 0.0009049991 0.1468699 0.007259939 0.006161911 0.1246566 -0.2165742 0.5864195 0.7805176 -0.9635931 0 -0.2673731
20 13 0 0 0 0.005026129 0.01155061 -0.03431653 0.01693172 0.9992676 -0.9994109 0 -0.03432145
20 9 0 0 0 0.005026129 0.2236021 -0.03431653 0.01693172 0.9992676 -0.9994109 0 -0.03432145
20 3 0 0 0 0.004782871 0.1444641 -0.06643912 0.06958211 0.9953613 -0.9977797 0 -0.06660055
20 4 0 0 0 0.005026129 0.1253456 -0.03431653 0.01693172 0.9992676 -0.9994109 0 -0.03432145
20 10 0 0 0 0.005026129 0.06167835 -0.03431653 0.01693172 0.9992676 -0.9994109 0 -0.03432145
20 16 0 0 0 0.005026129 0.005509313 -0.03431653 0.01693172 0.9992676 -0.9994109 0 -0.03432145
20 7 0 0 0 0.005026129 0.06796986 -0.03431653 0.01693172 0.9992676 -0.9994109 0 -0.03432145
20 15 0 0 0 0.005026129 0.007755902 -0.03431653 0.01693172 0.9992676 -0.9994109 0 -0.03432145
20 17 0 0 0 0.005112327 0.0686468 -0.2036511 0.1137582 0.9724121 -0.9787658 0 -0.2049817
20 18 0 0 0 0.005026129 0.01101159 -0.03431653 0.01693172 0.9992676 -0.9994109 0 -0.03432145
20 21 0 0 0 0.005026129 0.001667438 -0.03431653 0.01693172 0.9992676 -0.9994109 0 -0.03432145
20 23 0 0 0 0.005026129 6.48257E-05 -0.03431653 0.01693172 0.9992676 -0.9994109 0 -0.03432145
20 19 0 0 0 0.005026129 0.001100715 -0.03431653 0.01693172 0.9992676 -0.9994109 0 -0.03432145
0 6 0.001655238 0.007945428 0.03807248 0.2083259 0.04347597 0.2612621 0.7539194 -0.6027833 0.9175245 0 0.3976792
0 5 0 0 0 0.2147163 0.08386365 0.2728818 0.02695352 0.9616699 -0.9620194 0 0.272981
0 2 0.0001992893 0.0009271239 0.001828845 0.2149543 0.10897 -0.2129609 0.1000585 -0.9719238 0.976826 0 -0.214035
0 13 0 0 0 0.2293105 0.01155061 -0.03431653 0.01693172 0.9992676 -0.9994109 0 -0.03432145
0 9 0.04408275 0.2424123 0.2642604 0.1818503 0.1668155 -0.2565389 0.957601 0.1311036 -0.4550661 0 -0.8904576
0 3 0 0 0 0.2161394 0.1260439 0.2448073 0.2269885 0.942627 -0.9678914 0 0.2513687
0 4 0.03700672 0.2032808 0.425004 0.1820473 0.08707383 -0.1920017 0.9568719 0.2180175 -0.7504637 0 -0.6609117
0 10 0.006651711 0.03199354 0.1631607 0.2079079 0.04076784 0.7219344 0.6786627 -0.1350098 0.1838243 0 0.9829592
0 16 0 0 0 0.2293105 0.005509313 -0.03431653 0.01693172 0.9992676 -0.9994109 0 -0.03432145
0 7 0 0 0 0.2139979 0.05663347 0.2954749 0.2082668 0.932373 -0.9532765 0 0.3020993
0 15 0 0 0 0.2147163 0.006184499 0.2728818 0.02695352 0.9616699 -0.9620194 0 0.272981
0 17 0 0 0 0.2261888 0.06902415 0.04742682 0.01380628 0.9987793 -0.9988745 0 0.04743133
0 18 0 0 0 0.2261888 0.01009669 0.04742682 0.01380628 0.9987793 -0.9988745 0 0.04743133
0 21 0 0 0 0.2293105 0.001667438 -0.03431653 0.01693172 0.9992676 -0.9994109 0 -0.03432145
0 23 0 0 0 0.2293105 6.48257E-05 -0.03431653 0.01693172 0.9992676 -0.9994109 0 -0.03432145
0 19 0 0 0 0.2293105 0.001100715 -0.03431653 0.01693172 0.9992676 -0.9994109 0 -0.03432145
6 5 0 0 0 0.05346464 0.08588174 -0.03431653 0.01693172 0.9992676 -0.9994109 0 -0.03432145
6 2 0 0 0 0.05346464 0.1114536 -0.03431653 0.01693172 0.9992676 -0.9994109 0 -0.03432145
6 13 0 0 0 0.05346464 0.01155061 -0.03431653 0.01693172 0.9992676 -0.9994109 0 -0.03432145
6 9 0.004229379 0.124589 0.02600935 0.03394666 0.1626099 -0.1758396 0.9732747 0.147705 -0.6431914 0 -0.7657055
6 3 0 0 0 0.05346464 0.1456019 -0.03431653 0.01693172 0.9992676 -0.9994109 0 -0.03432145
6 4 0.009004158 0.1635288 0.08925986 0.0550616 0.1008758 -0.2517418 0.7028687 -0.6652831 0.9352802 0 -0.3539081
6 10 0 0 0 0.05346464 0.06167835 -0.03431653 0.01693172 0.9992676 -0.9994109 0 -0.03432145
6 16 0 0 0 0.05346464 0.005509313 -0.03431653 0.01693172 0.9992676 -0.9994109 0 -0.03432145
6 7 0 0 0 0.05346464 0.06796986 -0.03431653 0.01693172 0.9992676 -0.9994109 0 -0.03432145
6 15 0 0 0 0.05346464 0.007755902 -0.03431653 0.01693172 0.9992676 -0.9994109 0 -0.03432145
6 17 0 0 0 0.05346464 0.06970064 -0.03431653 0.01693172 0.9992676 -0.9994109 0 -0.03432145
6 18 0 0 0 0.05347322 0.009374419 0.1254137 0.1091319 0.986084 -0.992009 0 0.1261673
6 21 0 0 0 0.05346464 0.001667438 -0.03431653 0.01693172 0.9992676 -0.9994109 0 -0.03432145
6 23 0 0 0 0.05346464 6.48257E-05 -0.03431653 0.01693172 0.9992676 -0.9994109 0 -0.03432145
6 19 0 0 0 0.05346464 0.001100715 -0.03431653 0.01693172 0.9992676 -0.9994109 0 -0.03432145
5 2 0.02291289 0.2861618 0.1920681 0.08006971 0.1192957 0.1964954 0.3399742 0.9196777 -0.9779283 0 0.208941
5 13 0 0 0 0.08588174 0.01155061 -0.03431653 0.01693172 0.9992676 -0.9994109 0 -0.03432145
5 9 0 0 0 0.08588174 0.2236021 -0.03431653 0.01693172 0.9992676 -0.9994109 0 -0.03432145
5 3 0.0002411366 0.002824067 0.002234746 0.08538628 0.1079034 -0.800474 0.3669903 0.473877 -0.509422 0 -0.8605168
5 4 0 0 0 0.08232331 0.1160445 -0.5963449 0.01955031 0.8024902 -0.8026436 0 -0.5964589
5 10 0 0 0 0.08588174 0.06167835 -0.03431653 0.01693172 0.9992676 -0.9994109 0 -0.03432145
5 16 0 0 0 0.08588174 0.005509313 -0.03431653 0.01693172 0.9992676 -0.9994109 0 -0.03432145
5 7 6.347422E-05 0.000776402 0.001245728 0.08175433 0.05095353 -0.1617888 0.5817435 0.7971191 -0.9800175 0 -0.1989111
5 15 0 0 0 0.08588174 0.007755902 -0.03431653 0.01693172 0.9992676 -0.9994109 0 -0.03432145
5 17 0.01236081 0.1346566 0.2899502 0.09179512 0.04263083 -0.989696 0.04331779 0.1364746 -0.1366028 0 -0.9906259
5 18 0 0 0 0.08588174 0.01101159 -0.03431653 0.01693172 0.9992676 -0.9994109 0 -0.03432145
5 21 0 0 0 0.08588174 0.001667438 -0.03431653 0.01693172 0.9992676 -0.9994109 0 -0.03432145
5 23 0 0 0 0.08588174 6.48257E-05 -0.03431653 0.01693172 0.9992676 -0.9994109 0 -0.03432145
5 19 0 0 0 0.08588174 0.001100715 -0.03431653 0.01693172 0.9992676 -0.9994109 0 -0.03432145
2 13 0 0 0 0.1267334 0.01060326 -0.4880287 0.006581897 0.8728027 -0.8728217 0 -0.4880393
2 9 0 0 0 0.1114536 0.2236021 -0.03431653 0.01693172 0.9992676 -0.9994109 0 -0.03432145
2 3 0 0 0 0.1147677 0.1386363 -0.1560896 0.2395605 0.958252 -0.9869917 0 -0.160771
2 4 0.0001680745 0.001352265 0.001766807 0.1242911 0.09512893 0.4710139 0.8567145 0.210205 -0.4075392 0 0.9131877
2 10 0 0 0 0.1114536 0.06167835 -0.03431653 0.01693172 0.9992676 -0.9994109 0 -0.03432145
2 16 0 0 0 0.1114536 0.005509313 -0.03431653 0.01693172 0.9992676 -0.9994109 0 -0.03432145
2 7 0 0 0 0.1116118 0.0645794 -0.0522557 0.1195248 0.9914551 -0.9986139 0 -0.05263302
2 15 0 0 0 0.1150369 0.007735928 -0.153338 0.1360763 0.9787598 -0.9879493 0 -0.1547777
2 17 0 0 0 0.1168877 0.0631286 0.03808563 0.3085682 0.9504395 -0.9991981 0 0.04003947
2 18 0.0003744704 0.00306285 0.03264413 0.1222621 0.01147129 0.6186911 0.6247737 -0.4763183 0.6100342 0 0.7923751
2 21 0 0 0 0.1114536 0.001667438 -0.03431653 0.01693172 0.9992676 -0.9994109 0 -0.03432145
2 23 0 0 0 0.1114536 6.48257E-05 -0.03431653 0.01693172 0.9992676 -0.9994109 0 -0.03432145
2 19 0 0 0 0.1114536 0.001100715 -0.03431653 0.01693172 0.9992676 -0.9994109 0 -0.03432145
13 9 0 0 0 0.01155061 0.2236021 -0.03431653 0.01693172 0.9992676 -0.9994109 0 -0.03432145
13 3 0 0 0 0.01155061 0.1456019 -0.03431653 0.01693172 0.9992676 -0.9994109 0 -0.03432145
13 4 0 0 0 0.01155061 0.1253456 -0.03431653 0.01693172 0.9992676 -0.9994109 0 -0.03432145
13 10 0 0 0 0.01155061 0.06167835 -0.03431653 0.01693172 0.9992676 -0.9994109 0 -0.03432145
13 16 0 0 0 0.01155061 0.005509313 -0.03431653 0.01693172 0.9992676 -0.9994109 0 -0.03432145
13 7 0 0 0 0.01155061 0.06796986 -0.03431653 0.01693172 0.9992676 -0.9994109 0 -0.03432145
13 15 0 0 0 0.01155061 0.007755902 -0.03431653 0.01693172 0.9992676 -0.9994109 0 -0.03432145
13 17 0 0 0 0.01155061 0.06970064 -0.03431653 0.01693172 0.9992676 -0.9994109 0 -0.03432145
13 18 0 0 0 0.01155061 0.01101159 -0.03431653 0.01693172 0.9992676 -0.9994109 0 -0.03432145
13 21 0 0 0 0.01155061 0.001667438 -0.03431653 0.01693172 0.9992676 -0.9994109 0 -0.03432145
13 23 0 0 0 0.01155061 6.48257E-05 -0.03431653 0.01693172 0.9992676 -0.9994109 0 -0.03432145
13 19 0 0 0 0.01155061 0.001100715 -0.03431653 0.01693172 0.9992676 -0.9994109 0 -0.03432145
9 3 0 0 0 0.1980578 0.1179227 0.6066954 0.1926376 0.7712402 -0.7859613 0 0.6182757
9 4 0.06642468 0.378705 0.780684 0.1753995 0.08508523 -0.3650425 0.9282762 0.07104494 -0.1910367 0 -0.9815829
9 10 0.009278624 0.04021304 0.2356639 0.2307367 0.03937228 -0.843355 0.5208716 -0.1320801 0.1547267 0 -0.9879573
9 16 0 0 0 0.2236021 0.005509313 -0.03431653 0.01693172 0.9992676 -0.9994109 0 -0.03432145
9 7 0 0 0 0.1978907 0.05635402 0.5269197 0.05848553 0.8479004 -0.8493543 0 0.5278232
9 15 0 0 0 0.2044083 0.006515199 0.2073021 0.003277564 0.9782715 -0.9782767 0 0.2073032
9 17 0 0 0 0.2044083 0.06654922 0.2073021 0.003277564 0.9782715 -0.9782767 0 0.2073032
9 18 0 0 0 0.2236021 0.01101159 -0.03431653 0.01693172 0.9992676 -0.9994109 0 -0.03432145
9 21 0 0 0 0.2236287 0.001700977 -0.06643912 0.06958211 0.9953613 -0.9977797 0 -0.06660055
9 23 0 0 0 0.2236021 6.48257E-05 -0.03431653 0.01693172 0.9992676 -0.9994109 0 -0.03432145
9 19 0 0 0 0.2236021 0.001100715 -0.03431653 0.01693172 0.9992676 -0.9994109 0 -0.03432145
3 4 0 0 0 0.1291624 0.1198221 0.1710274 0.1756515 0.9694824 -0.9847935 0 0.1737285
3 10 0 0 0 0.1247431 0.05540172 0.343151 0.1787279 0.9221191 -0.9372096 0 0.3487667
3 16 0 0 0 0.1456019 0.005509313 -0.03431653 0.01693172 0.9992676 -0.9994109 0 -0.03432145
3 7 0.04194753 0.5263777 0.8082387 0.07969094 0.05189993 -0.5161462 0.7759842 0.3625488 -0.5747879 0 -0.8183025
3 15 0 0 0 0.1456019 0.007755902 -0.03431653 0.01693172 0.9992676 -0.9994109 0 -0.03432145
3 17 0.01462561 0.1797793 0.5199283 0.08135315 0.02813006 -0.7064975 0.6648971 0.2424316 -0.3245686 0 -0.9458621
3 18 0 0 0 0.1456019 0.01101159 -0.03431653 0.01693172 0.9992676 -0.9994109 0 -0.03432145
3 21 0 0 0 0.125321 0.001864914 0.3927413 0.05137501 0.9182129 -0.919427 0 0.3932606
3 23 0 0 0 0.1456019 6.48257E-05 -0.03431653 0.01693172 0.9992676 -0.9994109 0 -0.03432145
3 19 0 0 0 0.1456019 0.001100715 -0.03431653 0.01693172 0.9992676 -0.9994109 0 -0.03432145
4 10 0.002143763 0.01972934 0.05448582 0.1086587 0.03934534 -0.9692079 0.1036025 0.2233887 -0.2245973 0 -0.9744517
4 16 0 0 0 0.1253456 0.005509313 -0.03431653 0.01693172 0.9992676 -0.9994109 0 -0.03432145
4 7 0 0 0 0.1184945 0.05891719 0.2224071 0.1744011 0.9592285 -0.9741578 0 0.2258686
4 15 0 0 0 0.1158305 0.005753836 0.3547372 0.01683701 0.9348145 -0.934947 0 0.3547874
4 17 0 0 0 0.1253456 0.06970064 -0.03431653 0.01693172 0.9992676 -0.9994109 0 -0.03432145
4 18 0 0 0 0.1227223 0.009492192 0.1077844 0.05883846 0.9924316 -0.994154 0 0.1079714
4 21 0 0 0 0.1253456 0.001667438 -0.03431653 0.01693172 0.9992676 -0.9994109 0 -0.03432145
4 23 0 0 0 0.1253456 6.48257E-05 -0.03431653 0.01693172 0.9992676 -0.9994109 0 -0.03432145
4 19 0 0 0 0.1253456 0.001100715 -0.03431653 0.01693172 0.9992676 -0.9994109 0 -0.03432145
10 16 0 0 0 0.06167835 0.005509313 -0.03431653 0.01693172 0.9992676 -0.9994109 0 -0.03432145
10 7 0 0 0 0.05558662 0.05974826 0.3547372 0.01683701 0.9348145 -0.934947 0 0.3547874
10 15 0 0 0 0.06167835 0.007755902 -0.03431653 0.01693172 0.9992676 -0.9994109 0 -0.03432145
10 17 0 0 0 0.06025584 0.0675852 0.1077844 0.05883846 0.9924316 -0.994154 0 0.1079714
10 18 0 0 0 0.06167835 0.01101159 -0.03431653 0.01693172 0.9992676 -0.9994109 0 -0.03432145
10 21 0 0 0 0.06167835 0.001667438 -0.03431653 0.01693172 0.9992676 -0.9994109 0 -0.03432145
10 23 0 0 0 0.06167835 6.48257E-05 -0.03431653 0.01693172 0.9992676 -0.9994109 0 -0.03432145
10 19 0 0 0 0.06167835 0.001100715 -0.03431653 0.01693172 0.9992676 -0.9994109 0 -0.03432145
16 7 0 0 0 0.005509313 0.06796986 -0.03431653 0.01693172 0.9992676 -0.9994109 0 -0.03432145
16 15 0 0 0 0.005509313 0.007755902 -0.03431653 0.01693172 0.9992676 -0.9994109 0 -0.03432145
16 17 0 0 0 0.005509313 0.06970064 -0.03431653 0.01693172 0.9992676 -0.9994109 0 -0.03432145
16 18 0 0 0 0.005509313 0.01101159 -0.03431653 0.01693172 0.9992676 -0.9994109 0 -0.03432145
16 21 0 0 0 0.005509313 0.001667438 -0.03431653 0.01693172 0.9992676 -0.9994109 0 -0.03432145
16 23 0 0 0 0.005509313 6.48257E-05 -0.03431653 0.01693172 0.9992676 -0.9994109 0 -0.03432145
16 19 0 0 0 0.005509313 0.001100715 -0.03431653 0.01693172 0.9992676 -0.9994109 0 -0.03432145
7 15 0 0 0 0.06796986 0.007755902 -0.03431653 0.01693172 0.9992676 -0.9994109 0 -0.03432145
7 17 0.004734748 0.07990056 0.2049141 0.05925801 0.02310601 -0.6620184 0.7457306 0.07495122 -0.1124975 0 -0.993652
7 18 0 0 0 0.06796986 0.01101159 -0.03431653 0.01693172 0.9992676 -0.9994109 0 -0.03432145
7 21 0 0 0 0.07074115 0.001614945 -0.1153257 0.02846082 0.9929199 -0.9933223 0 -0.1153724
7 23 0 0 0 0.06796986 6.48257E-05 -0.03431653 0.01693172 0.9992676 -0.9994109 0 -0.03432145
7 19 0 0 0 0.06796986 0.001100715 -0.03431653 0.01693172 0.9992676 -0.9994109 0 -0.03432145
15 17 0 0 0 0.007755902 0.06970064 -0.03431653 0.01693172 0.9992676 -0.9994109 0 -0.03432145
15 18 0 0 0 0.007244632 0.01102129 -0.009749388 0.1570104 0.9875488 -0.9999513 0 -0.009871829
15 21 0 0 0 0.007755902 0.001667438 -0.03431653 0.01693172 0.9992676 -0.9994109 0 -0.03432145
15 23 0 0 0 0.007755902 6.48257E-05 -0.03431653 0.01693172 0.9992676 -0.9994109 0 -0.03432145
15 19 0 0 0 0.007755902 0.001100715 -0.03431653 0.01693172 0.9992676 -0.9994109 0 -0.03432145
17 18 0 0 0 0.06970064 0.01101159 -0.03431653 0.01693172 0.9992676 -0.9994109 0 -0.03432145
17 21 0 0 0 0.06741099 0.001781817 0.1493689 0.02250491 0.9885254 -0.9887758 0 0.1494068
17 23 0 0 0 0.06970064 6.48257E-05 -0.03431653 0.01693172 0.9992676 -0.9994109 0 -0.03432145
17 19 0 0 0 0.06970064 0.001100715 -0.03431653 0.01693172 0.9992676 -0.9994109 0 -0.03432145
18 21 0 0 0 0.01101159 0.001667438 -0.03431653 0.01693172 0.9992676 -0.9994109 0 -0.03432145
18 23 0 0 0 0.01101159 6.48257E-05 -0.03431653 0.01693172 0.9992676 -0.9994109 0 -0.03432145
18 19 0 0 0 0.01101159 0.001100715 -0.03431653 0.01693172 0.9992676 -0.9994109 0 -0.03432145
21 23 0 0 0 0.001667438 6.48257E-05 -0.03431653 0.01693172 0.9992676 -0.9994109 0 -0.03432145
21 19 0 0 0 0.001667438 0.001100715 -0.03431653 0.01693172 0.9992676 -0.9994109 0 -0.03432145
23 19 0 0 0 6.48257E-05 0.001100715 -0.03431653 0.01693172 0.9992676 -0.9994109 0 -0.03432145
