Endothelial.cells Definitive.erythroid.lineage 0 0 0 0.008602497 0.02285482 -0.03431653 0.01693172 0.9992676 -0.9994109 0 -0.03432145
Endothelial.cells Neural.progenitor.cells 0 0 0 0.008602497 0.0852784 -0.03431653 0.01693172 0.9992676 -0.9994109 0 -0.03432145
Endothelial.cells Connective.tissue.progenitors 0 0 0 0.008602497 0.1143566 -0.03431653 0.01693172 0.9992676 -0.9994109 0 -0.03432145
Endothelial.cells Sensory.neurons 0 0 0 0.008602497 0.02106323 -0.03431653 0.01693172 0.9992676 -0.9994109 0 -0.03432145
Endothelial.cells Ependymal.cell 0 0 0 0.008602497 0.1678309 -0.03431653 0.01693172 0.9992676 -0.9994109 0 -0.03432145
Endothelial.cells Limb.mesenchyme 0 0 0 0.008602497 0.03774831 -0.03431653 0.01693172 0.9992676 -0.9994109 0 -0.03432145
Endothelial.cells Epithelial.cells 0 0 0 0.006180213 0.0477252 -0.2719336 0.2264087 0.9353027 -0.9602378 0 -0.2791834
Endothelial.cells Chondrocytes.&.osteoblasts 0 0 0 0.008602497 0.1848145 -0.03431653 0.01693172 0.9992676 -0.9994109 0 -0.03432145
Endothelial.cells Early.mesenchyme 0 0 0 0.008602497 0.1720702 -0.03431653 0.01693172 0.9992676 -0.9994109 0 -0.03432145
Endothelial.cells Melanocytes 0 0 0 0.008602497 0.1462036 -0.03431653 0.01693172 0.9992676 -0.9994109 0 -0.03432145
Endothelial.cells Radial.glia 0 0 0 0.008602497 0.05744238 -0.03431653 0.01693172 0.9992676 -0.9994109 0 -0.03432145
Endothelial.cells Neural.Tube 0 0 0 0.008602497 0.07621313 -0.03431653 0.01693172 0.9992676 -0.9994109 0 -0.03432145
Endothelial.cells Schwann.cell.precursor 0 0 0 0.008602497 0.02801043 -0.03431653 0.01693172 0.9992676 -0.9994109 0 -0.03432145
Endothelial.cells Myocytes 0 0 0 0.008218029 0.3224682 -0.1724554 0.06801939 0.982666 -0.9849471 0 -0.1728557
Endothelial.cells Excitatory.neurons 0 0 0 0.008602497 0.160548 -0.03431653 0.01693172 0.9992676 -0.9994109 0 -0.03432145
Endothelial.cells Oligodendrocyte.Progenitors 0 0 0 0.008602497 0.1212944 -0.03431653 0.01693172 0.9992676 -0.9994109 0 -0.03432145
Endothelial.cells Intermediate.Mesoderm 0 0 0 0.008602497 0.1245337 -0.03431653 0.01693172 0.9992676 -0.9994109 0 -0.03432145
Endothelial.cells Jaw.and.tooth.progenitors 0 0 0 0.008602497 0.205588 -0.03431653 0.01693172 0.9992676 -0.9994109 0 -0.03432145
Endothelial.cells Inhibitory.neurons 0 0 0 0.008602497 0.06766903 -0.03431653 0.01693172 0.9992676 -0.9994109 0 -0.03432145
Endothelial.cells Primitive.erythroid.lineage 0 0 0 0.008602497 0.005304581 -0.03431653 0.01693172 0.9992676 -0.9994109 0 -0.03432145
Endothelial.cells Inhibitory.interneurons 0 0 0 0.008602497 0.01287287 -0.03431653 0.01693172 0.9992676 -0.9994109 0 -0.03432145
Endothelial.cells Osteoblasts 0.0004950644 0.08047403 0.00197265 0.006151853 0.2509641 0.1398998 0.3400812 0.9299316 -0.9888723 0 0.1487669
Endothelial.cells Lens 0 0 0 0.008234483 0.01745896 -0.2472899 0.07461375 0.9660645 -0.9687648 0 -0.2479811
Endothelial.cells Chondroctye.progenitors 0 0 0 0.008602497 0.07546037 -0.03431653 0.01693172 0.9992676 -0.9994109 0 -0.03432145
Endothelial.cells Postmitotic.premature.neurons 0 0 0 0.008602497 0.09452775 -0.03431653 0.01693172 0.9992676 -0.9994109 0 -0.03432145
Endothelial.cells Stromal.cells 0 0 0 0.008602497 0.09730843 -0.03431653 0.01693172 0.9992676 -0.9994109 0 -0.03432145
Endothelial.cells Inhibitory.neuron.progenitors 0 0 0 0.008602497 0.04291637 -0.03431653 0.01693172 0.9992676 -0.9994109 0 -0.03432145
Endothelial.cells Cholinergic.neurons 0 0 0 0.008602497 0.004521138 -0.03431653 0.01693172 0.9992676 -0.9994109 0 -0.03432145
Endothelial.cells Granule.neurons 0 0 0 0.008602497 0.0547911 -0.03431653 0.01693172 0.9992676 -0.9994109 0 -0.03432145
Endothelial.cells Notochord.cells 0 0 0 0.008602497 0.02178627 -0.03431653 0.01693172 0.9992676 -0.9994109 0 -0.03432145
Endothelial.cells Premature.oligodendrocyte 0 0 0 0.008602497 0.01686206 -0.03431653 0.01693172 0.9992676 -0.9994109 0 -0.03432145
Endothelial.cells Isthmic.organizer.cells 0 0 0 0.008602497 0.07177507 -0.03431653 0.01693172 0.9992676 -0.9994109 0 -0.03432145
Endothelial.cells White.blood.cells 0 0 0 0.008602497 0.007769184 -0.03431653 0.01693172 0.9992676 -0.9994109 0 -0.03432145
Endothelial.cells Cardiac.muscle.lineages 0 0 0 0.008602497 0.11192 -0.03431653 0.01693172 0.9992676 -0.9994109 0 -0.03432145
Endothelial.cells Megakaryocytes 0 0 0 0.008602497 0.008423708 -0.03431653 0.01693172 0.9992676 -0.9994109 0 -0.03432145
Endothelial.cells Hepatocytes 0 0 0 0.008602497 0.00110653 -0.03431653 0.01693172 0.9992676 -0.9994109 0 -0.03432145
Definitive.erythroid.lineage Neural.progenitor.cells 0 0 0 0.02285482 0.0852784 -0.03431653 0.01693172 0.9992676 -0.9994109 0 -0.03432145
Definitive.erythroid.lineage Connective.tissue.progenitors 0 0 0 0.02285482 0.1143566 -0.03431653 0.01693172 0.9992676 -0.9994109 0 -0.03432145
Definitive.erythroid.lineage Sensory.neurons 0 0 0 0.02285482 0.02106323 -0.03431653 0.01693172 0.9992676 -0.9994109 0 -0.03432145
Definitive.erythroid.lineage Ependymal.cell 0 0 0 0.01581977 0.1178724 -0.9523458 0.08232213 0.2937012 -0.2947015 0 -0.9555894
Definitive.erythroid.lineage Limb.mesenchyme 0 0 0 0.01655591 0.04007956 -0.6801735 0.03577337 0.7321777 -0.7326467 0 -0.6806092
Definitive.erythroid.lineage Epithelial.cells 0 0 0 0.02285482 0.05435074 -0.03431653 0.01693172 0.9992676 -0.9994109 0 -0.03432145
Definitive.erythroid.lineage Chondrocytes.&.osteoblasts 0 0 0 0.01916769 0.2277813 -0.5005052 0.07418936 0.8625488 -0.8649324 0 -0.5018883
Definitive.erythroid.lineage Early.mesenchyme 0 0 0 0.01599559 0.2475264 -0.7666698 0.09476373 0.6350098 -0.6378803 0 -0.7701355
Definitive.erythroid.lineage Melanocytes 0 0 0 0.01910985 0.1573119 -0.5698659 0.1450315 0.8088379 -0.8174811 0 -0.5759555
Definitive.erythroid.lineage Radial.glia 0 0 0 0.02285482 0.05744238 -0.03431653 0.01693172 0.9992676 -0.9994109 0 -0.03432145
Definitive.erythroid.lineage Neural.Tube 0 0 0 0.02285482 0.07621313 -0.03431653 0.01693172 0.9992676 -0.9994109 0 -0.03432145
Definitive.erythroid.lineage Schwann.cell.precursor 0 0 0 0.02285482 0.02801043 -0.03431653 0.01693172 0.9992676 -0.9994109 0 -0.03432145
Definitive.erythroid.lineage Myocytes 0 0 0 0.02093206 0.3053527 -0.377844 0.1576228 0.9123535 -0.9239029 0 -0.3826271
Definitive.erythroid.lineage Excitatory.neurons 0 0 0 0.02747311 0.1287221 0.3215272 0.05887337 0.9450684 -0.9467105 0 0.3220858
Definitive.erythroid.lineage Oligodendrocyte.Progenitors 0 0 0 0.02285482 0.1212944 -0.03431653 0.01693172 0.9992676 -0.9994109 0 -0.03432145
Definitive.erythroid.lineage Intermediate.Mesoderm 0 0 0 0.0211128 0.1283756 -0.2472899 0.07461375 0.9660645 -0.9687648 0 -0.2479811
Definitive.erythroid.lineage Jaw.and.tooth.progenitors 0 0 0 0.01582524 0.2165862 -0.7476897 0.05380062 0.6618652 -0.6628252 0 -0.7487742
Definitive.erythroid.lineage Inhibitory.neurons 0 0 0 0.02205009 0.06750909 -0.153338 0.1360763 0.9787598 -0.9879493 0 -0.1547777
Definitive.erythroid.lineage Primitive.erythroid.lineage 0 0 0 0.02285482 0.005304581 -0.03431653 0.01693172 0.9992676 -0.9994109 0 -0.03432145
Definitive.erythroid.lineage Inhibitory.interneurons 0 0 0 0.02520554 0.008825302 0.1254137 0.1091319 0.986084 -0.992009 0 0.1261673
Definitive.erythroid.lineage Osteoblasts 0 0 0 0.018545 0.3229737 -0.4880287 0.006581897 0.8728027 -0.8728217 0 -0.4880393
Definitive.erythroid.lineage Lens 0 0 0 0.02285482 0.02269558 -0.03431653 0.01693172 0.9992676 -0.9994109 0 -0.03432145
Definitive.erythroid.lineage Chondroctye.progenitors 0 0 0 0.0216674 0.07534165 -0.2036511 0.1137582 0.9724121 -0.9787658 0 -0.2049817
Definitive.erythroid.lineage Postmitotic.premature.neurons 0 0 0 0.02627894 0.08991096 0.2073021 0.003277564 0.9782715 -0.9782767 0 0.2073032
Definitive.erythroid.lineage Stromal.cells 0 0 0 0.018545 0.1114852 -0.4880287 0.006581897 0.8728027 -0.8728217 0 -0.4880393
Definitive.erythroid.lineage Inhibitory.neuron.progenitors 0 0 0 0.02627894 0.04148331 0.2073021 0.003277564 0.9782715 -0.9782767 0 0.2073032
Definitive.erythroid.lineage Cholinergic.neurons 0 0 0 0.02285482 0.004521138 -0.03431653 0.01693172 0.9992676 -0.9994109 0 -0.03432145
Definitive.erythroid.lineage Granule.neurons 0 0 0 0.02410154 0.05411432 0.04742682 0.01380628 0.9987793 -0.9988745 0 0.04743133
Definitive.erythroid.lineage Notochord.cells 0 0 0 0.02285482 0.02178627 -0.03431653 0.01693172 0.9992676 -0.9994109 0 -0.03432145
Definitive.erythroid.lineage Premature.oligodendrocyte 0 0 0 0.02285482 0.01686206 -0.03431653 0.01693172 0.9992676 -0.9994109 0 -0.03432145
Definitive.erythroid.lineage Isthmic.organizer.cells 0 0 0 0.02285482 0.07177507 -0.03431653 0.01693172 0.9992676 -0.9994109 0 -0.03432145
Definitive.erythroid.lineage White.blood.cells 0.0005320151 0.1015165 0.1947897 0.005240675 0.002731228 0.6059963 0.7330673 -0.3088379 0.4540691 0 0.8909664
Definitive.erythroid.lineage Cardiac.muscle.lineages 0 0 0 0.0211128 0.1034907 -0.2472899 0.07461375 0.9660645 -0.9687648 0 -0.2479811
Definitive.erythroid.lineage Megakaryocytes 0.001509154 0.2011283 0.9999769 0.00750344 0.001509189 0.5040877 0.6146733 -0.6066895 0.7691476 0 0.6390713
Definitive.erythroid.lineage Hepatocytes 0 0 0 0.02285482 0.00110653 -0.03431653 0.01693172 0.9992676 -0.9994109 0 -0.03432145
Neural.progenitor.cells Connective.tissue.progenitors 0 0 0 0.0852784 0.1143566 -0.03431653 0.01693172 0.9992676 -0.9994109 0 -0.03432145
Neural.progenitor.cells Sensory.neurons 0 0 0 0.07772732 0.01989402 0.4518901 0.03573929 0.8913574 -0.8919272 0 0.452179
Neural.progenitor.cells Ependymal.cell 0.0246865 0.3959153 0.1077926 0.06235298 0.2290186 0.07596776 0.6041871 -0.793213 0.9954451 0 0.09533598
Neural.progenitor.cells Limb.mesenchyme 0 0 0 0.0852784 0.03774831 -0.03431653 0.01693172 0.9992676 -0.9994109 0 -0.03432145
Neural.progenitor.cells Epithelial.cells 0 0 0 0.0852784 0.05435074 -0.03431653 0.01693172 0.9992676 -0.9994109 0 -0.03432145
Neural.progenitor.cells Chondrocytes.&.osteoblasts 0 0 0 0.0852784 0.1848145 -0.03431653 0.01693172 0.9992676 -0.9994109 0 -0.03432145
Neural.progenitor.cells Early.mesenchyme 0 0 0 0.0852784 0.1720702 -0.03431653 0.01693172 0.9992676 -0.9994109 0 -0.03432145
Neural.progenitor.cells Melanocytes 0 0 0 0.08062118 0.1427481 0.1077844 0.05883846 0.9924316 -0.994154 0 0.1079714
Neural.progenitor.cells Radial.glia 0.0137177 0.1403483 0.2182904 0.09774036 0.06284149 -0.2727041 0.5848631 0.763916 -0.94179 0 -0.3362018
Neural.progenitor.cells Neural.Tube 0.0157967 0.1948387 0.1947813 0.08107581 0.0810997 0.4198326 0.2838877 0.8620605 -0.8990496 0 0.4378467
Neural.progenitor.cells Schwann.cell.precursor 0 0 0 0.0852784 0.02801043 -0.03431653 0.01693172 0.9992676 -0.9994109 0 -0.03432145
Neural.progenitor.cells Myocytes 0 0 0 0.07504099 0.3185386 0.2073021 0.003277564 0.9782715 -0.9782767 0 0.2073032
Neural.progenitor.cells Excitatory.neurons 0.005197262 0.05964423 0.07883724 0.08713773 0.06592395 0.3021377 0.8822308 0.361084 -0.7669303 0 0.6417304
Neural.progenitor.cells Oligodendrocyte.Progenitors 0.03240094 0.4875412 0.3698933 0.06645785 0.08759536 -0.2358376 0.8535384 -0.4645996 0.8916947 0 -0.4526374
Neural.progenitor.cells Intermediate.Mesoderm 0 0 0 0.0852784 0.1245337 -0.03431653 0.01693172 0.9992676 -0.9994109 0 -0.03432145
Neural.progenitor.cells Jaw.and.tooth.progenitors 0 0 0 0.08207141 0.1991 0.04742682 0.01380628 0.9987793 -0.9988745 0 0.04743133
Neural.progenitor.cells Inhibitory.neurons 0 0 0 0.0852784 0.06766903 -0.03431653 0.01693172 0.9992676 -0.9994109 0 -0.03432145
Neural.progenitor.cells Primitive.erythroid.lineage 0 0 0 0.0852784 0.005304581 -0.03431653 0.01693172 0.9992676 -0.9994109 0 -0.03432145
Neural.progenitor.cells Inhibitory.interneurons 0 0 0 0.0852784 0.01287287 -0.03431653 0.01693172 0.9992676 -0.9994109 0 -0.03432145
Neural.progenitor.cells Osteoblasts 0 0 0 0.0852784 0.2829378 -0.03431653 0.01693172 0.9992676 -0.9994109 0 -0.03432145
Neural.progenitor.cells Lens 0 0 0 0.0852784 0.02269558 -0.03431653 0.01693172 0.9992676 -0.9994109 0 -0.03432145
Neural.progenitor.cells Chondroctye.progenitors 0 0 0 0.0852784 0.07546037 -0.03431653 0.01693172 0.9992676 -0.9994109 0 -0.03432145
Neural.progenitor.cells Postmitotic.premature.neurons 0.02110083 0.2222056 0.2852092 0.09496086 0.0739837 0.5170336 0.8360976 0.1833496 -0.3342254 0 0.9424932
Neural.progenitor.cells Stromal.cells 0 0 0 0.0852784 0.09730843 -0.03431653 0.01693172 0.9992676 -0.9994109 0 -0.03432145
Neural.progenitor.cells Inhibitory.neuron.progenitors 0.005636303 0.0567474 0.1515692 0.09932267 0.03718632 -0.3129397 0.618876 0.720459 -0.9172112 0 -0.3984013
Neural.progenitor.cells Cholinergic.neurons 0 0 0 0.0852784 0.004521138 -0.03431653 0.01693172 0.9992676 -0.9994109 0 -0.03432145
Neural.progenitor.cells Granule.neurons 0.0097854 0.1020884 0.6373928 0.09585221 0.01535223 -0.5034958 0.8515314 -0.1462402 0.2789229 0 -0.9603136
Neural.progenitor.cells Notochord.cells 0.001975501 0.0263433 0.07988652 0.07499064 0.02472884 -0.2636377 0.9229329 -0.2805175 0.7286909 0 -0.6848428
Neural.progenitor.cells Premature.oligodendrocyte 0.0004823436 0.007006256 0.02659782 0.0688447 0.01813471 0.1712459 0.5303205 -0.8303223 0.9793878 0 0.2019892
Neural.progenitor.cells Isthmic.organizer.cells 0.02602669 0.4088011 0.3837055 0.0636659 0.06782986 -0.2612403 0.6049403 -0.7521973 0.94465 0 -0.3280797
Neural.progenitor.cells White.blood.cells 0 0 0 0.0852784 0.007769184 -0.03431653 0.01693172 0.9992676 -0.9994109 0 -0.03432145
Neural.progenitor.cells Cardiac.muscle.lineages 0 0 0 0.0852784 0.11192 -0.03431653 0.01693172 0.9992676 -0.9994109 0 -0.03432145
Neural.progenitor.cells Megakaryocytes 0 0 0 0.0852784 0.008423708 -0.03431653 0.01693172 0.9992676 -0.9994109 0 -0.03432145
Neural.progenitor.cells Hepatocytes 0 0 0 0.0852784 0.00110653 -0.03431653 0.01693172 0.9992676 -0.9994109 0 -0.03432145
Connective.tissue.progenitors Sensory.neurons 0 0 0 0.1143566 0.02106323 -0.03431653 0.01693172 0.9992676 -0.9994109 0 -0.03432145
Connective.tissue.progenitors Ependymal.cell 0.0162154 0.1432734 0.1382368 0.113178 0.1173016 -0.7666698 0.09476373 0.6350098 -0.6378803 0 -0.7701355
Connective.tissue.progenitors Limb.mesenchyme 0 0 0 0.1128079 0.03817337 -0.2036511 0.1137582 0.9724121 -0.9787658 0 -0.2049817
Connective.tissue.progenitors Epithelial.cells 0 0 0 0.1143566 0.05435074 -0.03431653 0.01693172 0.9992676 -0.9994109 0 -0.03432145
Connective.tissue.progenitors Chondrocytes.&.osteoblasts 0.0891951 0.8576041 0.4749736 0.104005 0.1877896 -0.5136341 0.7408178 0.4328613 -0.6444208 0 -0.764671
Connective.tissue.progenitors Early.mesenchyme 0.05127676 0.47482 0.3439556 0.107992 0.1490796 -0.08046025 0.5086969 0.8571777 -0.9956235 0 -0.09345566
Connective.tissue.progenitors Melanocytes 0.05338204 0.5004303 0.4027055 0.1066723 0.1325585 -0.05880699 0.554172 0.8303223 -0.9975013 0 -0.07064733
Connective.tissue.progenitors Radial.glia 0 0 0 0.1143566 0.05744238 -0.03431653 0.01693172 0.9992676 -0.9994109 0 -0.03432145
Connective.tissue.progenitors Neural.Tube 0 0 0 0.1143566 0.07621313 -0.03431653 0.01693172 0.9992676 -0.9994109 0 -0.03432145
Connective.tissue.progenitors Schwann.cell.precursor 0 0 0 0.1143566 0.02801043 -0.03431653 0.01693172 0.9992676 -0.9994109 0 -0.03432145
Connective.tissue.progenitors Myocytes 0.06490418 0.6356152 0.3656743 0.1021124 0.1774918 0.2011689 0.8247125 0.5285645 -0.9345988 0 0.3557035
Connective.tissue.progenitors Excitatory.neurons 0 0 0 0.1142781 0.1539487 0.04742682 0.01380628 0.9987793 -0.9988745 0 0.04743133
Connective.tissue.progenitors Oligodendrocyte.Progenitors 0 0 0 0.1143566 0.1212944 -0.03431653 0.01693172 0.9992676 -0.9994109 0 -0.03432145
Connective.tissue.progenitors Intermediate.Mesoderm 0.04250425 0.4335485 0.4078776 0.09803804 0.1042083 0.4320206 0.8998126 -0.06079099 0.1393405 0 0.9902446
Connective.tissue.progenitors Jaw.and.tooth.progenitors 0.05197852 0.496962 0.3808692 0.1045925 0.1364734 0.6255175 0.7701712 -0.1247559 0.1955921 0 0.9806853
Connective.tissue.progenitors Inhibitory.neurons 0 0 0 0.1142781 0.06640769 0.04742682 0.01380628 0.9987793 -0.9988745 0 0.04743133
Connective.tissue.progenitors Primitive.erythroid.lineage 0 0 0 0.1143566 0.005304581 -0.03431653 0.01693172 0.9992676 -0.9994109 0 -0.03432145
Connective.tissue.progenitors Inhibitory.interneurons 0 0 0 0.1143566 0.01287287 -0.03431653 0.01693172 0.9992676 -0.9994109 0 -0.03432145
Connective.tissue.progenitors Osteoblasts 0.04184365 0.3730985 0.1460237 0.1121518 0.2865539 0.6692572 0.3259428 0.6677246 -0.7062958 0 0.7079169
Connective.tissue.progenitors Lens 0 0 0 0.1143566 0.02269558 -0.03431653 0.01693172 0.9992676 -0.9994109 0 -0.03432145
Connective.tissue.progenitors Chondroctye.progenitors 0.0001103119 0.0009994267 0.002538752 0.1103751 0.04345122 -0.3790421 0.8419297 -0.3840332 0.7117166 0 -0.7024667
Connective.tissue.progenitors Postmitotic.premature.neurons 0 0 0 0.1143566 0.09452775 -0.03431653 0.01693172 0.9992676 -0.9994109 0 -0.03432145
Connective.tissue.progenitors Stromal.cells 0.01658649 0.161044 0.1507151 0.1029935 0.110052 0.599965 0.7998689 0.01586915 -0.02644087 0 0.9996504
Connective.tissue.progenitors Inhibitory.neuron.progenitors 0 0 0 0.1143566 0.04291637 -0.03431653 0.01693172 0.9992676 -0.9994109 0 -0.03432145
Connective.tissue.progenitors Cholinergic.neurons 0 0 0 0.1143566 0.004521138 -0.03431653 0.01693172 0.9992676 -0.9994109 0 -0.03432145
Connective.tissue.progenitors Granule.neurons 0 0 0 0.1143566 0.0547911 -0.03431653 0.01693172 0.9992676 -0.9994109 0 -0.03432145
Connective.tissue.progenitors Notochord.cells 0 0 0 0.1143566 0.02178627 -0.03431653 0.01693172 0.9992676 -0.9994109 0 -0.03432145
Connective.tissue.progenitors Premature.oligodendrocyte 0 0 0 0.1143566 0.01686206 -0.03431653 0.01693172 0.9992676 -0.9994109 0 -0.03432145
Connective.tissue.progenitors Isthmic.organizer.cells 0 0 0 0.1143566 0.07177507 -0.03431653 0.01693172 0.9992676 -0.9994109 0 -0.03432145
Connective.tissue.progenitors White.blood.cells 0 0 0 0.1143566 0.007769184 -0.03431653 0.01693172 0.9992676 -0.9994109 0 -0.03432145
Connective.tissue.progenitors Cardiac.muscle.lineages 0.003905573 0.03356205 0.0415504 0.1163687 0.09399604 0.4382877 0.2443273 -0.8649902 0.892025 0 0.4519861
Connective.tissue.progenitors Megakaryocytes 0 0 0 0.1143566 0.008423708 -0.03431653 0.01693172 0.9992676 -0.9994109 0 -0.03432145
Connective.tissue.progenitors Hepatocytes 0 0 0 0.1143566 0.00110653 -0.03431653 0.01693172 0.9992676 -0.9994109 0 -0.03432145
Sensory.neurons Ependymal.cell 0 0 0 0.02518227 0.1037866 -0.8757018 0.06978105 0.4777832 -0.4789508 0 -0.8778418
Sensory.neurons Limb.mesenchyme 0 0 0 0.02106323 0.03774831 -0.03431653 0.01693172 0.9992676 -0.9994109 0 -0.03432145
Sensory.neurons Epithelial.cells 0 0 0 0.02106323 0.05435074 -0.03431653 0.01693172 0.9992676 -0.9994109 0 -0.03432145
Sensory.neurons Chondrocytes.&.osteoblasts 0 0 0 0.02106323 0.1848145 -0.03431653 0.01693172 0.9992676 -0.9994109 0 -0.03432145
Sensory.neurons Early.mesenchyme 0 0 0 0.02106323 0.1720702 -0.03431653 0.01693172 0.9992676 -0.9994109 0 -0.03432145
Sensory.neurons Melanocytes 0 0 0 0.02106323 0.1462036 -0.03431653 0.01693172 0.9992676 -0.9994109 0 -0.03432145
Sensory.neurons Radial.glia 0 0 0 0.02106323 0.05744238 -0.03431653 0.01693172 0.9992676 -0.9994109 0 -0.03432145
Sensory.neurons Neural.Tube 0 0 0 0.02106323 0.07621313 -0.03431653 0.01693172 0.9992676 -0.9994109 0 -0.03432145
Sensory.neurons Schwann.cell.precursor 0 0 0 0.02106323 0.02801043 -0.03431653 0.01693172 0.9992676 -0.9994109 0 -0.03432145
Sensory.neurons Myocytes 0 0 0 0.02106323 0.3284858 -0.03431653 0.01693172 0.9992676 -0.9994109 0 -0.03432145
Sensory.neurons Excitatory.neurons 0 0 0 0.02161484 0.1715343 -0.2136004 0.03431214 0.9763184 -0.9768936 0 -0.2137263
Sensory.neurons Oligodendrocyte.Progenitors 0 0 0 0.02106323 0.1212944 -0.03431653 0.01693172 0.9992676 -0.9994109 0 -0.03432145
Sensory.neurons Intermediate.Mesoderm 0 0 0 0.02106323 0.1245337 -0.03431653 0.01693172 0.9992676 -0.9994109 0 -0.03432145
Sensory.neurons Jaw.and.tooth.progenitors 0 0 0 0.02106323 0.205588 -0.03431653 0.01693172 0.9992676 -0.9994109 0 -0.03432145
Sensory.neurons Inhibitory.neurons 0 0 0 0.02106323 0.06766903 -0.03431653 0.01693172 0.9992676 -0.9994109 0 -0.03432145
Sensory.neurons Primitive.erythroid.lineage 0 0 0 0.02106323 0.005304581 -0.03431653 0.01693172 0.9992676 -0.9994109 0 -0.03432145
Sensory.neurons Inhibitory.interneurons 0 0 0 0.02106323 0.01287287 -0.03431653 0.01693172 0.9992676 -0.9994109 0 -0.03432145
Sensory.neurons Osteoblasts 0 0 0 0.02106323 0.2829378 -0.03431653 0.01693172 0.9992676 -0.9994109 0 -0.03432145
Sensory.neurons Lens 0 0 0 0.02106323 0.02269558 -0.03431653 0.01693172 0.9992676 -0.9994109 0 -0.03432145
Sensory.neurons Chondroctye.progenitors 0 0 0 0.02106323 0.07546037 -0.03431653 0.01693172 0.9992676 -0.9994109 0 -0.03432145
Sensory.neurons Postmitotic.premature.neurons 0 0 0 0.0234909 0.1050888 -0.5963449 0.01955031 0.8024902 -0.8026436 0 -0.5964589
Sensory.neurons Stromal.cells 0 0 0 0.02106323 0.09730843 -0.03431653 0.01693172 0.9992676 -0.9994109 0 -0.03432145
Sensory.neurons Inhibitory.neuron.progenitors 0 0 0 0.02106323 0.04291637 -0.03431653 0.01693172 0.9992676 -0.9994109 0 -0.03432145
Sensory.neurons Cholinergic.neurons 0 0 0 0.02106323 0.004521138 -0.03431653 0.01693172 0.9992676 -0.9994109 0 -0.03432145
Sensory.neurons Granule.neurons 0 0 0 0.02898377 0.03999367 0.8292333 0.1667517 0.5334473 -0.5410222 0 0.8410084
Sensory.neurons Notochord.cells 0 0 0 0.02106323 0.02178627 -0.03431653 0.01693172 0.9992676 -0.9994109 0 -0.03432145
Sensory.neurons Premature.oligodendrocyte 0 0 0 0.02106323 0.01686206 -0.03431653 0.01693172 0.9992676 -0.9994109 0 -0.03432145
Sensory.neurons Isthmic.organizer.cells 0 0 0 0.02106323 0.07177507 -0.03431653 0.01693172 0.9992676 -0.9994109 0 -0.03432145
Sensory.neurons White.blood.cells 0 0 0 0.02106323 0.007769184 -0.03431653 0.01693172 0.9992676 -0.9994109 0 -0.03432145
Sensory.neurons Cardiac.muscle.lineages 0 0 0 0.02106323 0.11192 -0.03431653 0.01693172 0.9992676 -0.9994109 0 -0.03432145
Sensory.neurons Megakaryocytes 0 0 0 0.02106323 0.008423708 -0.03431653 0.01693172 0.9992676 -0.9994109 0 -0.03432145
Sensory.neurons Hepatocytes 0 0 0 0.02106323 0.00110653 -0.03431653 0.01693172 0.9992676 -0.9994109 0 -0.03432145
Ependymal.cell Limb.mesenchyme 0.00417401 0.02073652 0.1217378 0.2012879 0.03428688 0.2134163 0.5369664 0.8161621 -0.967471 0 0.2529818
Ependymal.cell Epithelial.cells 0 0 0 0.1678309 0.05435074 -0.03431653 0.01693172 0.9992676 -0.9994109 0 -0.03432145
Ependymal.cell Chondrocytes.&.osteoblasts 0.06455943 0.6179351 0.2679413 0.1044761 0.2409462 -0.8348989 0.05034843 0.5480957 -0.5487917 0 -0.8359591
Ependymal.cell Early.mesenchyme 0.07711988 0.4442648 0.5060025 0.1735899 0.1524101 0.01518935 0.2113384 0.9772949 -0.9998792 0 0.01554036
Ependymal.cell Melanocytes 0.05821455 0.3757807 0.3923436 0.1549163 0.1483764 -0.9115743 0.3575915 0.2028808 -0.2172455 0 -0.976117
Ependymal.cell Radial.glia 0.0003117403 0.001765366 0.005575625 0.1765868 0.05591128 -0.1366432 0.2874514 0.947998 -0.9897711 0 -0.1426644
Ependymal.cell Neural.Tube 0.01002831 0.06755695 0.1305027 0.1484423 0.07684369 0.3588521 0.2143566 -0.9084473 0.9300662 0 0.367392
Ependymal.cell Schwann.cell.precursor 0 0 0 0.1678309 0.02801043 -0.03431653 0.01693172 0.9992676 -0.9994109 0 -0.03432145
Ependymal.cell Myocytes 0.04958345 0.4476744 0.1477133 0.1107579 0.3356735 0.8301662 0.05845302 -0.5544433 0.5553929 0 0.831588
Ependymal.cell Excitatory.neurons 0.0003724764 0.001473491 0.005781406 0.252785 0.0644266 0.1806324 0.910758 0.3713379 -0.8992527 0 0.4374296
Ependymal.cell Oligodendrocyte.Progenitors 0.04667437 0.1652865 0.6139118 0.2823846 0.07602782 -0.02047067 0.9096847 -0.4147949 0.9987844 0 -0.04929132
Ependymal.cell Intermediate.Mesoderm 0.03974732 0.3459609 0.3083731 0.1148896 0.1288936 -0.7248717 0.01499496 0.6887207 -0.6887981 0 -0.7249532
Ependymal.cell Jaw.and.tooth.progenitors 0.07149699 0.3768082 0.4829351 0.1897437 0.1480468 0.6467048 0.2282642 0.7277832 -0.7475182 0 0.6642413
Ependymal.cell Inhibitory.neurons 0 0 0 0.1846833 0.06223144 -0.19514 0.379112 0.904541 -0.9775115 0 -0.2108822
Ependymal.cell Primitive.erythroid.lineage 0 0 0 0.1678309 0.005304581 -0.03431653 0.01693172 0.9992676 -0.9994109 0 -0.03432145
Ependymal.cell Inhibitory.interneurons 0.001410999 0.007083082 0.2376909 0.1992069 0.005936277 0.03002312 0.5034109 0.8635254 -0.9993961 0 0.03474709
Ependymal.cell Osteoblasts 0.07249788 0.4939865 0.1938431 0.1467609 0.3740029 0.984485 0.1744587 -0.01879884 0.01909162 0 0.9998177
Ependymal.cell Lens 0 0 0 0.1678309 0.02269558 -0.03431653 0.01693172 0.9992676 -0.9994109 0 -0.03432145
Ependymal.cell Chondroctye.progenitors 0.01269962 0.1108677 0.2547297 0.1145475 0.04985525 0.9259937 0.07326656 -0.3703614 0.3713595 0 0.9284892
Ependymal.cell Postmitotic.premature.neurons 0.005098446 0.04607284 0.05222034 0.1106606 0.09763335 0.91737 0.02551773 -0.3972168 0.3973462 0 0.9176688
Ependymal.cell Stromal.cells 0.04469453 0.2494131 0.4207439 0.1791988 0.1062274 0.05827645 0.3529173 -0.9338379 0.9980584 0 0.06228416
Ependymal.cell Inhibitory.neuron.progenitors 0 0 0 0.1912954 0.0357907 -0.4867277 0.559749 0.6706543 -0.8093218 0 -0.5873656
Ependymal.cell Cholinergic.neurons 0 0 0 0.161898 0.004702111 -0.163272 0.004171492 0.9865723 -0.9865808 0 -0.1632735
Ependymal.cell Granule.neurons 0.01497592 0.05529898 0.9754886 0.2708174 0.01535223 -0.5034958 0.8515314 -0.1462402 0.2789229 0 -0.9603136
Ependymal.cell Notochord.cells 0 0 0 0.161898 0.02276733 -0.163272 0.004171492 0.9865723 -0.9865808 0 -0.1632735
Ependymal.cell Premature.oligodendrocyte 0.001147022 0.006327235 0.05016457 0.1812833 0.02286518 -0.7003639 0.5280859 0.4802246 -0.5655084 0 -0.8247426
Ependymal.cell Isthmic.organizer.cells 0.02205869 0.1238885 0.3171149 0.1780527 0.06956054 -0.1747123 0.0008545975 -0.9846191 0.9846195 0 -0.1747124
Ependymal.cell White.blood.cells 0 0 0 0.1224002 0.00478875 -0.6510513 0.0009098255 0.7590332 -0.7590335 0 -0.6510516
Ependymal.cell Cardiac.muscle.lineages 0.03835996 0.1464802 0.6928367 0.2618781 0.05536652 0.1769718 0.9499155 0.2575684 -0.8242009 0 0.5662976
Ependymal.cell Megakaryocytes 0 0 0 0.1037734 0.00347132 -0.8629833 0.02448875 0.5046387 -0.5047901 0 -0.8632421
Ependymal.cell Hepatocytes 0 0 0 0.1678309 0.00110653 -0.03431653 0.01693172 0.9992676 -0.9994109 0 -0.03432145
Limb.mesenchyme Epithelial.cells 0 0 0 0.03642469 0.05949329 0.4518901 0.03573929 0.8913574 -0.8919272 0 0.452179
Limb.mesenchyme Chondrocytes.&.osteoblasts 0.0184258 0.5481955 0.1072054 0.03361173 0.1718739 0.1398998 0.3400812 0.9299316 -0.9888723 0 0.1487669
Limb.mesenchyme Early.mesenchyme 0.007953428 0.1778281 0.03534416 0.04472537 0.225028 0.4436242 0.4515069 -0.7741699 0.8676432 0 0.4971874
Limb.mesenchyme Melanocytes 0.01814354 0.3966888 0.09198688 0.04573748 0.1972405 -0.287023 0.7507514 -0.5949706 0.9006726 0 -0.4344983
Limb.mesenchyme Radial.glia 0 0 0 0.03774831 0.05744238 -0.03431653 0.01693172 0.9992676 -0.9994109 0 -0.03432145
Limb.mesenchyme Neural.Tube 0 0 0 0.03727803 0.07663278 0.04742682 0.01380628 0.9987793 -0.9988745 0 0.04743133
Limb.mesenchyme Schwann.cell.precursor 0 0 0 0.03774831 0.02801043 -0.03431653 0.01693172 0.9992676 -0.9994109 0 -0.03432145
Limb.mesenchyme Myocytes 0 0 0 0.04201397 0.1846016 0.3237135 0.8553105 0.404541 -0.7807928 0 0.62479
Limb.mesenchyme Excitatory.neurons 0 0 0 0.03653184 0.1464967 0.1077844 0.05883846 0.9924316 -0.994154 0 0.1079714
Limb.mesenchyme Oligodendrocyte.Progenitors 0 0 0 0.03774831 0.1212944 -0.03431653 0.01693172 0.9992676 -0.9994109 0 -0.03432145
Limb.mesenchyme Intermediate.Mesoderm 0 0 0 0.03840027 0.1176921 0.6894 0.5035326 0.5207519 -0.6027387 0 0.7979386
Limb.mesenchyme Jaw.and.tooth.progenitors 0.00818761 0.2229651 0.04485543 0.03672148 0.1825333 -0.2499563 0.02153668 -0.9680176 0.9682421 0 -0.2500143
Limb.mesenchyme Inhibitory.neurons 0 0 0 0.03774831 0.06766903 -0.03431653 0.01693172 0.9992676 -0.9994109 0 -0.03432145
Limb.mesenchyme Primitive.erythroid.lineage 0 0 0 0.03774831 0.005304581 -0.03431653 0.01693172 0.9992676 -0.9994109 0 -0.03432145
Limb.mesenchyme Inhibitory.interneurons 0 0 0 0.03774831 0.01287287 -0.03431653 0.01693172 0.9992676 -0.9994109 0 -0.03432145
Limb.mesenchyme Osteoblasts 0.01191417 0.3201235 0.04958497 0.03721742 0.2402779 0.203372 0.6988065 0.685791 -0.9587316 0 0.2843127
Limb.mesenchyme Lens 0 0 0 0.03774831 0.02269558 -0.03431653 0.01693172 0.9992676 -0.9994109 0 -0.03432145
Limb.mesenchyme Chondroctye.progenitors 0 0 0 0.03774831 0.07546037 -0.03431653 0.01693172 0.9992676 -0.9994109 0 -0.03432145
Limb.mesenchyme Postmitotic.premature.neurons 0 0 0 0.03774831 0.09452775 -0.03431653 0.01693172 0.9992676 -0.9994109 0 -0.03432145
Limb.mesenchyme Stromal.cells 0.01826941 0.5073766 0.2030858 0.0360076 0.08995908 0.3880356 0.5891652 0.7087402 -0.87714 0 0.4802346
Limb.mesenchyme Inhibitory.neuron.progenitors 0 0 0 0.03774831 0.04291637 -0.03431653 0.01693172 0.9992676 -0.9994109 0 -0.03432145
Limb.mesenchyme Cholinergic.neurons 0 0 0 0.03653184 0.004231048 0.1077844 0.05883846 0.9924316 -0.994154 0 0.1079714
Limb.mesenchyme Granule.neurons 0 0 0 0.03774831 0.0547911 -0.03431653 0.01693172 0.9992676 -0.9994109 0 -0.03432145
Limb.mesenchyme Notochord.cells 0 0 0 0.03774831 0.02178627 -0.03431653 0.01693172 0.9992676 -0.9994109 0 -0.03432145
Limb.mesenchyme Premature.oligodendrocyte 0 0 0 0.03774831 0.01686206 -0.03431653 0.01693172 0.9992676 -0.9994109 0 -0.03432145
Limb.mesenchyme Isthmic.organizer.cells 0 0 0 0.03774831 0.07177507 -0.03431653 0.01693172 0.9992676 -0.9994109 0 -0.03432145
Limb.mesenchyme White.blood.cells 0 0 0 0.03774831 0.007769184 -0.03431653 0.01693172 0.9992676 -0.9994109 0 -0.03432145
Limb.mesenchyme Cardiac.muscle.lineages 0 0 0 0.03838964 0.1383371 0.7733744 0.239034 0.5871582 -0.6046873 0 0.796463
Limb.mesenchyme Megakaryocytes 0 0 0 0.03774831 0.008423708 -0.03431653 0.01693172 0.9992676 -0.9994109 0 -0.03432145
Limb.mesenchyme Hepatocytes 0 0 0 0.03774831 0.00110653 -0.03431653 0.01693172 0.9992676 -0.9994109 0 -0.03432145
Epithelial.cells Chondrocytes.&.osteoblasts 0 0 0 0.05949329 0.1531492 0.4518901 0.03573929 0.8913574 -0.8919272 0 0.452179
Epithelial.cells Early.mesenchyme 0.01481631 0.4936457 0.06452535 0.03001405 0.22962 0.4462402 0.8852579 -0.1311035 0.2818822 0 0.959449
Epithelial.cells Melanocytes 0.01370981 0.2671807 0.1019748 0.05131289 0.1344432 -0.153338 0.1360763 0.9787598 -0.9879493 0 -0.1547777
Epithelial.cells Radial.glia 0 0 0 0.05435074 0.05744238 -0.03431653 0.01693172 0.9992676 -0.9994109 0 -0.03432145
Epithelial.cells Neural.Tube 0.0008845071 0.0182679 0.01138817 0.04841866 0.07766894 0.5874547 0.02604129 -0.8088379 0.8091123 0 0.5876541
Epithelial.cells Schwann.cell.precursor 0 0 0 0.05435074 0.02801043 -0.03431653 0.01693172 0.9992676 -0.9994109 0 -0.03432145
Epithelial.cells Myocytes 0.01938214 0.6457689 0.08834562 0.03001405 0.21939 0.4462402 0.8852579 -0.1311035 0.2818822 0 0.959449
Epithelial.cells Excitatory.neurons 0 0 0 0.05435074 0.160548 -0.03431653 0.01693172 0.9992676 -0.9994109 0 -0.03432145
Epithelial.cells Oligodendrocyte.Progenitors 0 0 0 0.05435074 0.1212944 -0.03431653 0.01693172 0.9992676 -0.9994109 0 -0.03432145
Epithelial.cells Intermediate.Mesoderm 0.007512424 0.1528347 0.07622891 0.0491539 0.09855085 -0.6712864 0.7401809 -0.0388183 0.0577303 0 -0.9983323
Epithelial.cells Jaw.and.tooth.progenitors 0 0 0 0.0626341 0.1517748 0.569857 0.03388599 0.8210449 -0.8215167 0 0.5701845
Epithelial.cells Inhibitory.neurons 0 0 0 0.05435074 0.06766903 -0.03431653 0.01693172 0.9992676 -0.9994109 0 -0.03432145
Epithelial.cells Primitive.erythroid.lineage 0 0 0 0.05435074 0.005304581 -0.03431653 0.01693172 0.9992676 -0.9994109 0 -0.03432145
Epithelial.cells Inhibitory.interneurons 0 0 0 0.05435074 0.01287287 -0.03431653 0.01693172 0.9992676 -0.9994109 0 -0.03432145
Epithelial.cells Osteoblasts 0.006734723 0.1864851 0.02595915 0.036114 0.2594354 -0.01845635 0.9929671 -0.1169433 0.9877738 0 -0.1558935
Epithelial.cells Lens 0.007399892 0.2206642 0.7408482 0.03353463 0.009988406 0.5578465 0.8288437 0.04272455 -0.07636472 0 0.99708
Epithelial.cells Chondroctye.progenitors 0 0 0 0.05435074 0.07546037 -0.03431653 0.01693172 0.9992676 -0.9994109 0 -0.03432145
Epithelial.cells Postmitotic.premature.neurons 0 0 0 0.05435074 0.09452775 -0.03431653 0.01693172 0.9992676 -0.9994109 0 -0.03432145
Epithelial.cells Stromal.cells 0.01041709 0.1968039 0.09285538 0.05293132 0.1121862 0.1003278 0.5634024 -0.8200683 0.9925993 0 0.1214354
Epithelial.cells Inhibitory.neuron.progenitors 0 0 0 0.05435074 0.04291637 -0.03431653 0.01693172 0.9992676 -0.9994109 0 -0.03432145
Epithelial.cells Cholinergic.neurons 0 0 0 0.05435074 0.004521138 -0.03431653 0.01693172 0.9992676 -0.9994109 0 -0.03432145
Epithelial.cells Granule.neurons 0 0 0 0.05435074 0.0547911 -0.03431653 0.01693172 0.9992676 -0.9994109 0 -0.03432145
Epithelial.cells Notochord.cells 0 0 0 0.05433465 0.02164683 0.1254137 0.1091319 0.986084 -0.992009 0 0.1261673
Epithelial.cells Premature.oligodendrocyte 0 0 0 0.05435074 0.01686206 -0.03431653 0.01693172 0.9992676 -0.9994109 0 -0.03432145
Epithelial.cells Isthmic.organizer.cells 0 0 0 0.05435074 0.07177507 -0.03431653 0.01693172 0.9992676 -0.9994109 0 -0.03432145
Epithelial.cells White.blood.cells 0 0 0 0.05435074 0.007769184 -0.03431653 0.01693172 0.9992676 -0.9994109 0 -0.03432145
Epithelial.cells Cardiac.muscle.lineages 0 0 0 0.05087975 0.1017869 -0.2801453 0.02150143 0.9597168 -0.9599388 0 -0.28021
Epithelial.cells Megakaryocytes 0 0 0 0.05435074 0.008423708 -0.03431653 0.01693172 0.9992676 -0.9994109 0 -0.03432145
Epithelial.cells Hepatocytes 0 0 0 0.05435074 0.00110653 -0.03431653 0.01693172 0.9992676 -0.9994109 0 -0.03432145
Chondrocytes.&.osteoblasts Early.mesenchyme 0.1143376 0.6872219 0.8093376 0.1663766 0.1412731 0.2134163 0.5369664 0.8161621 -0.967471 0 0.2529818
Chondrocytes.&.osteoblasts Melanocytes 0.07589585 0.4125456 0.549158 0.1839696 0.138204 -0.7346948 0.6485621 0.1989746 -0.2614091 0 -0.9652281
Chondrocytes.&.osteoblasts Radial.glia 0 0 0 0.1848145 0.05744238 -0.03431653 0.01693172 0.9992676 -0.9994109 0 -0.03432145
Chondrocytes.&.osteoblasts Neural.Tube 0 0 0 0.1848145 0.07621313 -0.03431653 0.01693172 0.9992676 -0.9994109 0 -0.03432145
Chondrocytes.&.osteoblasts Schwann.cell.precursor 0 0 0 0.1848145 0.02801043 -0.03431653 0.01693172 0.9992676 -0.9994109 0 -0.03432145
Chondrocytes.&.osteoblasts Myocytes 0.08769301 0.5270076 0.3758759 0.166398 0.2333031 0.6838235 0.2026961 0.7009277 -0.7157863 0 0.6983194
Chondrocytes.&.osteoblasts Excitatory.neurons 0 0 0 0.1638773 0.1340128 0.23438 0.1128214 0.9655762 -0.9717807 0 0.2358861
Chondrocytes.&.osteoblasts Oligodendrocyte.Progenitors 0 0 0 0.1848145 0.1212944 -0.03431653 0.01693172 0.9992676 -0.9994109 0 -0.03432145
Chondrocytes.&.osteoblasts Intermediate.Mesoderm 0.03392416 0.1575286 0.3388568 0.2153524 0.1001136 0.2915881 0.8600382 -0.4187012 0.8206132 0 0.571484
Chondrocytes.&.osteoblasts Jaw.and.tooth.progenitors 0.1059314 0.5411598 0.7159257 0.1957488 0.1479642 -0.1184114 0.9909492 -0.06323245 0.4710505 0 -0.8821063
Chondrocytes.&.osteoblasts Inhibitory.neurons 0 0 0 0.172133 0.06165071 0.1193396 0.1608564 0.9797363 -0.992663 0 0.1209141
Chondrocytes.&.osteoblasts Primitive.erythroid.lineage 0 0 0 0.1848145 0.005304581 -0.03431653 0.01693172 0.9992676 -0.9994109 0 -0.03432145
Chondrocytes.&.osteoblasts Inhibitory.interneurons 0 0 0 0.1848145 0.01287287 -0.03431653 0.01693172 0.9992676 -0.9994109 0 -0.03432145
Chondrocytes.&.osteoblasts Osteoblasts 0.1348388 0.7294474 0.5041333 0.1848506 0.2674665 -0.5083064 0.8320905 0.2219238 -0.4001223 0 -0.9164618
Chondrocytes.&.osteoblasts Lens 0 0 0 0.1848145 0.02269558 -0.03431653 0.01693172 0.9992676 -0.9994109 0 -0.03432145
Chondrocytes.&.osteoblasts Chondroctye.progenitors 0.0168134 0.08806171 0.3651032 0.1909275 0.0460511 -0.8130654 0.5432752 0.2092285 -0.2492137 0 -0.9684485
Chondrocytes.&.osteoblasts Postmitotic.premature.neurons 0 0 0 0.1780975 0.09249075 0.04742682 0.01380628 0.9987793 -0.9988745 0 0.04743133
Chondrocytes.&.osteoblasts Stromal.cells 0.06506737 0.3885772 0.6860098 0.1674503 0.09484904 0.4810571 0.439538 0.7585449 -0.8444942 0 0.5355647
Chondrocytes.&.osteoblasts Inhibitory.neuron.progenitors 0 0 0 0.1677375 0.04143806 0.1755089 0.06725698 0.9821777 -0.9844068 0 0.1759073
Chondrocytes.&.osteoblasts Cholinergic.neurons 0 0 0 0.1727812 0.004231048 0.1077844 0.05883846 0.9924316 -0.994154 0 0.1079714
Chondrocytes.&.osteoblasts Granule.neurons 0 0 0 0.1848145 0.0547911 -0.03431653 0.01693172 0.9992676 -0.9994109 0 -0.03432145
Chondrocytes.&.osteoblasts Notochord.cells 0 0 0 0.1848145 0.02178627 -0.03431653 0.01693172 0.9992676 -0.9994109 0 -0.03432145
Chondrocytes.&.osteoblasts Premature.oligodendrocyte 0 0 0 0.1848145 0.01686206 -0.03431653 0.01693172 0.9992676 -0.9994109 0 -0.03432145
Chondrocytes.&.osteoblasts Isthmic.organizer.cells 0 0 0 0.1848145 0.07177507 -0.03431653 0.01693172 0.9992676 -0.9994109 0 -0.03432145
Chondrocytes.&.osteoblasts White.blood.cells 0 0 0 0.1848145 0.007769184 -0.03431653 0.01693172 0.9992676 -0.9994109 0 -0.03432145
Chondrocytes.&.osteoblasts Cardiac.muscle.lineages 0.02821323 0.1465727 0.5040141 0.1924862 0.05597706 -0.04946801 0.9456053 0.3215332 -0.9883711 0 -0.1520613
Chondrocytes.&.osteoblasts Megakaryocytes 0 0 0 0.1848145 0.008423708 -0.03431653 0.01693172 0.9992676 -0.9994109 0 -0.03432145
Chondrocytes.&.osteoblasts Hepatocytes 0 0 0 0.1848145 0.00110653 -0.03431653 0.01693172 0.9992676 -0.9994109 0 -0.03432145
Early.mesenchyme Melanocytes 0.1025161 0.7184531 0.8368274 0.1426901 0.1225057 0.123305 0.3881031 0.9133301 -0.9910094 0 0.1337921
Early.mesenchyme Radial.glia 0 0 0 0.1720702 0.05744238 -0.03431653 0.01693172 0.9992676 -0.9994109 0 -0.03432145
Early.mesenchyme Neural.Tube 0.003886606 0.02224615 0.044034 0.1747092 0.08826375 0.3723862 0.7584178 0.5349121 -0.8207085 0 0.5713472
Early.mesenchyme Schwann.cell.precursor 0 0 0 0.1699177 0.02777501 0.04742682 0.01380628 0.9987793 -0.9988745 0 0.04743133
Early.mesenchyme Myocytes 0.09008548 0.6144453 0.4626589 0.1466127 0.1947125 0.2548814 0.6645902 0.7023926 -0.9400228 0 0.3411117
Early.mesenchyme Excitatory.neurons 0 0 0 0.1656157 0.1339363 0.2728818 0.02695352 0.9616699 -0.9620194 0 0.272981
Early.mesenchyme Oligodendrocyte.Progenitors 0 0 0 0.1720702 0.1212944 -0.03431653 0.01693172 0.9992676 -0.9994109 0 -0.03432145
Early.mesenchyme Intermediate.Mesoderm 0.02347765 0.1129543 0.255808 0.2078508 0.09177841 -0.1205174 0.8717738 -0.4748536 0.9692699 0 -0.2459997
Early.mesenchyme Jaw.and.tooth.progenitors 0.1191966 0.5281213 0.8871835 0.2256994 0.134354 0.7054743 0.698608 0.1193848 -0.166854 0 0.9859816
Early.mesenchyme Inhibitory.neurons 0 0 0 0.161334 0.06045678 0.2810331 0.09154117 0.9553223 -0.9593503 0 0.282218
Early.mesenchyme Primitive.erythroid.lineage 0 0 0 0.1720702 0.005304581 -0.03431653 0.01693172 0.9992676 -0.9994109 0 -0.03432145
Early.mesenchyme Inhibitory.interneurons 0 0 0 0.1644294 0.01001454 0.1077844 0.05883846 0.9924316 -0.994154 0 0.1079714
Early.mesenchyme Osteoblasts 0.1376305 0.9469987 0.548407 0.1453333 0.2509641 0.1398998 0.3400812 0.9299316 -0.9888723 0 0.1487669
Early.mesenchyme Lens 0.0003462197 0.001620569 0.02733604 0.2136407 0.01266532 -0.538433 0.1081965 0.8356934 -0.8406282 0 -0.5416125
Early.mesenchyme Chondroctye.progenitors 0.02434412 0.09581511 0.5038294 0.2540739 0.04831818 0.8851232 0.3907774 -0.2526855 0.2745134 0 0.9615833
Early.mesenchyme Postmitotic.premature.neurons 0 0 0 0.1644294 0.09105948 0.1077844 0.05883846 0.9924316 -0.994154 0 0.1079714
Early.mesenchyme Stromal.cells 0.02066818 0.1472538 0.2469599 0.1403576 0.08369043 0.1747827 0.5745902 0.7995605 -0.9769309 0 0.2135556
Early.mesenchyme Inhibitory.neuron.progenitors 0 0 0 0.1674075 0.04148331 0.2073021 0.003277564 0.9782715 -0.9782767 0 0.2073032
Early.mesenchyme Cholinergic.neurons 0 0 0 0.1674075 0.004039034 0.2073021 0.003277564 0.9782715 -0.9782767 0 0.2073032
Early.mesenchyme Granule.neurons 0 0 0 0.1720702 0.0547911 -0.03431653 0.01693172 0.9992676 -0.9994109 0 -0.03432145
Early.mesenchyme Notochord.cells 0 0 0 0.1630378 0.01795556 0.3215272 0.05887337 0.9450684 -0.9467105 0 0.3220858
Early.mesenchyme Premature.oligodendrocyte 0 0 0 0.1720702 0.01686206 -0.03431653 0.01693172 0.9992676 -0.9994109 0 -0.03432145
Early.mesenchyme Isthmic.organizer.cells 0 0 0 0.1720702 0.07177507 -0.03431653 0.01693172 0.9992676 -0.9994109 0 -0.03432145
Early.mesenchyme White.blood.cells 0 0 0 0.1720702 0.007769184 -0.03431653 0.01693172 0.9992676 -0.9994109 0 -0.03432145
Early.mesenchyme Cardiac.muscle.lineages 0.01446512 0.06546438 0.1901387 0.2209617 0.07607667 0.2915776 0.7200955 -0.6296387 0.9074239 0 0.4202163
Early.mesenchyme Megakaryocytes 0 0 0 0.1765526 0.008016381 -0.1153257 0.02846082 0.9929199 -0.9933223 0 -0.1153724
Early.mesenchyme Hepatocytes 0 0 0 0.1720702 0.00110653 -0.03431653 0.01693172 0.9992676 -0.9994109 0 -0.03432145
Melanocytes Radial.glia 0 0 0 0.1462036 0.05744238 -0.03431653 0.01693172 0.9992676 -0.9994109 0 -0.03432145
Melanocytes Neural.Tube 0.002453885 0.01412961 0.02775533 0.1736697 0.08841132 0.6857941 0.7238243 0.07592774 -0.1100427 0 0.9939268
Melanocytes Schwann.cell.precursor 0 0 0 0.1472149 0.02679271 0.2073021 0.003277564 0.9782715 -0.9782767 0 0.2073032
Melanocytes Myocytes 0.08569199 0.5158835 0.4421743 0.1661073 0.1937969 -0.1426988 0.915876 0.3752442 -0.9346959 0 -0.3554485
Melanocytes Excitatory.neurons 0 0 0 0.1338388 0.1154357 0.4051568 0.1853401 0.8952637 -0.9110481 0 0.4123001
Melanocytes Oligodendrocyte.Progenitors 0.001814692 0.009950941 0.02276944 0.1823638 0.07969856 0.1975617 0.9622394 0.1872558 -0.6879229 0 0.7257838
Melanocytes Intermediate.Mesoderm 0.0199616 0.0999557 0.2188954 0.1997045 0.09119244 -0.1649725 0.9279414 -0.3342285 0.8967138 0 -0.4426109
Melanocytes Jaw.and.tooth.progenitors 0.09321707 0.5979218 0.6175008 0.1559018 0.1509586 -0.7928393 0.2623968 -0.5500488 0.5700223 0 -0.8216292
Melanocytes Inhibitory.neurons 0 0 0 0.137114 0.06353927 0.06822697 0.1235493 0.9899902 -0.9976337 0 0.06875373
Melanocytes Primitive.erythroid.lineage 0 0 0 0.1462036 0.005304581 -0.03431653 0.01693172 0.9992676 -0.9994109 0 -0.03432145
Melanocytes Inhibitory.interneurons 0 0 0 0.1462036 0.01287287 -0.03431653 0.01693172 0.9992676 -0.9994109 0 -0.03432145
Melanocytes Osteoblasts 0.07645851 0.5175602 0.2772371 0.1477287 0.2757875 -0.5161462 0.7759842 0.3625488 -0.5747879 0 -0.8183025
Melanocytes Lens 0 0 0 0.1291371 0.02106853 0.01518935 0.2113384 0.9772949 -0.9998792 0 0.01554036
Melanocytes Chondroctye.progenitors 0.006059706 0.03785507 0.1292148 0.1600765 0.04689637 -0.9684896 0.1529787 0.1965332 -0.198874 0 -0.9800251
Melanocytes Postmitotic.premature.neurons 0 0 0 0.146204 0.09249075 0.04742682 0.01380628 0.9987793 -0.9988745 0 0.04743133
Melanocytes Stromal.cells 0.07458411 0.3769685 0.7012223 0.1978524 0.106363 0.1639711 0.974362 -0.1540527 0.6847208 0 0.7288055
Melanocytes Inhibitory.neuron.progenitors 0 0 0 0.138506 0.04172362 0.1254137 0.1091319 0.986084 -0.992009 0 0.1261673
Melanocytes Cholinergic.neurons 0 0 0 0.1451708 0.003614288 0.3547372 0.01683701 0.9348145 -0.934947 0 0.3547874
Melanocytes Granule.neurons 0 0 0 0.1462036 0.0547911 -0.03431653 0.01693172 0.9992676 -0.9994109 0 -0.03432145
Melanocytes Notochord.cells 0 0 0 0.1414306 0.01795556 0.3215272 0.05887337 0.9450684 -0.9467105 0 0.3220858
Melanocytes Premature.oligodendrocyte 0 0 0 0.1462036 0.01686206 -0.03431653 0.01693172 0.9992676 -0.9994109 0 -0.03432145
Melanocytes Isthmic.organizer.cells 0.002798628 0.02164665 0.03694062 0.1292869 0.07576016 -0.1366432 0.2874514 0.947998 -0.9897711 0 -0.1426644
Melanocytes White.blood.cells 0 0 0 0.1462036 0.007769184 -0.03431653 0.01693172 0.9992676 -0.9994109 0 -0.03432145
Melanocytes Cardiac.muscle.lineages 0.02911331 0.215474 0.3309362 0.1351129 0.0879726 -0.329484 0.5770281 0.7473145 -0.9150143 0 -0.4034213
Melanocytes Megakaryocytes 0 0 0 0.1462036 0.008423708 -0.03431653 0.01693172 0.9992676 -0.9994109 0 -0.03432145
Melanocytes Hepatocytes 0 0 0 0.1462036 0.00110653 -0.03431653 0.01693172 0.9992676 -0.9994109 0 -0.03432145
Radial.glia Neural.Tube 0.02807845 0.490861 0.3679508 0.05720245 0.07631034 0.2677942 0.3318008 -0.9045411 0.9588611 0 0.2838759
Radial.glia Schwann.cell.precursor 0 0 0 0.05836179 0.02757286 -0.4001794 0.01801315 0.9162598 -0.9164084 0 -0.4002444
Radial.glia Myocytes 0 0 0 0.05744238 0.3284858 -0.03431653 0.01693172 0.9992676 -0.9994109 0 -0.03432145
Radial.glia Excitatory.neurons 0 0 0 0.05744238 0.160548 -0.03431653 0.01693172 0.9992676 -0.9994109 0 -0.03432145
Radial.glia Oligodendrocyte.Progenitors 0.03398987 0.6093309 0.2920322 0.05578228 0.1163908 -0.1828817 0.3147298 0.9313965 -0.981263 0 -0.1926731
Radial.glia Intermediate.Mesoderm 0 0 0 0.05744238 0.1245337 -0.03431653 0.01693172 0.9992676 -0.9994109 0 -0.03432145
Radial.glia Jaw.and.tooth.progenitors 0 0 0 0.05744238 0.205588 -0.03431653 0.01693172 0.9992676 -0.9994109 0 -0.03432145
Radial.glia Inhibitory.neurons 0 0 0 0.05744238 0.06766903 -0.03431653 0.01693172 0.9992676 -0.9994109 0 -0.03432145
Radial.glia Primitive.erythroid.lineage 0 0 0 0.05744238 0.005304581 -0.03431653 0.01693172 0.9992676 -0.9994109 0 -0.03432145
Radial.glia Inhibitory.interneurons 0 0 0 0.05744238 0.01287287 -0.03431653 0.01693172 0.9992676 -0.9994109 0 -0.03432145
Radial.glia Osteoblasts 0 0 0 0.05744238 0.2829378 -0.03431653 0.01693172 0.9992676 -0.9994109 0 -0.03432145
Radial.glia Lens 0 0 0 0.05744238 0.02269558 -0.03431653 0.01693172 0.9992676 -0.9994109 0 -0.03432145
Radial.glia Chondroctye.progenitors 0 0 0 0.05744238 0.07546037 -0.03431653 0.01693172 0.9992676 -0.9994109 0 -0.03432145
Radial.glia Postmitotic.premature.neurons 0 0 0 0.05770439 0.09359441 -0.01288601 0.06498964 0.9978027 -0.9999166 0 -0.01291331
Radial.glia Stromal.cells 0 0 0 0.05744238 0.09730843 -0.03431653 0.01693172 0.9992676 -0.9994109 0 -0.03432145
Radial.glia Inhibitory.neuron.progenitors 0 0 0 0.05744238 0.04291637 -0.03431653 0.01693172 0.9992676 -0.9994109 0 -0.03432145
Radial.glia Cholinergic.neurons 0 0 0 0.05744238 0.004521138 -0.03431653 0.01693172 0.9992676 -0.9994109 0 -0.03432145
Radial.glia Granule.neurons 0 0 0 0.05744238 0.0547911 -0.03431653 0.01693172 0.9992676 -0.9994109 0 -0.03432145
Radial.glia Notochord.cells 0 0 0 0.05639698 0.0238608 -0.1724554 0.06801939 0.982666 -0.9849471 0 -0.1728557
Radial.glia Premature.oligodendrocyte 0 0 0 0.05744238 0.01686206 -0.03431653 0.01693172 0.9992676 -0.9994109 0 -0.03432145
Radial.glia Isthmic.organizer.cells 0.03389645 0.6066512 0.4571408 0.0558747 0.07414883 -0.1010978 0.1390777 0.9851074 -0.9947752 0 -0.10209
Radial.glia White.blood.cells 0 0 0 0.05744238 0.007769184 -0.03431653 0.01693172 0.9992676 -0.9994109 0 -0.03432145
Radial.glia Cardiac.muscle.lineages 0 0 0 0.05744238 0.11192 -0.03431653 0.01693172 0.9992676 -0.9994109 0 -0.03432145
Radial.glia Megakaryocytes 0 0 0 0.05744238 0.008423708 -0.03431653 0.01693172 0.9992676 -0.9994109 0 -0.03432145
Radial.glia Hepatocytes 0 0 0 0.05744238 0.00110653 -0.03431653 0.01693172 0.9992676 -0.9994109 0 -0.03432145
Neural.Tube Schwann.cell.precursor 0 0 0 0.08375684 0.02167108 -0.818154 0.007431732 0.5749512 -0.574967 0 -0.8181766
Neural.Tube Myocytes 0.002569183 0.02787751 0.01240496 0.0921597 0.2071094 0.5823271 0.8083736 0.0861816 -0.1464006 0 0.9892253
Neural.Tube Excitatory.neurons 0 0 0 0.08029408 0.1522438 -0.2310716 0.3312947 0.9147949 -0.9695479 0 -0.2449018
Neural.Tube Oligodendrocyte.Progenitors 0.04101127 0.4953287 0.4394203 0.08279607 0.09333038 -0.2083121 0.6910499 -0.6921387 0.9575706 0 -0.2881988
Neural.Tube Intermediate.Mesoderm 0.0005619336 0.006041745 0.005883215 0.09300848 0.09551471 0.1808926 0.85554 0.4851074 -0.936977 0 0.3493911
Neural.Tube Jaw.and.tooth.progenitors 0 0 0 0.07621313 0.205588 -0.03431653 0.01693172 0.9992676 -0.9994109 0 -0.03432145
Neural.Tube Inhibitory.neurons 0 0 0 0.07621313 0.06766903 -0.03431653 0.01693172 0.9992676 -0.9994109 0 -0.03432145
Neural.Tube Primitive.erythroid.lineage 0 0 0 0.07621313 0.005304581 -0.03431653 0.01693172 0.9992676 -0.9994109 0 -0.03432145
Neural.Tube Inhibitory.interneurons 0 0 0 0.07621313 0.01287287 -0.03431653 0.01693172 0.9992676 -0.9994109 0 -0.03432145
Neural.Tube Osteoblasts 0.002170237 0.02511945 0.007868244 0.08639665 0.2758222 0.608236 0.5477602 0.5744629 -0.6866347 0 0.7270025
Neural.Tube Lens 0 0 0 0.07621313 0.02269558 -0.03431653 0.01693172 0.9992676 -0.9994109 0 -0.03432145
Neural.Tube Chondroctye.progenitors 0 0 0 0.07621313 0.07546037 -0.03431653 0.01693172 0.9992676 -0.9994109 0 -0.03432145
Neural.Tube Postmitotic.premature.neurons 0 0 0 0.08106183 0.09057239 0.2224071 0.1744011 0.9592285 -0.9741578 0 0.2258686
Neural.Tube Stromal.cells 0.001460192 0.01662996 0.01508133 0.08780491 0.09682122 0.4981055 0.7635846 0.4108887 -0.6363384 0 0.77141
Neural.Tube Inhibitory.neuron.progenitors 0 0 0 0.07862267 0.04177288 0.0169663 0.1090042 0.9938965 -0.9998543 0 0.017068
Neural.Tube Cholinergic.neurons 0 0 0 0.07859678 0.004498437 -0.1010978 0.1390777 0.9851074 -0.9947752 0 -0.10209
Neural.Tube Granule.neurons 0 0 0 0.07621313 0.0547911 -0.03431653 0.01693172 0.9992676 -0.9994109 0 -0.03432145
Neural.Tube Notochord.cells 0.005941865 0.07180835 0.3882818 0.08274616 0.01530297 0.834505 0.4339051 -0.3395996 0.3769314 0 0.9262412
Neural.Tube Premature.oligodendrocyte 0 0 0 0.07621313 0.01686206 -0.03431653 0.01693172 0.9992676 -0.9994109 0 -0.03432145
Neural.Tube Isthmic.organizer.cells 0.0223897 0.2964721 0.3452602 0.07552042 0.06484877 -0.06546023 0.533888 -0.8430175 0.9969988 0 -0.07741686
Neural.Tube White.blood.cells 0 0 0 0.07621313 0.007769184 -0.03431653 0.01693172 0.9992676 -0.9994109 0 -0.03432145
Neural.Tube Cardiac.muscle.lineages 4.396796E-05 0.0005721739 0.0004540191 0.07684369 0.09684165 0.3588521 0.2143566 -0.9084473 0.9300662 0 0.367392
Neural.Tube Megakaryocytes 0 0 0 0.07621313 0.008423708 -0.03431653 0.01693172 0.9992676 -0.9994109 0 -0.03432145
Neural.Tube Hepatocytes 0 0 0 0.07621313 0.00110653 -0.03431653 0.01693172 0.9992676 -0.9994109 0 -0.03432145
Schwann.cell.precursor Myocytes 0 0 0 0.02679271 0.3185386 0.2073021 0.003277564 0.9782715 -0.9782767 0 0.2073032
Schwann.cell.precursor Excitatory.neurons 3.851943E-06 0.0004164183 4.083876E-05 0.009250178 0.09432076 -0.8908653 0.3199161 -0.3225098 0.3403992 0 -0.940281
Schwann.cell.precursor Oligodendrocyte.Progenitors 0 0 0 0.02779184 0.1148822 -0.3573058 0.0458512 0.9328613 -0.9338435 0 -0.357682
Schwann.cell.precursor Intermediate.Mesoderm 0 0 0 0.02801043 0.1245337 -0.03431653 0.01693172 0.9992676 -0.9994109 0 -0.03432145
Schwann.cell.precursor Jaw.and.tooth.progenitors 0 0 0 0.02801043 0.205588 -0.03431653 0.01693172 0.9992676 -0.9994109 0 -0.03432145
Schwann.cell.precursor Inhibitory.neurons 0 0 0 0.02801043 0.06766903 -0.03431653 0.01693172 0.9992676 -0.9994109 0 -0.03432145
Schwann.cell.precursor Primitive.erythroid.lineage 0 0 0 0.02801043 0.005304581 -0.03431653 0.01693172 0.9992676 -0.9994109 0 -0.03432145
Schwann.cell.precursor Inhibitory.interneurons 0 0 0 0.02801043 0.01287287 -0.03431653 0.01693172 0.9992676 -0.9994109 0 -0.03432145
Schwann.cell.precursor Osteoblasts 0 0 0 0.02711067 0.2660222 0.1755089 0.06725698 0.9821777 -0.9844068 0 0.1759073
Schwann.cell.precursor Lens 0 0 0 0.02801043 0.02269558 -0.03431653 0.01693172 0.9992676 -0.9994109 0 -0.03432145
Schwann.cell.precursor Chondroctye.progenitors 0 0 0 0.02801043 0.07546037 -0.03431653 0.01693172 0.9992676 -0.9994109 0 -0.03432145
Schwann.cell.precursor Postmitotic.premature.neurons 0 0 0 0.02801043 0.09452775 -0.03431653 0.01693172 0.9992676 -0.9994109 0 -0.03432145
Schwann.cell.precursor Stromal.cells 0 0 0 0.02801043 0.09730843 -0.03431653 0.01693172 0.9992676 -0.9994109 0 -0.03432145
Schwann.cell.precursor Inhibitory.neuron.progenitors 0 0 0 0.02801043 0.04291637 -0.03431653 0.01693172 0.9992676 -0.9994109 0 -0.03432145
Schwann.cell.precursor Cholinergic.neurons 0 0 0 0.02329228 0.003779813 0.3882964 0.4352773 0.8122559 -0.9022093 0 0.4312984
Schwann.cell.precursor Granule.neurons 0 0 0 0.02801043 0.0547911 -0.03431653 0.01693172 0.9992676 -0.9994109 0 -0.03432145
Schwann.cell.precursor Notochord.cells 0 0 0 0.01661768 0.0146334 0.7772095 0.1053434 0.6203613 -0.6238324 0 0.7815582
Schwann.cell.precursor Premature.oligodendrocyte 0 0 0 0.02801043 0.01686206 -0.03431653 0.01693172 0.9992676 -0.9994109 0 -0.03432145
Schwann.cell.precursor Isthmic.organizer.cells 0 0 0 0.0281156 0.07400794 -0.1153257 0.02846082 0.9929199 -0.9933223 0 -0.1153724
Schwann.cell.precursor White.blood.cells 0 0 0 0.02801043 0.007769184 -0.03431653 0.01693172 0.9992676 -0.9994109 0 -0.03432145
Schwann.cell.precursor Cardiac.muscle.lineages 0 0 0 0.02801043 0.11192 -0.03431653 0.01693172 0.9992676 -0.9994109 0 -0.03432145
Schwann.cell.precursor Megakaryocytes 0 0 0 0.02801043 0.008423708 -0.03431653 0.01693172 0.9992676 -0.9994109 0 -0.03432145
Schwann.cell.precursor Hepatocytes 0 0 0 0.02801043 0.00110653 -0.03431653 0.01693172 0.9992676 -0.9994109 0 -0.03432145
Myocytes Excitatory.neurons 0 0 0 0.2439091 0.09133061 0.6389964 0.1121761 0.7609863 -0.7658199 0 0.6430551
Myocytes Oligodendrocyte.Progenitors 0.002354963 0.01126685 0.03229314 0.2090171 0.07292457 0.1592604 0.9867798 0.03002927 -0.1852895 0 0.982684
Myocytes Intermediate.Mesoderm 0.07273021 0.3427392 0.6295949 0.2122027 0.1155191 0.6828247 0.7055248 0.1896973 -0.2676749 0 0.9635093
Myocytes Jaw.and.tooth.progenitors 0.06132594 0.2995906 0.4488871 0.2046991 0.1366177 0.6254014 0.7608619 0.1730957 -0.2667468 0 0.9637666
Myocytes Inhibitory.neurons 0.0003150374 0.001263357 0.005937011 0.2493654 0.05306331 -0.739195 0.2621882 -0.6203613 0.6428502 0 -0.7659919
Myocytes Primitive.erythroid.lineage 0 0 0 0.3284858 0.005304581 -0.03431653 0.01693172 0.9992676 -0.9994109 0 -0.03432145
Myocytes Inhibitory.interneurons 0.001253034 0.005316408 0.17534 0.2356919 0.007146312 0.7051328 0.05049068 0.7072754 -0.7081786 0 0.7060333
Myocytes Osteoblasts 0.140069 0.7846774 0.556569 0.1785052 0.2516651 0.2913826 0.7180327 0.6320801 -0.9081488 0 0.4186475
Myocytes Lens 0.004535602 0.02234816 0.3710428 0.2029519 0.01222393 0.6429136 0.7346884 0.2165528 -0.3192088 0 0.9476843
Myocytes Chondroctye.progenitors 0.01333371 0.0555239 0.3330238 0.2401435 0.0400383 -0.466989 0.8624788 0.1950684 -0.3854396 0 -0.9227331
Myocytes Postmitotic.premature.neurons 0 0 0 0.285315 0.08969763 0.4518901 0.03573929 0.8913574 -0.8919272 0 0.452179
Myocytes Stromal.cells 0.04931038 0.1799957 0.4206029 0.2739531 0.1172374 0.2977526 0.7736262 -0.5593262 0.8827162 0 0.4699064
Myocytes Inhibitory.neuron.progenitors 0 0 0 0.2691814 0.03898085 0.5269197 0.05848553 0.8479004 -0.8493543 0 0.5278232
Myocytes Cholinergic.neurons 0 0 0 0.3014484 0.003614288 0.3547372 0.01683701 0.9348145 -0.934947 0 0.3547874
Myocytes Granule.neurons 0 0 0 0.3049657 0.05170618 0.2810331 0.09154117 0.9553223 -0.9593503 0 0.282218
Myocytes Notochord.cells 0 0 0 0.3107457 0.01806852 0.2728818 0.02695352 0.9616699 -0.9620194 0 0.272981
Myocytes Premature.oligodendrocyte 0 0 0 0.3284858 0.01686206 -0.03431653 0.01693172 0.9992676 -0.9994109 0 -0.03432145
Myocytes Isthmic.organizer.cells 0.001017842 0.003279459 0.01112543 0.3103689 0.0914879 -0.5698659 0.1450315 0.8088379 -0.8174811 0 -0.5759555
Myocytes White.blood.cells 0 0 0 0.3229182 0.007264541 -0.2136004 0.03431214 0.9763184 -0.9768936 0 -0.2137263
Myocytes Cardiac.muscle.lineages 0.01679328 0.06555473 0.1537546 0.2561719 0.1092213 -0.5916602 0.8008599 -0.09252936 0.1545113 0 -0.987991
Myocytes Megakaryocytes 0 0 0 0.3192562 0.006889732 -0.2801453 0.02150143 0.9597168 -0.9599388 0 -0.28021
Myocytes Hepatocytes 0 0 0 0.3284858 0.00110653 -0.03431653 0.01693172 0.9992676 -0.9994109 0 -0.03432145
Excitatory.neurons Oligodendrocyte.Progenitors 0 0 0 0.1513545 0.1179791 -0.5525566 0.3937206 0.7346191 -0.7991678 0 -0.601108
Excitatory.neurons Intermediate.Mesoderm 0 0 0 0.1310556 0.1151212 0.2810331 0.09154117 0.9553223 -0.9593503 0 0.282218
Excitatory.neurons Jaw.and.tooth.progenitors 0 0 0 0.1240047 0.1726571 0.3585721 0.09682696 0.9284668 -0.93285 0 0.3602649
Excitatory.neurons Inhibitory.neurons 0.03705589 0.3134925 0.6758601 0.1182034 0.05482775 0.358859 0.2264027 0.9055176 -0.9296573 0 0.3684256
Excitatory.neurons Primitive.erythroid.lineage 0 0 0 0.160548 0.005304581 -0.03431653 0.01693172 0.9992676 -0.9994109 0 -0.03432145
Excitatory.neurons Inhibitory.interneurons 0.001558615 0.0146657 0.2061376 0.1062762 0.007561042 -0.8130654 0.5432752 0.2092285 -0.2492137 0 -0.9684485
Excitatory.neurons Osteoblasts 0 0 0 0.1195857 0.2557113 0.3860915 0.1394099 0.9118652 -0.9208577 0 0.389899
Excitatory.neurons Lens 0 0 0 0.160548 0.02269558 -0.03431653 0.01693172 0.9992676 -0.9994109 0 -0.03432145
Excitatory.neurons Chondroctye.progenitors 0 0 0 0.1195857 0.06732464 0.3860915 0.1394099 0.9118652 -0.9208577 0 0.389899
Excitatory.neurons Postmitotic.premature.neurons 0.03758074 0.6046249 0.5614569 0.06215546 0.06693432 0.1769718 0.9499155 0.2575684 -0.8242009 0 0.5662976
Excitatory.neurons Stromal.cells 0 0 0 0.1340128 0.09388176 0.23438 0.1128214 0.9655762 -0.9717807 0 0.2358861
Excitatory.neurons Inhibitory.neuron.progenitors 0.01611729 0.1851571 0.4715136 0.08704658 0.03418203 -0.7457936 0.1951157 -0.636963 0.6494451 0 -0.7604085
Excitatory.neurons Cholinergic.neurons 0.001218474 0.01442264 0.4662148 0.08448344 0.002613546 -0.7980061 0.0579819 -0.5998536 0.6008645 0 -0.7993509
Excitatory.neurons Granule.neurons 0.01038491 0.08992522 0.3231387 0.1154839 0.03213763 -0.9115743 0.3575915 0.2028808 -0.2172455 0 -0.976117
Excitatory.neurons Notochord.cells 0 0 0 0.1338566 0.0259819 0.08645777 0.329509 0.9401855 -0.9957985 0 0.09157184
Excitatory.neurons Premature.oligodendrocyte 0 0 0 0.160548 0.01686206 -0.03431653 0.01693172 0.9992676 -0.9994109 0 -0.03432145
Excitatory.neurons Isthmic.organizer.cells 0 0 0 0.1730761 0.0857867 -0.4230307 0.1366509 0.895752 -0.9042343 0 -0.4270366
Excitatory.neurons White.blood.cells 0 0 0 0.1766951 0.006695562 -0.3573058 0.0458512 0.9328613 -0.9338435 0 -0.357682
Excitatory.neurons Cardiac.muscle.lineages 0 0 0 0.1026804 0.1242291 0.569857 0.03388599 0.8210449 -0.8215167 0 0.5701845
Excitatory.neurons Megakaryocytes 0 0 0 0.126275 0.01012633 0.3177997 0.1334422 0.9387207 -0.9471918 0 0.3206675
Excitatory.neurons Hepatocytes 0 0 0 0.160548 0.00110653 -0.03431653 0.01693172 0.9992676 -0.9994109 0 -0.03432145
Oligodendrocyte.Progenitors Intermediate.Mesoderm 0 0 0 0.1212944 0.1245337 -0.03431653 0.01693172 0.9992676 -0.9994109 0 -0.03432145
Oligodendrocyte.Progenitors Jaw.and.tooth.progenitors 0 0 0 0.1195531 0.1868932 0.2073021 0.003277564 0.9782715 -0.9782767 0 0.2073032
Oligodendrocyte.Progenitors Inhibitory.neurons 0 0 0 0.1206195 0.06880961 -0.1153257 0.02846082 0.9929199 -0.9933223 0 -0.1153724
Oligodendrocyte.Progenitors Primitive.erythroid.lineage 0 0 0 0.1212944 0.005304581 -0.03431653 0.01693172 0.9992676 -0.9994109 0 -0.03432145
Oligodendrocyte.Progenitors Inhibitory.interneurons 6.159285E-05 0.0005626293 0.008980048 0.1094732 0.006858855 -0.0843403 0.6113344 0.7868652 -0.9943047 0 -0.1065747
Oligodendrocyte.Progenitors Osteoblasts 0 0 0 0.1211029 0.2699237 0.1077844 0.05883846 0.9924316 -0.994154 0 0.1079714
Oligodendrocyte.Progenitors Lens 0 0 0 0.1212944 0.02269558 -0.03431653 0.01693172 0.9992676 -0.9994109 0 -0.03432145
Oligodendrocyte.Progenitors Chondroctye.progenitors 0 0 0 0.1212944 0.07546037 -0.03431653 0.01693172 0.9992676 -0.9994109 0 -0.03432145
Oligodendrocyte.Progenitors Postmitotic.premature.neurons 1.903783E-05 0.0002025623 0.0002829094 0.09398504 0.06729303 -0.1234356 0.8634983 0.4890137 -0.9695885 0 -0.2447412
Oligodendrocyte.Progenitors Stromal.cells 0 0 0 0.1212944 0.09730843 -0.03431653 0.01693172 0.9992676 -0.9994109 0 -0.03432145
Oligodendrocyte.Progenitors Inhibitory.neuron.progenitors 0 0 0 0.1137466 0.04400361 -0.4165192 0.07526719 0.9060059 -0.9085831 0 -0.417704
Oligodendrocyte.Progenitors Cholinergic.neurons 0 0 0 0.1212944 0.004521138 -0.03431653 0.01693172 0.9992676 -0.9994109 0 -0.03432145
Oligodendrocyte.Progenitors Granule.neurons 0.004871878 0.04670117 0.1169939 0.1043203 0.04164215 0.5184682 0.6952577 0.4978027 -0.6925849 0 0.7213364
Oligodendrocyte.Progenitors Notochord.cells 0 0 0 0.1172892 0.02485526 -0.5321614 0.03431349 0.8459473 -0.8464457 0 -0.532475
Oligodendrocyte.Progenitors Premature.oligodendrocyte 0.009310486 0.07684328 0.5668092 0.121162 0.01642614 0.04742682 0.01380628 0.9987793 -0.9988745 0 0.04743133
Oligodendrocyte.Progenitors Isthmic.organizer.cells 0.05951357 0.6914181 0.8244074 0.08607464 0.07218951 -0.2092741 0.8185802 -0.5349121 0.931266 0 -0.3643399
Oligodendrocyte.Progenitors White.blood.cells 0 0 0 0.1212944 0.007769184 -0.03431653 0.01693172 0.9992676 -0.9994109 0 -0.03432145
Oligodendrocyte.Progenitors Cardiac.muscle.lineages 0 0 0 0.1212944 0.11192 -0.03431653 0.01693172 0.9992676 -0.9994109 0 -0.03432145
Oligodendrocyte.Progenitors Megakaryocytes 0 0 0 0.1212944 0.008423708 -0.03431653 0.01693172 0.9992676 -0.9994109 0 -0.03432145
Oligodendrocyte.Progenitors Hepatocytes 0 0 0 0.1212944 0.00110653 -0.03431653 0.01693172 0.9992676 -0.9994109 0 -0.03432145
Intermediate.Mesoderm Jaw.and.tooth.progenitors 0.04490767 0.4333943 0.3223545 0.1036185 0.1393114 0.4685255 0.8781708 0.09643561 -0.2016017 0 0.9794676
Intermediate.Mesoderm Inhibitory.neurons 0 0 0 0.1141091 0.05953428 0.2224071 0.1744011 0.9592285 -0.9741578 0 0.2258686
Intermediate.Mesoderm Primitive.erythroid.lineage 0 0 0 0.1245337 0.005304581 -0.03431653 0.01693172 0.9992676 -0.9994109 0 -0.03432145
Intermediate.Mesoderm Inhibitory.interneurons 0 0 0 0.1245337 0.01287287 -0.03431653 0.01693172 0.9992676 -0.9994109 0 -0.03432145
Intermediate.Mesoderm Osteoblasts 0.02561906 0.268293 0.1012872 0.09548911 0.2529348 -0.05486461 0.8184017 -0.5720214 0.9954318 0 -0.0954754
Intermediate.Mesoderm Lens 0 0 0 0.1294449 0.01747035 -0.2801453 0.02150143 0.9597168 -0.9599388 0 -0.28021
Intermediate.Mesoderm Chondroctye.progenitors 0.008210057 0.08856664 0.1889489 0.09269921 0.04345122 -0.3790421 0.8419297 -0.3840332 0.7117166 0 -0.7024667
Intermediate.Mesoderm Postmitotic.premature.neurons 0 0 0 0.1245337 0.09452775 -0.03431653 0.01693172 0.9992676 -0.9994109 0 -0.03432145
Intermediate.Mesoderm Stromal.cells 0.043495 0.4646584 0.4689518 0.09360641 0.09274942 -0.01161461 0.7486693 0.6628418 -0.9998465 0 -0.01751976
Intermediate.Mesoderm Inhibitory.neuron.progenitors 0 0 0 0.1168707 0.04143806 0.1755089 0.06725698 0.9821777 -0.9844068 0 0.1759073
Intermediate.Mesoderm Cholinergic.neurons 0 0 0 0.1181993 0.004166779 0.1493689 0.02250491 0.9885254 -0.9887758 0 0.1494068
Intermediate.Mesoderm Granule.neurons 0 0 0 0.1245337 0.0547911 -0.03431653 0.01693172 0.9992676 -0.9994109 0 -0.03432145
Intermediate.Mesoderm Notochord.cells 0 0 0 0.1168707 0.02019348 0.1755089 0.06725698 0.9821777 -0.9844068 0 0.1759073
Intermediate.Mesoderm Premature.oligodendrocyte 0 0 0 0.1245337 0.01686206 -0.03431653 0.01693172 0.9992676 -0.9994109 0 -0.03432145
Intermediate.Mesoderm Isthmic.organizer.cells 0 0 0 0.1245337 0.07177507 -0.03431653 0.01693172 0.9992676 -0.9994109 0 -0.03432145
Intermediate.Mesoderm White.blood.cells 0 0 0 0.1245337 0.007769184 -0.03431653 0.01693172 0.9992676 -0.9994109 0 -0.03432145
Intermediate.Mesoderm Cardiac.muscle.lineages 0.03410888 0.3721138 0.6192285 0.0916625 0.05508287 0.02119813 0.9660275 -0.2575683 0.9966303 0 0.08202369
Intermediate.Mesoderm Megakaryocytes 0 0 0 0.1245337 0.008423708 -0.03431653 0.01693172 0.9992676 -0.9994109 0 -0.03432145
Intermediate.Mesoderm Hepatocytes 0 0 0 0.1245337 0.00110653 -0.03431653 0.01693172 0.9992676 -0.9994109 0 -0.03432145
Jaw.and.tooth.progenitors Inhibitory.neurons 0 0 0 0.1726571 0.05840831 0.3585721 0.09682696 0.9284668 -0.93285 0 0.3602649
Jaw.and.tooth.progenitors Primitive.erythroid.lineage 0 0 0 0.205588 0.005304581 -0.03431653 0.01693172 0.9992676 -0.9994109 0 -0.03432145
Jaw.and.tooth.progenitors Inhibitory.interneurons 0 0 0 0.1853021 0.008341556 0.2289817 0.05414301 0.9719238 -0.9733515 0 0.229318
Jaw.and.tooth.progenitors Osteoblasts 0.08675008 0.6236416 0.2992814 0.1391024 0.2898612 0.3859433 0.9218982 -0.03393551 0.0875908 0 0.9961566
Jaw.and.tooth.progenitors Lens 0 0 0 0.205588 0.02269558 -0.03431653 0.01693172 0.9992676 -0.9994109 0 -0.03432145
Jaw.and.tooth.progenitors Chondroctye.progenitors 0.03109005 0.1880986 0.7919778 0.165286 0.03925622 -0.4110839 0.9063253 0.0979004 -0.2316727 0 -0.9727938
Jaw.and.tooth.progenitors Postmitotic.premature.neurons 0 0 0 0.190049 0.09024289 0.1755089 0.06725698 0.9821777 -0.9844068 0 0.1759073
Jaw.and.tooth.progenitors Stromal.cells 0.06432745 0.4560889 0.6489226 0.1410415 0.09912961 0.6108671 0.6238089 0.4875488 -0.6238014 0 0.7815829
Jaw.and.tooth.progenitors Inhibitory.neuron.progenitors 0 0 0 0.1805307 0.04097205 0.2810331 0.09154117 0.9553223 -0.9593503 0 0.282218
Jaw.and.tooth.progenitors Cholinergic.neurons 0 0 0 0.1919429 0.004166779 0.1493689 0.02250491 0.9885254 -0.9887758 0 0.1494068
Jaw.and.tooth.progenitors Granule.neurons 0 0 0 0.205588 0.0547911 -0.03431653 0.01693172 0.9992676 -0.9994109 0 -0.03432145
Jaw.and.tooth.progenitors Notochord.cells 0 0 0 0.205588 0.02178627 -0.03431653 0.01693172 0.9992676 -0.9994109 0 -0.03432145
Jaw.and.tooth.progenitors Premature.oligodendrocyte 0 0 0 0.205588 0.01686206 -0.03431653 0.01693172 0.9992676 -0.9994109 0 -0.03432145
Jaw.and.tooth.progenitors Isthmic.organizer.cells 0 0 0 0.1919429 0.07021857 0.1493689 0.02250491 0.9885254 -0.9887758 0 0.1494068
Jaw.and.tooth.progenitors White.blood.cells 0 0 0 0.214369 0.007305047 -0.163272 0.004171492 0.9865723 -0.9865808 0 -0.1632735
Jaw.and.tooth.progenitors Cardiac.muscle.lineages 0.02327768 0.1513298 0.4276699 0.1538208 0.05442907 0.1975617 0.9622394 0.1872558 -0.6879229 0 0.7257838
Jaw.and.tooth.progenitors Megakaryocytes 0 0 0 0.2223244 0.006379125 -0.3573058 0.0458512 0.9328613 -0.9338435 0 -0.357682
Jaw.and.tooth.progenitors Hepatocytes 0 0 0 0.205588 0.00110653 -0.03431653 0.01693172 0.9992676 -0.9994109 0 -0.03432145
Inhibitory.neurons Primitive.erythroid.lineage 0 0 0 0.06766903 0.005304581 -0.03431653 0.01693172 0.9992676 -0.9994109 0 -0.03432145
Inhibitory.neurons Inhibitory.interneurons 0.002639007 0.04532432 0.3421749 0.05822496 0.00771245 -0.5419809 0.5277042 0.6540527 -0.7699918 0 -0.6380538
Inhibitory.neurons Osteoblasts 0 0 0 0.05557036 0.2483135 0.2546578 0.2786151 0.9260254 -0.9642051 0 0.2651573
Inhibitory.neurons Lens 0 0 0 0.06766903 0.02269558 -0.03431653 0.01693172 0.9992676 -0.9994109 0 -0.03432145
Inhibitory.neurons Chondroctye.progenitors 0 0 0 0.05657738 0.06732464 0.3860915 0.1394099 0.9118652 -0.9208577 0 0.389899
Inhibitory.neurons Postmitotic.premature.neurons 0.02368714 0.4661194 0.2708183 0.05081776 0.08746508 0.36449 0.4838195 0.7956543 -0.9091448 0 0.4164801
Inhibitory.neurons Stromal.cells 0 0 0 0.06165071 0.09166939 0.1193396 0.1608564 0.9797363 -0.992663 0 0.1209141
Inhibitory.neurons Inhibitory.neuron.progenitors 0.01101455 0.2174067 0.2944652 0.05066332 0.03740526 0.6600751 0.02648859 0.7507324 -0.750996 0 0.6603068
Inhibitory.neurons Cholinergic.neurons 0 0 0 0.06766903 0.004521138 -0.03431653 0.01693172 0.9992676 -0.9994109 0 -0.03432145
Inhibitory.neurons Granule.neurons 0.0004061962 0.007109892 0.02645845 0.05713113 0.01535223 -0.5034958 0.8515314 -0.1462402 0.2789229 0 -0.9603136
Inhibitory.neurons Notochord.cells 0 0 0 0.06766903 0.02178627 -0.03431653 0.01693172 0.9992676 -0.9994109 0 -0.03432145
Inhibitory.neurons Premature.oligodendrocyte 0 0 0 0.06766903 0.01686206 -0.03431653 0.01693172 0.9992676 -0.9994109 0 -0.03432145
Inhibitory.neurons Isthmic.organizer.cells 0 0 0 0.06766903 0.07177507 -0.03431653 0.01693172 0.9992676 -0.9994109 0 -0.03432145
Inhibitory.neurons White.blood.cells 0 0 0 0.0702891 0.007264541 -0.2136004 0.03431214 0.9763184 -0.9768936 0 -0.2137263
Inhibitory.neurons Cardiac.muscle.lineages 0 0 0 0.0516617 0.1250755 0.5880368 0.08416376 0.8044434 -0.8073078 0 0.5901307
Inhibitory.neurons Megakaryocytes 0 0 0 0.06750909 0.008149402 -0.153338 0.1360763 0.9787598 -0.9879493 0 -0.1547777
Inhibitory.neurons Hepatocytes 0 0 0 0.06766903 0.00110653 -0.03431653 0.01693172 0.9992676 -0.9994109 0 -0.03432145
Primitive.erythroid.lineage Inhibitory.interneurons 0 0 0 0.005304581 0.01287287 -0.03431653 0.01693172 0.9992676 -0.9994109 0 -0.03432145
Primitive.erythroid.lineage Osteoblasts 0 0 0 0.005304581 0.2829378 -0.03431653 0.01693172 0.9992676 -0.9994109 0 -0.03432145
Primitive.erythroid.lineage Lens 0 0 0 0.005304581 0.02269558 -0.03431653 0.01693172 0.9992676 -0.9994109 0 -0.03432145
Primitive.erythroid.lineage Chondroctye.progenitors 0 0 0 0.005304581 0.07546037 -0.03431653 0.01693172 0.9992676 -0.9994109 0 -0.03432145
Primitive.erythroid.lineage Postmitotic.premature.neurons 0 0 0 0.005304581 0.09452775 -0.03431653 0.01693172 0.9992676 -0.9994109 0 -0.03432145
Primitive.erythroid.lineage Stromal.cells 0 0 0 0.005304581 0.09730843 -0.03431653 0.01693172 0.9992676 -0.9994109 0 -0.03432145
Primitive.erythroid.lineage Inhibitory.neuron.progenitors 0 0 0 0.005304581 0.04291637 -0.03431653 0.01693172 0.9992676 -0.9994109 0 -0.03432145
Primitive.erythroid.lineage Cholinergic.neurons 0 0 0 0.005304581 0.004521138 -0.03431653 0.01693172 0.9992676 -0.9994109 0 -0.03432145
Primitive.erythroid.lineage Granule.neurons 0 0 0 0.005304581 0.0547911 -0.03431653 0.01693172 0.9992676 -0.9994109 0 -0.03432145
Primitive.erythroid.lineage Notochord.cells 0 0 0 0.005304581 0.02178627 -0.03431653 0.01693172 0.9992676 -0.9994109 0 -0.03432145
Primitive.erythroid.lineage Premature.oligodendrocyte 0 0 0 0.005304581 0.01686206 -0.03431653 0.01693172 0.9992676 -0.9994109 0 -0.03432145
Primitive.erythroid.lineage Isthmic.organizer.cells 0 0 0 0.005304581 0.07177507 -0.03431653 0.01693172 0.9992676 -0.9994109 0 -0.03432145
Primitive.erythroid.lineage White.blood.cells 0 0 0 0.005304581 0.007769184 -0.03431653 0.01693172 0.9992676 -0.9994109 0 -0.03432145
Primitive.erythroid.lineage Cardiac.muscle.lineages 0 0 0 0.005304581 0.11192 -0.03431653 0.01693172 0.9992676 -0.9994109 0 -0.03432145
Primitive.erythroid.lineage Megakaryocytes 0 0 0 0.005304581 0.008423708 -0.03431653 0.01693172 0.9992676 -0.9994109 0 -0.03432145
Primitive.erythroid.lineage Hepatocytes 0 0 0 0.005304581 0.00110653 -0.03431653 0.01693172 0.9992676 -0.9994109 0 -0.03432145
Inhibitory.interneurons Osteoblasts 0 0 0 0.007356409 0.2580824 0.1710274 0.1756515 0.9694824 -0.9847935 0 0.1737285
Inhibitory.interneurons Lens 0 0 0 0.01287287 0.02269558 -0.03431653 0.01693172 0.9992676 -0.9994109 0 -0.03432145
Inhibitory.interneurons Chondroctye.progenitors 0 0 0 0.00817665 0.07101445 0.2728818 0.02695352 0.9616699 -0.9620194 0 0.272981
Inhibitory.interneurons Postmitotic.premature.neurons 0.0004949885 0.06635383 0.006199605 0.007459834 0.07984195 -0.7444654 0.3630869 -0.5603027 0.6013411 0 -0.7989924
Inhibitory.interneurons Stromal.cells 0 0 0 0.01287287 0.09730843 -0.03431653 0.01693172 0.9992676 -0.9994109 0 -0.03432145
Inhibitory.interneurons Inhibitory.neuron.progenitors 0 0 0 0.01845927 0.04590742 -0.6801735 0.03577337 0.7321777 -0.7326467 0 -0.6806092
Inhibitory.interneurons Cholinergic.neurons 0 0 0 0.01287287 0.004521138 -0.03431653 0.01693172 0.9992676 -0.9994109 0 -0.03432145
Inhibitory.interneurons Granule.neurons 0 0 0 0.007356409 0.05236878 0.1710274 0.1756515 0.9694824 -0.9847935 0 0.1737285
Inhibitory.interneurons Notochord.cells 0 0 0 0.01287287 0.02178627 -0.03431653 0.01693172 0.9992676 -0.9994109 0 -0.03432145
Inhibitory.interneurons Premature.oligodendrocyte 0 0 0 0.01287287 0.01686206 -0.03431653 0.01693172 0.9992676 -0.9994109 0 -0.03432145
Inhibitory.interneurons Isthmic.organizer.cells 0 0 0 0.01287287 0.07177507 -0.03431653 0.01693172 0.9992676 -0.9994109 0 -0.03432145
Inhibitory.interneurons White.blood.cells 0 0 0 0.00817665 0.008251512 0.2728818 0.02695352 0.9616699 -0.9620194 0 0.272981
Inhibitory.interneurons Cardiac.muscle.lineages 0 0 0 0.006289534 0.1131749 0.4227867 0.09136975 0.9016113 -0.9053986 0 0.4245626
Inhibitory.interneurons Megakaryocytes 0 0 0 0.008145062 0.009607546 0.1193396 0.1608564 0.9797363 -0.992663 0 0.1209141
Inhibitory.interneurons Hepatocytes 0 0 0 0.01287287 0.00110653 -0.03431653 0.01693172 0.9992676 -0.9994109 0 -0.03432145
Osteoblasts Lens 0.002066416 0.00677677 0.1586206 0.3049263 0.01302741 0.658717 0.706036 0.2600097 -0.3671542 0 0.9301601
Osteoblasts Chondroctye.progenitors 0.0211902 0.08286084 0.5251249 0.2557324 0.04035268 -0.3650425 0.9282762 0.07104494 -0.1910367 0 -0.9815829
Osteoblasts Postmitotic.premature.neurons 0 0 0 0.2672588 0.08991096 0.2073021 0.003277564 0.9782715 -0.9782767 0 0.2073032
Osteoblasts Stromal.cells 0.01946583 0.0702417 0.19056 0.2771265 0.1021507 0.2974121 0.9453634 0.1335449 -0.4096235 0 0.9122548
Osteoblasts Inhibitory.neuron.progenitors 0 0 0 0.2537786 0.04130577 0.2718759 0.1597833 0.9489746 -0.9613256 0 0.2754143
Osteoblasts Cholinergic.neurons 0 0 0 0.2573393 0.003764821 0.2810331 0.09154117 0.9553223 -0.9593503 0 0.282218
Osteoblasts Granule.neurons 0 0 0 0.2829378 0.0547911 -0.03431653 0.01693172 0.9992676 -0.9994109 0 -0.03432145
Osteoblasts Notochord.cells 0 0 0 0.2672588 0.01861348 0.2073021 0.003277564 0.9782715 -0.9782767 0 0.2073032
Osteoblasts Premature.oligodendrocyte 0 0 0 0.2829378 0.01686206 -0.03431653 0.01693172 0.9992676 -0.9994109 0 -0.03432145
Osteoblasts Isthmic.organizer.cells 0 0 0 0.2615125 0.07130937 0.2728818 0.02695352 0.9616699 -0.9620194 0 0.272981
Osteoblasts White.blood.cells 0 0 0 0.2829378 0.007769184 -0.03431653 0.01693172 0.9992676 -0.9994109 0 -0.03432145
Osteoblasts Cardiac.muscle.lineages 0.04746072 0.1967659 0.6894972 0.241204 0.06883381 -0.2690089 0.8484521 0.4558105 -0.8612025 0 -0.5082619
Osteoblasts Megakaryocytes 0 0 0 0.2979322 0.007625491 -0.163272 0.004171492 0.9865723 -0.9865808 0 -0.1632735
Osteoblasts Hepatocytes 0 0 0 0.2829378 0.00110653 -0.03431653 0.01693172 0.9992676 -0.9994109 0 -0.03432145
Lens Chondroctye.progenitors 0 0 0 0.02269558 0.07546037 -0.03431653 0.01693172 0.9992676 -0.9994109 0 -0.03432145
Lens Postmitotic.premature.neurons 0 0 0 0.02269558 0.09452775 -0.03431653 0.01693172 0.9992676 -0.9994109 0 -0.03432145
Lens Stromal.cells 0 0 0 0.02269558 0.09730843 -0.03431653 0.01693172 0.9992676 -0.9994109 0 -0.03432145
Lens Inhibitory.neuron.progenitors 0 0 0 0.02269558 0.04291637 -0.03431653 0.01693172 0.9992676 -0.9994109 0 -0.03432145
Lens Cholinergic.neurons 0 0 0 0.02269558 0.004521138 -0.03431653 0.01693172 0.9992676 -0.9994109 0 -0.03432145
Lens Granule.neurons 0 0 0 0.02269558 0.0547911 -0.03431653 0.01693172 0.9992676 -0.9994109 0 -0.03432145
Lens Notochord.cells 0 0 0 0.02269558 0.02178627 -0.03431653 0.01693172 0.9992676 -0.9994109 0 -0.03432145
Lens Premature.oligodendrocyte 0 0 0 0.02269558 0.01686206 -0.03431653 0.01693172 0.9992676 -0.9994109 0 -0.03432145
Lens Isthmic.organizer.cells 0 0 0 0.02269558 0.07177507 -0.03431653 0.01693172 0.9992676 -0.9994109 0 -0.03432145
Lens White.blood.cells 0 0 0 0.02269558 0.007769184 -0.03431653 0.01693172 0.9992676 -0.9994109 0 -0.03432145
Lens Cardiac.muscle.lineages 0 0 0 0.02269558 0.11192 -0.03431653 0.01693172 0.9992676 -0.9994109 0 -0.03432145
Lens Megakaryocytes 0 0 0 0.02269558 0.008423708 -0.03431653 0.01693172 0.9992676 -0.9994109 0 -0.03432145
Lens Hepatocytes 0 0 0 0.02269558 0.00110653 -0.03431653 0.01693172 0.9992676 -0.9994109 0 -0.03432145
Chondroctye.progenitors Postmitotic.premature.neurons 0 0 0 0.07239701 0.08991096 0.2073021 0.003277564 0.9782715 -0.9782767 0 0.2073032
Chondroctye.progenitors Stromal.cells 0.009149339 0.1850045 0.06772694 0.04945468 0.1350916 0.8815009 0.3171099 -0.3498535 0.3688925 0 0.929472
Chondroctye.progenitors Inhibitory.neuron.progenitors 0 0 0 0.07239701 0.04148331 0.2073021 0.003277564 0.9782715 -0.9782767 0 0.2073032
Chondroctye.progenitors Cholinergic.neurons 0 0 0 0.07546037 0.004521138 -0.03431653 0.01693172 0.9992676 -0.9994109 0 -0.03432145
Chondroctye.progenitors Granule.neurons 0 0 0 0.07546037 0.0547911 -0.03431653 0.01693172 0.9992676 -0.9994109 0 -0.03432145
Chondroctye.progenitors Notochord.cells 0 0 0 0.07546037 0.02178627 -0.03431653 0.01693172 0.9992676 -0.9994109 0 -0.03432145
Chondroctye.progenitors Premature.oligodendrocyte 0 0 0 0.07546037 0.01686206 -0.03431653 0.01693172 0.9992676 -0.9994109 0 -0.03432145
Chondroctye.progenitors Isthmic.organizer.cells 0 0 0 0.07546037 0.07177507 -0.03431653 0.01693172 0.9992676 -0.9994109 0 -0.03432145
Chondroctye.progenitors White.blood.cells 0 0 0 0.07596263 0.007585089 -0.1153257 0.02846082 0.9929199 -0.9933223 0 -0.1153724
Chondroctye.progenitors Cardiac.muscle.lineages 0.01802745 0.393245 0.3593568 0.0458428 0.05016588 0.146388 0.9856765 -0.0837402 0.4965409 0 0.8680133
Chondroctye.progenitors Megakaryocytes 0 0 0 0.07596263 0.008016381 -0.1153257 0.02846082 0.9929199 -0.9933223 0 -0.1153724
Chondroctye.progenitors Hepatocytes 0 0 0 0.07546037 0.00110653 -0.03431653 0.01693172 0.9992676 -0.9994109 0 -0.03432145
Postmitotic.premature.neurons Stromal.cells 0 0 0 0.09249075 0.09826936 0.04742682 0.01380628 0.9987793 -0.9988745 0 0.04743133
Postmitotic.premature.neurons Inhibitory.neuron.progenitors 0.006375386 0.08740322 0.2090727 0.07294223 0.03049363 -0.7984569 0.5367481 -0.2727051 0.3232089 0 -0.9463276
Postmitotic.premature.neurons Cholinergic.neurons 0 0 0 0.09452775 0.004521138 -0.03431653 0.01693172 0.9992676 -0.9994109 0 -0.03432145
Postmitotic.premature.neurons Granule.neurons 0.01099902 0.1800982 0.6815874 0.06107236 0.01613736 -0.4787381 0.8719205 -0.1027832 0.2099127 0 -0.9777201
Postmitotic.premature.neurons Notochord.cells 0 0 0 0.09452775 0.02178627 -0.03431653 0.01693172 0.9992676 -0.9994109 0 -0.03432145
Postmitotic.premature.neurons Premature.oligodendrocyte 0 0 0 0.0977494 0.01786063 -0.1724554 0.06801939 0.982666 -0.9849471 0 -0.1728557
Postmitotic.premature.neurons Isthmic.organizer.cells 0 0 0 0.0903585 0.0776023 -0.19514 0.379112 0.904541 -0.9775115 0 -0.2108822
Postmitotic.premature.neurons White.blood.cells 0 0 0 0.08991096 0.008108469 0.2073021 0.003277564 0.9782715 -0.9782767 0 0.2073032
Postmitotic.premature.neurons Cardiac.muscle.lineages 0 0 0 0.09037337 0.1142325 0.3215272 0.05887337 0.9450684 -0.9467105 0 0.3220858
Postmitotic.premature.neurons Megakaryocytes 0 0 0 0.08991096 0.00938311 0.2073021 0.003277564 0.9782715 -0.9782767 0 0.2073032
Postmitotic.premature.neurons Hepatocytes 0 0 0 0.09452775 0.00110653 -0.03431653 0.01693172 0.9992676 -0.9994109 0 -0.03432145
Stromal.cells Inhibitory.neuron.progenitors 0 0 0 0.09436469 0.04172362 0.1254137 0.1091319 0.986084 -0.992009 0 0.1261673
Stromal.cells Cholinergic.neurons 0 0 0 0.09825301 0.004166779 0.1493689 0.02250491 0.9885254 -0.9887758 0 0.1494068
Stromal.cells Granule.neurons 0 0 0 0.09730843 0.0547911 -0.03431653 0.01693172 0.9992676 -0.9994109 0 -0.03432145
Stromal.cells Notochord.cells 0 0 0 0.09825301 0.01968147 0.1493689 0.02250491 0.9885254 -0.9887758 0 0.1494068
Stromal.cells Premature.oligodendrocyte 0 0 0 0.09730843 0.01686206 -0.03431653 0.01693172 0.9992676 -0.9994109 0 -0.03432145
Stromal.cells Isthmic.organizer.cells 0 0 0 0.09730843 0.07177507 -0.03431653 0.01693172 0.9992676 -0.9994109 0 -0.03432145
Stromal.cells White.blood.cells 0 0 0 0.09730843 0.007769184 -0.03431653 0.01693172 0.9992676 -0.9994109 0 -0.03432145
Stromal.cells Cardiac.muscle.lineages 0.03302228 0.3412477 0.4080481 0.09676922 0.08092742 -0.109921 0.7313409 0.6730957 -0.9869264 0 -0.1611716
Stromal.cells Megakaryocytes 0 0 0 0.09730843 0.008423708 -0.03431653 0.01693172 0.9992676 -0.9994109 0 -0.03432145
Stromal.cells Hepatocytes 0 0 0 0.09730843 0.00110653 -0.03431653 0.01693172 0.9992676 -0.9994109 0 -0.03432145
Inhibitory.neuron.progenitors Cholinergic.neurons 0 0 0 0.04291637 0.004521138 -0.03431653 0.01693172 0.9992676 -0.9994109 0 -0.03432145
Inhibitory.neuron.progenitors Granule.neurons 0 0 0 0.04314214 0.05550034 -0.1153257 0.02846082 0.9929199 -0.9933223 0 -0.1153724
Inhibitory.neuron.progenitors Notochord.cells 0 0 0 0.04291637 0.02178627 -0.03431653 0.01693172 0.9992676 -0.9994109 0 -0.03432145
Inhibitory.neuron.progenitors Premature.oligodendrocyte 0 0 0 0.04291637 0.01686206 -0.03431653 0.01693172 0.9992676 -0.9994109 0 -0.03432145
Inhibitory.neuron.progenitors Isthmic.organizer.cells 0 0 0 0.04075686 0.07588648 -0.1560896 0.2395605 0.958252 -0.9869917 0 -0.160771
Inhibitory.neuron.progenitors White.blood.cells 0 0 0 0.04386478 0.007305047 -0.163272 0.004171492 0.9865723 -0.9865808 0 -0.1632735
Inhibitory.neuron.progenitors Cardiac.muscle.lineages 0 0 0 0.0400072 0.113666 0.3547372 0.01683701 0.9348145 -0.934947 0 0.3547874
Inhibitory.neuron.progenitors Megakaryocytes 0 0 0 0.04148331 0.00938311 0.2073021 0.003277564 0.9782715 -0.9782767 0 0.2073032
Inhibitory.neuron.progenitors Hepatocytes 0 0 0 0.04291637 0.00110653 -0.03431653 0.01693172 0.9992676 -0.9994109 0 -0.03432145
Cholinergic.neurons Granule.neurons 0 0 0 0.004521138 0.0547911 -0.03431653 0.01693172 0.9992676 -0.9994109 0 -0.03432145
Cholinergic.neurons Notochord.cells 0 0 0 0.004391991 0.02485382 -0.05303492 0.1855574 0.9812012 -0.9985424 0 -0.05397223
Cholinergic.neurons Premature.oligodendrocyte 0 0 0 0.004521138 0.01686206 -0.03431653 0.01693172 0.9992676 -0.9994109 0 -0.03432145
Cholinergic.neurons Isthmic.organizer.cells 0 0 0 0.004521138 0.07177507 -0.03431653 0.01693172 0.9992676 -0.9994109 0 -0.03432145
Cholinergic.neurons White.blood.cells 0 0 0 0.004521138 0.007769184 -0.03431653 0.01693172 0.9992676 -0.9994109 0 -0.03432145
Cholinergic.neurons Cardiac.muscle.lineages 0 0 0 0.004166779 0.1149878 0.1493689 0.02250491 0.9885254 -0.9887758 0 0.1494068
Cholinergic.neurons Megakaryocytes 0 0 0 0.004521138 0.008423708 -0.03431653 0.01693172 0.9992676 -0.9994109 0 -0.03432145
Cholinergic.neurons Hepatocytes 0 0 0 0.004521138 0.00110653 -0.03431653 0.01693172 0.9992676 -0.9994109 0 -0.03432145
Granule.neurons Notochord.cells 0 0 0 0.0547911 0.02178627 -0.03431653 0.01693172 0.9992676 -0.9994109 0 -0.03432145
Granule.neurons Premature.oligodendrocyte 0.002661934 0.04933077 0.1369396 0.05396093 0.01943875 0.5874547 0.02604129 -0.8088379 0.8091123 0 0.5876541
Granule.neurons Isthmic.organizer.cells 0.000209344 0.004838855 0.00241841 0.04326312 0.08656266 0.4791469 0.6690764 0.5681152 -0.7644243 0 0.6447135
Granule.neurons White.blood.cells 0 0 0 0.0537072 0.008253847 0.1077844 0.05883846 0.9924316 -0.994154 0 0.1079714
Granule.neurons Cardiac.muscle.lineages 0 0 0 0.05347927 0.1149878 0.1493689 0.02250491 0.9885254 -0.9887758 0 0.1494068
Granule.neurons Megakaryocytes 0 0 0 0.05395488 0.009041559 0.05644158 0.06422738 0.9963379 -0.9983993 0 0.05655836
Granule.neurons Hepatocytes 0 0 0 0.0547911 0.00110653 -0.03431653 0.01693172 0.9992676 -0.9994109 0 -0.03432145
Notochord.cells Premature.oligodendrocyte 0 0 0 0.02178627 0.01686206 -0.03431653 0.01693172 0.9992676 -0.9994109 0 -0.03432145
Notochord.cells Isthmic.organizer.cells 0 0 0 0.0237902 0.08031991 -0.2801453 0.02150143 0.9597168 -0.9599388 0 -0.28021
Notochord.cells White.blood.cells 0 0 0 0.02178627 0.007769184 -0.03431653 0.01693172 0.9992676 -0.9994109 0 -0.03432145
Notochord.cells Cardiac.muscle.lineages 0 0 0 0.02178627 0.11192 -0.03431653 0.01693172 0.9992676 -0.9994109 0 -0.03432145
Notochord.cells Megakaryocytes 0 0 0 0.02178627 0.008423708 -0.03431653 0.01693172 0.9992676 -0.9994109 0 -0.03432145
Notochord.cells Hepatocytes 0 0 0 0.02178627 0.00110653 -0.03431653 0.01693172 0.9992676 -0.9994109 0 -0.03432145
Premature.oligodendrocyte Isthmic.organizer.cells 0.0008519854 0.0495254 0.01148061 0.017203 0.07421079 -0.03449543 0.2367942 0.9709473 -0.9993695 0 -0.03550521
Premature.oligodendrocyte White.blood.cells 0 0 0 0.01686206 0.007769184 -0.03431653 0.01693172 0.9992676 -0.9994109 0 -0.03432145
Premature.oligodendrocyte Cardiac.muscle.lineages 0 0 0 0.01686206 0.11192 -0.03431653 0.01693172 0.9992676 -0.9994109 0 -0.03432145
Premature.oligodendrocyte Megakaryocytes 0 0 0 0.01686206 0.008423708 -0.03431653 0.01693172 0.9992676 -0.9994109 0 -0.03432145
Premature.oligodendrocyte Hepatocytes 0 0 0 0.01686206 0.00110653 -0.03431653 0.01693172 0.9992676 -0.9994109 0 -0.03432145
Isthmic.organizer.cells White.blood.cells 0 0 0 0.07177507 0.007769184 -0.03431653 0.01693172 0.9992676 -0.9994109 0 -0.03432145
Isthmic.organizer.cells Cardiac.muscle.lineages 0 0 0 0.07177507 0.11192 -0.03431653 0.01693172 0.9992676 -0.9994109 0 -0.03432145
Isthmic.organizer.cells Megakaryocytes 0 0 0 0.07177507 0.008423708 -0.03431653 0.01693172 0.9992676 -0.9994109 0 -0.03432145
Isthmic.organizer.cells Hepatocytes 0 0 0 0.07177507 0.00110653 -0.03431653 0.01693172 0.9992676 -0.9994109 0 -0.03432145
White.blood.cells Cardiac.muscle.lineages 0 0 0 0.007918641 0.1109609 -0.06643912 0.06958211 0.9953613 -0.9977797 0 -0.06660055
White.blood.cells Megakaryocytes 0.0007646434 0.5624192 0.4722792 0.001359561 0.001619049 0.3667601 0.8014448 -0.4724121 0.789896 0 0.6132408
White.blood.cells Hepatocytes 0 0 0 0.007769184 0.00110653 -0.03431653 0.01693172 0.9992676 -0.9994109 0 -0.03432145
Cardiac.muscle.lineages Megakaryocytes 0 0 0 0.1089983 0.008168618 -0.1226607 0.08250041 0.9890137 -0.9923967 0 -0.1230802
Cardiac.muscle.lineages Hepatocytes 0 0 0 0.11192 0.00110653 -0.03431653 0.01693172 0.9992676 -0.9994109 0 -0.03432145
Megakaryocytes Hepatocytes 0 0 0 0.008423708 0.00110653 -0.03431653 0.01693172 0.9992676 -0.9994109 0 -0.03432145
