Bladder Bone-Marrow 0.002531914 0.04086131 0.03460531 0.06196359 0.07316548 0.7276131 0.3371617 0.5974121 -0.6345681 0 0.772867
Bladder Bone-Marrow_c-kit 0.02310685 0.3776037 0.1975247 0.06119339 0.1169821 0.7635781 0.4458936 0.4670411 -0.5217835 0 0.8530779
Bladder Brain 0.01459409 0.197818 0.1482232 0.07377535 0.09846025 -0.109921 0.7313409 0.6730957 -0.9869264 0 -0.1611716
Bladder Embryonic-Mesenchyme 0 0 0 0.0717465 0.07826544 0.4810571 0.439538 0.7585449 -0.8444942 0 0.5355647
Bladder Embryonic-Stem-Cell 0 0 0 0.1137758 0.01528956 -0.03431653 0.01693172 0.9992676 -0.9994109 0 -0.03432145
Bladder Fetal_Brain 0.0002318555 0.004362442 0.005586723 0.0531481 0.04150116 0.2011689 0.8247125 0.5285645 -0.9345988 0 0.3557035
Bladder Fetal_Intestine 0.002232198 0.03436526 0.04373692 0.06495507 0.05103693 0.5142819 0.5333161 0.6716309 -0.7939687 0 0.6079586
Bladder Fetal-Liver 0.01201807 0.196395 0.1556108 0.06119339 0.07723164 0.7635781 0.4458936 0.4670411 -0.5217835 0 0.8530779
Bladder Fetal_Lung 0.0008923711 0.01440154 0.01194462 0.06196359 0.07470907 0.7276131 0.3371617 0.5974121 -0.6345681 0 0.772867
Bladder Fetal_Stomache 0 0 0 0.08378969 0.04957101 0.3564955 0.3750552 0.8557129 -0.9230967 0 0.384568
Bladder Fetal_Kidney 0.0002136019 0.003332843 0.06043673 0.06408999 0.003534306 -0.7907329 0.3669484 -0.4899901 0.5267345 0 -0.8500298
Bladder Kidney 0.0235664 0.4022823 0.402317 0.05858174 0.05857668 0.5253893 0.61812 0.5847168 -0.7438352 0 0.668363
Bladder Liver 0.02123073 0.3469448 0.1875109 0.06119339 0.113224 0.7635781 0.4458936 0.4670411 -0.5217835 0 0.8530779
Bladder Lung 0.0394654 0.7566525 0.4586644 0.05215789 0.08604418 0.2947769 0.829229 0.4748535 -0.8496079 0 0.5274148
Bladder MammaryGland.Involution 0.02228405 0.4401454 0.305732 0.05062883 0.07288753 0.0481834 0.9622627 0.2678223 -0.984199 0 0.1770653
Bladder MammaryGland.Lactation 0.005688211 0.1121085 0.1320194 0.05073844 0.04308619 -0.03097179 0.9674342 0.2512208 -0.9924859 0 -0.1223588
Bladder MammaryGland.Pregnancy 0.02119206 0.3800204 0.429562 0.05576558 0.04933411 -0.2716681 0.9410781 0.201416 -0.5955718 0 -0.803302
Bladder MammaryGland.Virgin 0.02726917 0.4794863 0.3186499 0.05687162 0.08557718 -0.3799918 0.9141249 0.1413574 -0.3486581 0 -0.93725
Bladder Mesenchymal-Stem-Cell-Cultured 0 0 0 0.1036013 0.02755957 0.1825098 0.1201907 0.9758301 -0.9829557 0 0.1838425
Bladder Bone_Marrow_Mesenchyme 0.0229544 0.3904638 0.276033 0.05878751 0.08315815 -0.3607619 0.8970848 0.255127 -0.5773952 0 -0.8164648
Bladder Muscle 0.03485693 0.5892536 0.4097972 0.05915438 0.08505897 -0.6240604 0.7798945 0.0480957 -0.07684111 0 -0.9970434
Bladder Neonatal-Calvaria 0.03023635 0.5038466 0.1940533 0.06001103 0.1558147 -0.6870317 0.7259446 0.03149413 -0.04579279 0 -0.998951
Bladder Neonatal-Heart 0.01214325 0.2069828 0.3020029 0.05866793 0.04020906 -0.5567227 0.8281752 0.0646973 -0.1154341 0 -0.9933151
Bladder Neonatal-Muscle 0.02293113 0.4609296 0.1950108 0.04974976 0.1175891 0.1550839 0.9319029 0.3278809 -0.903981 0 0.4275726
Bladder Neonatal-Rib 0.03233983 0.540148 0.2025241 0.05987217 0.1596839 -0.7829322 0.617924 -0.07202146 0.09160264 0 -0.9957957
Bladder Neonatal-Skin 0.03011845 0.4699401 0.4263596 0.06408999 0.07064097 -0.7907329 0.3669484 -0.4899901 0.5267345 0 -0.8500298
Bladder Ovary 0.02565627 0.4271329 0.1930459 0.06006624 0.1329024 -0.196639 0.8591623 0.4724121 -0.9232153 0 -0.3842833
Bladder Pancreas 0.002749621 0.05360989 0.06162866 0.05128944 0.04461595 0.06440443 0.8662963 0.4953614 -0.9916537 0 0.1289299
Bladder Peripheral_Blood 0.004527465 0.06536364 0.0664385 0.06926581 0.0681452 0.732671 0.01490012 0.6804199 -0.6804954 0 0.7327523
Bladder Placenta 0.004854244 0.07863525 0.08517817 0.06173114 0.0569893 -0.3367673 0.8663158 0.3688965 -0.7385366 0 -0.6742134
Bladder Prostate 0 0 0 0.1137758 0.003340854 -0.03431653 0.01693172 0.9992676 -0.9994109 0 -0.03432145
Bladder Small-Intestine 0.01339366 0.2578555 0.1381284 0.05194252 0.09696533 0.09803093 0.9655697 0.2409668 -0.9262813 0 0.3768329
Bladder Spleen 0.004602079 0.06939781 0.1840513 0.06631447 0.02500432 0.7180144 0.1734414 0.6740723 -0.6844456 0 0.7290639
Bladder Stomach 0.002080014 0.04061892 0.07841058 0.051208 0.02652721 0.03776363 0.8912667 0.4519043 -0.9965266 0 0.0832753
Bladder Testis 0.00405194 0.05681613 0.03897328 0.0713167 0.1039671 -0.2088478 0.9585929 -0.1936035 0.679835 0 -0.7333651
Bladder Thymus 0.001656762 0.02401071 0.1035881 0.06900097 0.01599375 -0.8770314 0.4739171 0.07885744 -0.08955278 0 -0.9959821
Bladder Trophoblast-Stem-Cell 0 0 0 0.1033081 0.07689583 0.2289817 0.05414301 0.9719238 -0.9733515 0 0.229318
Bladder Uterus 0.03872328 0.8118632 0.2455692 0.0476968 0.1576879 0.1061293 0.9289234 0.3547363 -0.9580427 0 0.2866253
Bone-Marrow Bone-Marrow_c-kit 0.05690675 0.8470425 0.6643198 0.06718288 0.08566168 -0.7444654 0.3630869 -0.5603027 0.6013411 0 -0.7989924
Bone-Marrow Brain 0.03881951 0.5771475 0.4955061 0.06726099 0.07834315 0.3564955 0.3750552 0.8557129 -0.9230967 0 0.384568
Bone-Marrow Embryonic-Mesenchyme 0.008370813 0.1330401 0.1124656 0.06291949 0.07443 0.4454116 0.1355221 0.8850098 -0.8932506 0 0.449559
Bone-Marrow Embryonic-Stem-Cell 0 0 0 0.07459391 0.01528956 -0.03431653 0.01693172 0.9992676 -0.9994109 0 -0.03432145
Bone-Marrow Fetal_Brain 0.00558692 0.09038836 0.1158553 0.06181018 0.04822324 -0.4087897 0.2228202 -0.8850097 0.907833 0 -0.4193318
Bone-Marrow Fetal_Intestine 0.008966251 0.144897 0.1654738 0.06188017 0.05418531 0.3860915 0.1394099 0.9118652 -0.9208577 0 0.389899
Bone-Marrow Fetal-Liver 0.02452827 0.3963835 0.3177686 0.06188017 0.07718911 0.3860915 0.1394099 0.9118652 -0.9208577 0 0.389899
Bone-Marrow Fetal_Lung 0.01408457 0.2213485 0.2195567 0.06363074 0.06415003 0.358859 0.2264027 0.9055176 -0.9296573 0 0.3684256
Bone-Marrow Fetal_Stomache 0.008810121 0.1312934 0.1606802 0.06710254 0.05483015 0.4707174 0.2843547 0.8352051 -0.8711677 0 0.4909857
Bone-Marrow Fetal_Kidney 0 0 0 0.07459391 0.008287401 -0.03431653 0.01693172 0.9992676 -0.9994109 0 -0.03432145
Bone-Marrow Kidney 0 0 0 0.07264418 0.08113813 -0.01220395 0.5315741 0.8469238 -0.9998962 0 -0.01440824
Bone-Marrow Liver 0.03960641 0.4898816 0.3845479 0.08084893 0.1029947 0.9341043 0.2420093 0.2624512 -0.2704918 0 0.9627223
Bone-Marrow Lung 0.02968484 0.4525572 0.3017904 0.06559357 0.09836243 -0.5550334 0.3116511 -0.7712403 0.8116639 0 -0.5841248
Bone-Marrow MammaryGland.Involution 0.01170059 0.1477587 0.1393956 0.07918715 0.08393805 0.1481263 0.7281786 0.6691895 -0.9763667 0 0.2161205
Bone-Marrow MammaryGland.Lactation 0 0 0 0.07153081 0.03235945 -0.03082402 0.3282385 0.9440918 -0.9994674 0 -0.032632
Bone-Marrow MammaryGland.Pregnancy 0.01940163 0.2580816 0.3302371 0.07517634 0.05875061 -0.4505797 0.4979419 0.7409668 -0.8544257 0 -0.5195737
Bone-Marrow MammaryGland.Virgin 0.01769894 0.2477587 0.1874848 0.07143621 0.094402 0.13624 0.5463289 0.826416 -0.9866821 0 0.1626609
Bone-Marrow Mesenchymal-Stem-Cell-Cultured 0 0 0 0.06448346 0.02589959 0.2810331 0.09154117 0.9553223 -0.9593503 0 0.282218
Bone-Marrow Bone_Marrow_Mesenchyme 0.03792223 0.4798746 0.6395596 0.0790253 0.05929428 -0.1999303 0.9765523 -0.07983398 0.3708374 0 -0.9286978
Bone-Marrow Muscle 0.05885332 0.8670822 0.4312117 0.06787514 0.1364836 -0.9290074 0.1985987 -0.3122558 0.3186021 0 -0.9478886
Bone-Marrow Neonatal-Calvaria 0.03212592 0.4719125 0.229791 0.06807601 0.1398049 0.2729894 0.451725 0.8493652 -0.9520354 0 0.305988
Bone-Marrow Neonatal-Heart 0.01655119 0.181702 0.3935422 0.09108976 0.04205696 0.1003278 0.5634024 -0.8200683 0.9925993 0 0.1214354
Bone-Marrow Neonatal-Muscle 0.01911488 0.3092513 0.197137 0.06181018 0.09696241 -0.4087897 0.2228202 -0.8850097 0.907833 0 -0.4193318
Bone-Marrow Neonatal-Rib 0.02690154 0.3229736 0.1443664 0.08329331 0.1863421 -0.2390962 0.9396117 0.2448731 -0.7154962 0 -0.6986167
Bone-Marrow Neonatal-Skin 0.009584363 0.1548859 0.10717 0.06188017 0.08943143 0.3860915 0.1394099 0.9118652 -0.9208577 0 0.389899
Bone-Marrow Ovary 0.01331864 0.1981317 0.09359932 0.06722117 0.1422942 0.2930611 0.4052366 0.8659668 -0.9472277 0 0.3205615
Bone-Marrow Pancreas 0 0 0 0.07680345 0.07391557 -0.1226607 0.08250041 0.9890137 -0.9923967 0 -0.1230802
Bone-Marrow Peripheral_Blood 0.0583216 0.9497181 0.892916 0.06140938 0.06531589 -0.4106371 0.08359233 -0.907959 0.911148 0 -0.4120794
Bone-Marrow Placenta 0.01155415 0.1656308 0.1199033 0.06975845 0.09636222 0.2900413 0.5161279 0.8059082 -0.9409193 0 0.3386309
Bone-Marrow Prostate 0 0 0 0.07459391 0.003340854 -0.03431653 0.01693172 0.9992676 -0.9994109 0 -0.03432145
Bone-Marrow Small-Intestine 0 0 0 0.07264418 0.09229045 -0.01220395 0.5315741 0.8469238 -0.9998962 0 -0.01440824
Bone-Marrow Spleen 0.01642697 0.2321211 0.505856 0.07076899 0.03247362 0.8528498 0.126538 0.5065918 -0.5106969 0 0.8597608
Bone-Marrow Stomach 0 0 0 0.07054212 0.03302887 0.1344257 0.4746057 0.869873 -0.9882692 0 0.1527221
Bone-Marrow Testis 0 0 0 0.07391398 0.117751 -0.05303492 0.1855574 0.9812012 -0.9985424 0 -0.05397223
Bone-Marrow Thymus 0.005755687 0.07407853 0.3785668 0.0776971 0.01520389 -0.9859611 0.1450203 0.08276362 -0.08364788 0 -0.9964954
Bone-Marrow Trophoblast-Stem-Cell 0 0 0 0.06579782 0.07472058 0.2073021 0.003277564 0.9782715 -0.9782767 0 0.2073032
Bone-Marrow Uterus 0.01672042 0.2373385 0.09709325 0.07044969 0.1722099 0.2134163 0.5369664 0.8161621 -0.967471 0 0.2529818
Bone-Marrow_c-kit Brain 0.05462392 0.5114427 0.6972392 0.1068036 0.07834315 0.3564955 0.3750552 0.8557129 -0.9230967 0 0.384568
Bone-Marrow_c-kit Embryonic-Mesenchyme 0.01188031 0.127459 0.1587949 0.09320889 0.07481545 -0.5609938 0.02659846 -0.8273926 0.8276854 0 -0.5611923
Bone-Marrow_c-kit Embryonic-Stem-Cell 0 0 0 0.08716039 0.01528956 -0.03431653 0.01693172 0.9992676 -0.9994109 0 -0.03432145
Bone-Marrow_c-kit Fetal_Brain 0.00891729 0.1158113 0.1588015 0.07699847 0.0561537 -0.3118843 0.8761975 -0.3674317 0.7623821 0 -0.6471272
Bone-Marrow_c-kit Fetal_Intestine 0.01564113 0.1404062 0.3148697 0.1113991 0.04967492 0.4560041 0.4915081 0.7419434 -0.8519536 0 0.5236173
Bone-Marrow_c-kit Fetal-Liver 0.03382447 0.3292868 0.5874101 0.1027204 0.05758239 0.1616215 0.660578 -0.7331542 0.9765528 0 0.215278
Bone-Marrow_c-kit Fetal_Lung 0.01624563 0.1548465 0.2394208 0.1049144 0.06785388 0.4707174 0.2843547 0.8352051 -0.8711677 0 0.4909857
Bone-Marrow_c-kit Fetal_Stomache 0.01073178 0.1022908 0.1957277 0.1049144 0.05483015 0.4707174 0.2843547 0.8352051 -0.8711677 0 0.4909857
Bone-Marrow_c-kit Fetal_Kidney 0 0 0 0.08716039 0.008287401 -0.03431653 0.01693172 0.9992676 -0.9994109 0 -0.03432145
Bone-Marrow_c-kit Kidney 0.01721229 0.1482302 0.3061402 0.1161186 0.05622354 0.789826 0.37718 0.4836425 -0.5222132 0 0.8528149
Bone-Marrow_c-kit Liver 0.05084893 0.704863 0.5327028 0.07214016 0.0954546 -0.6147974 0.5773001 -0.5373535 0.6580924 0 -0.7529372
Bone-Marrow_c-kit Lung 0.03977479 0.5397811 0.3867894 0.07368688 0.1028332 -0.4117157 0.4792058 -0.7751464 0.8831539 0 -0.4690834
Bone-Marrow_c-kit MammaryGland.Involution 0.03070385 0.2774664 0.3765744 0.1106579 0.08153462 0.1314364 0.7688846 0.6257324 -0.9786432 0 0.205566
Bone-Marrow_c-kit MammaryGland.Lactation 0.001933635 0.0178835 0.05602884 0.108124 0.03451143 0.06786964 0.6876109 0.7229004 -0.9956217 0 0.09347413
Bone-Marrow_c-kit MammaryGland.Pregnancy 0.0313294 0.3178011 0.5374905 0.09858179 0.05828829 -0.4012862 0.4729151 0.7844238 -0.8902698 0 -0.4554336
Bone-Marrow_c-kit MammaryGland.Virgin 0.03899772 0.4042497 0.3881781 0.09646938 0.1004635 -0.280432 0.3385359 0.8981934 -0.9545566 0 -0.2980296
Bone-Marrow_c-kit Mesenchymal-Stem-Cell-Cultured 0 0 0 0.09340625 0.02589959 0.2810331 0.09154117 0.9553223 -0.9593503 0 0.282218
Bone-Marrow_c-kit Bone_Marrow_Mesenchyme 0.04085437 0.4583914 0.6943859 0.08912551 0.05883525 -0.229911 0.9653705 -0.123291 0.4725919 0 -0.8812814
Bone-Marrow_c-kit Muscle 0.06632668 0.8884798 0.7527251 0.07465187 0.0881154 -0.6366569 0.6937732 -0.3366699 0.4674715 0 -0.8840082
Bone-Marrow_c-kit Neonatal-Calvaria 0.05739028 0.6584445 0.4356454 0.08716039 0.1317362 -0.03431653 0.01693172 0.9992676 -0.9994109 0 -0.03432145
Bone-Marrow_c-kit Neonatal-Heart 0.01925758 0.2386997 0.4499226 0.08067702 0.04280198 -0.2397956 0.9052162 -0.3508301 0.825577 0 -0.5642895
Bone-Marrow_c-kit Neonatal-Muscle 0.03010971 0.3979539 0.3229123 0.07566129 0.09324422 -0.3526624 0.363979 -0.8620606 0.9255465 0 -0.378634
Bone-Marrow_c-kit Neonatal-Rib 0.0503265 0.6361316 0.3529012 0.07911334 0.1426079 -0.1823199 0.2159634 -0.9592285 0.982412 0 -0.1867263
Bone-Marrow_c-kit Neonatal-Skin 0.02656007 0.328727 0.3482799 0.08079673 0.0762607 -0.1006081 0.1323494 -0.986084 0.9948354 0 -0.101501
Bone-Marrow_c-kit Ovary 0.03852056 0.4098527 0.2562627 0.09398636 0.1503167 0.06822697 0.1235493 0.9899902 -0.9976337 0 0.06875373
Bone-Marrow_c-kit Pancreas 0.0003122804 0.002709638 0.007296759 0.115248 0.04279714 0.3421327 0.82598 0.447998 -0.7947463 0 0.6069418
Bone-Marrow_c-kit Peripheral_Blood 0.04363049 0.4626935 0.5866477 0.09429675 0.07437256 0.23438 0.1128214 0.9655762 -0.9717807 0 0.2358861
Bone-Marrow_c-kit Placenta 0.02323904 0.3018116 0.2299119 0.07699847 0.101078 -0.3118843 0.8761975 -0.3674317 0.7623821 0 -0.6471272
Bone-Marrow_c-kit Prostate 0 0 0 0.08716039 0.003340854 -0.03431653 0.01693172 0.9992676 -0.9994109 0 -0.03432145
Bone-Marrow_c-kit Small-Intestine 0.005764228 0.05215025 0.0708371 0.1105312 0.08137301 -0.109921 0.7313409 0.6730957 -0.9869264 0 -0.1611716
Bone-Marrow_c-kit Spleen 0.01719319 0.1849777 0.4152692 0.09294735 0.04140252 -0.6328254 0.1035875 -0.767334 0.7714844 0 -0.6362482
Bone-Marrow_c-kit Stomach 0.001110413 0.009773399 0.03668184 0.1136158 0.03027146 0.2757838 0.8589764 0.4313965 -0.8425462 0 0.5386242
Bone-Marrow_c-kit Testis 0.002157112 0.0184307 0.02963901 0.1170391 0.07277947 0.6922369 0.5329686 -0.4865723 0.5750527 0 0.8181164
Bone-Marrow_c-kit Thymus 0.006136939 0.07569663 0.3279582 0.08107281 0.01871257 -0.6730802 0.7236574 -0.1525878 0.2210907 0 -0.9752533
Bone-Marrow_c-kit Trophoblast-Stem-Cell 0 0 0 0.09124438 0.07689583 0.2289817 0.05414301 0.9719238 -0.9733515 0 0.229318
Bone-Marrow_c-kit Uterus 0.04116596 0.4224155 0.2456661 0.09745371 0.1675688 -0.09317226 0.2467114 0.9645996 -0.9953675 0 -0.09614418
Brain Embryonic-Mesenchyme 0.03489757 0.4018588 0.4715643 0.08684039 0.07400385 0.4162662 0.2338276 0.8786621 -0.9037148 0 0.4281349
Brain Embryonic-Stem-Cell 0 0 0 0.1085226 0.01546321 0.04742682 0.01380628 0.9987793 -0.9988745 0 0.04743133
Brain Fetal_Brain 0.02292852 0.2053709 0.5045686 0.1116444 0.04544183 -0.2666316 0.6959559 0.666748 -0.9285092 0 -0.3713095
Brain Fetal_Intestine 0.03135283 0.4026767 0.6739485 0.07786106 0.04652111 0.2930611 0.4052366 0.8659668 -0.9472277 0 0.3205615
Brain Fetal-Liver 0.03304307 0.2128215 0.5086185 0.1552619 0.06496631 0.1006832 0.7267872 -0.6794434 0.9891982 0 0.1465842
Brain Fetal_Lung 0.03265697 0.340887 0.5202093 0.0958 0.0627766 0.3585721 0.09682696 0.9284668 -0.93285 0 0.3602649
Brain Fetal_Stomache 0.02902546 0.3321659 0.7287967 0.08738243 0.03982656 0.1313624 0.6080453 0.782959 -0.9862158 0 0.1654642
Brain Fetal_Kidney 0 0 0 0.1121945 0.008287401 -0.03431653 0.01693172 0.9992676 -0.9994109 0 -0.03432145
Brain Kidney 0.006544572 0.06646919 0.09047161 0.09846025 0.07233841 -0.109921 0.7313409 0.6730957 -0.9869264 0 -0.1611716
Brain Liver 0.03624693 0.3251908 0.3493879 0.1114636 0.1037441 -0.7655149 0.4357637 -0.4733888 0.5259518 0 -0.8505144
Brain Lung 0.04221721 0.3940064 0.4236726 0.1071485 0.09964584 -0.7141909 0.164195 -0.6804199 0.6897817 0 -0.7240174
Brain MammaryGland.Involution 0.01884619 0.1753494 0.2592449 0.1074779 0.07269646 -0.06470911 0.8149356 0.5759277 -0.9937472 0 -0.1116538
Brain MammaryGland.Lactation 0.00289507 0.03049783 0.07692864 0.09492708 0.03763319 -0.08198612 0.6926979 0.7165527 -0.9935179 0 -0.1136758
Brain MammaryGland.Pregnancy 0.02838942 0.2451326 0.5846962 0.1158125 0.04855414 -0.3778043 0.8000299 0.4660645 -0.7768257 0 -0.6297156
Brain MammaryGland.Virgin 0.03335915 0.3514187 0.369912 0.09492708 0.09018131 -0.08198612 0.6926979 0.7165527 -0.9935179 0 -0.1136758
Brain Mesenchymal-Stem-Cell-Cultured 0 0 0 0.09432355 0.02293104 0.4981583 0.124135 0.8581543 -0.8648435 0 0.5020414
Brain Bone_Marrow_Mesenchyme 0.04330858 0.3071192 0.7295783 0.1410156 0.05936111 -0.361742 0.9042685 -0.2268066 0.5312074 0 -0.8472418
Brain Muscle 0.06670229 0.5562386 0.7588712 0.1199167 0.08789672 -0.5769207 0.7905728 0.2053223 -0.3352923 0 -0.9421142
Brain Neonatal-Calvaria 0.06498366 0.8042148 0.4645377 0.08080386 0.1398889 0.2461928 0.4958767 0.8327637 -0.9589711 0 0.283504
Brain Neonatal-Heart 0.02718886 0.1856364 0.626586 0.1464629 0.04339206 -0.07621191 0.7844603 -0.6154785 0.9924207 0 -0.122887
Brain Neonatal-Muscle 0.05996533 0.4308855 0.6129821 0.1391677 0.09782559 -0.1689431 0.6741703 -0.7189941 0.9734872 0 -0.2287417
Brain Neonatal-Rib 0.06604165 0.8481987 0.5081329 0.07786106 0.1299693 0.2930611 0.4052366 0.8659668 -0.9472277 0 0.3205615
Brain Neonatal-Skin 0.04639656 0.4986086 0.5187948 0.09305208 0.08943143 0.3860915 0.1394099 0.9118652 -0.9208577 0 0.389899
Brain Ovary 0.04537426 0.5811021 0.322926 0.07808312 0.1405098 0.2729894 0.451725 0.8493652 -0.9520354 0 0.305988
Brain Pancreas 0.0009944835 0.008330644 0.02280192 0.1193765 0.04361401 0.2476928 0.8288163 0.5017089 -0.896676 0 0.4426873
Brain Peripheral_Blood 0.04696137 0.5158149 0.7311385 0.09104307 0.06423047 0.5115545 0.1734965 0.8415527 -0.8545118 0 0.5194319
Brain Placenta 0.01374218 0.1086216 0.2621336 0.1265143 0.05242435 -0.5826156 0.7354451 0.3459473 -0.5105597 0 -0.8598422
Brain Prostate 0 0 0 0.1121945 0.003340854 -0.03431653 0.01693172 0.9992676 -0.9994109 0 -0.03432145
Brain Small-Intestine 0.003716123 0.03774237 0.04566775 0.09846025 0.08137301 -0.109921 0.7313409 0.6730957 -0.9869264 0 -0.1611716
Brain Spleen 0.02500432 0.2186131 1 0.1143771 0.02500432 0.7180144 0.1734414 0.6740723 -0.6844456 0 0.7290639
Brain Stomach 0.001777609 0.01462888 0.06196736 0.1215137 0.02868621 0.1575373 0.8832479 0.4416504 -0.9418736 0 0.3359675
Brain Testis 0.00433152 0.02376432 0.05951568 0.1822699 0.07277947 0.6922369 0.5329686 -0.4865723 0.5750527 0 0.8181164
Brain Thymus 0.003922842 0.0344359 0.2469079 0.1139172 0.01588787 -0.7650083 0.628095 -0.142334 0.1829164 0 -0.9831285
Brain Trophoblast-Stem-Cell 0 0 0 0.1001474 0.07432385 0.3547372 0.01683701 0.9348145 -0.934947 0 0.3547874
Brain Uterus 0.04797002 0.5731309 0.283955 0.08369818 0.1689353 0.13624 0.5463289 0.826416 -0.9866821 0 0.1626609
Embryonic-Mesenchyme Embryonic-Stem-Cell 0 0 0 0.07570983 0.01553017 0.1077844 0.05883846 0.9924316 -0.994154 0 0.1079714
Embryonic-Mesenchyme Fetal_Brain 0.02700733 0.3813741 0.8578539 0.07081585 0.03148244 0.2035132 0.4686548 0.8596191 -0.9731008 0 0.2303797
Embryonic-Mesenchyme Fetal_Intestine 0.03337433 0.5002567 0.2926388 0.06671441 0.1140461 -0.5897552 0.7807878 -0.2062988 0.3301857 0 -0.943916
Embryonic-Mesenchyme Fetal-Liver 0.02270816 0.2932531 0.4133328 0.07743537 0.05493916 0.3903997 0.4714537 -0.7907715 0.8966773 0 0.4426848
Embryonic-Mesenchyme Fetal_Lung 0.02653277 0.3977067 0.2349022 0.06671441 0.1129524 -0.5897552 0.7807878 -0.2062988 0.3301857 0 -0.943916
Embryonic-Mesenchyme Fetal_Stomache 0.03459623 0.5095726 0.7440928 0.06789264 0.04649451 0.2448011 0.9597811 -0.1374511 0.4895859 0 0.871955
Embryonic-Mesenchyme Fetal_Kidney 0 0 0 0.07716691 0.008287401 -0.03431653 0.01693172 0.9992676 -0.9994109 0 -0.03432145
Embryonic-Mesenchyme Kidney 0 0 0 0.07826544 0.07170861 0.4810571 0.439538 0.7585449 -0.8444942 0 0.5355647
Embryonic-Mesenchyme Liver 0.001809091 0.02964361 0.02415877 0.06102805 0.07488342 0.02570031 0.896819 -0.4416505 0.9983112 0 0.05809325
Embryonic-Mesenchyme Lung 0.01201418 0.1672514 0.1226178 0.07183306 0.09798074 -0.6523041 0.3771362 -0.6574707 0.7098905 0 -0.704312
Embryonic-Mesenchyme MammaryGland.Involution 0.000262945 0.004877149 0.004408388 0.05391367 0.05964651 -0.3367673 0.8663158 0.3688965 -0.7385366 0 -0.6742134
Embryonic-Mesenchyme MammaryGland.Lactation 0 0 0 0.07571401 0.02557994 0.4692509 0.2328714 0.8518066 -0.8758869 0 0.4825164
Embryonic-Mesenchyme MammaryGland.Pregnancy 0.002613996 0.04565832 0.0458254 0.05725125 0.05704251 -0.08888455 0.9958456 -0.01977534 0.2171734 0 -0.976133
Embryonic-Mesenchyme MammaryGland.Virgin 0.009056864 0.1500154 0.09398169 0.06037289 0.09636839 -0.2588756 0.9514087 -0.166748 0.541511 0 -0.8406937
Embryonic-Mesenchyme Mesenchymal-Stem-Cell-Cultured 0 0 0 0.08444553 0.0205785 0.7783453 0.1721995 0.6037598 -0.6129154 0 0.7901485
Embryonic-Mesenchyme Bone_Marrow_Mesenchyme 0.01451871 0.2539359 0.2474194 0.0571747 0.05868056 -0.09858718 0.986127 -0.1335449 0.8045213 0 -0.5939239
Embryonic-Mesenchyme Muscle 0.02481214 0.3524885 0.2548665 0.07039133 0.09735345 -0.113804 0.7026332 -0.7023925 0.9871271 0 -0.1599376
Embryonic-Mesenchyme Neonatal-Calvaria 0.02901682 0.380685 0.2124249 0.07622266 0.136598 -0.1006081 0.1323494 -0.986084 0.9948354 0 -0.101501
Embryonic-Mesenchyme Neonatal-Heart 0.01695297 0.2898419 0.3787835 0.0584904 0.04475635 -0.4110839 0.9063253 0.0979004 -0.2316727 0 -0.9727938
Embryonic-Mesenchyme Neonatal-Muscle 0.01940759 0.2755712 0.122212 0.07042678 0.1588027 0.0673444 0.4699376 0.880127 -0.9970854 0 0.07629368
Embryonic-Mesenchyme Neonatal-Rib 0.03088758 0.4819688 0.1627039 0.06408626 0.1898392 0.0481834 0.9622627 0.2678223 -0.984199 0 0.1770653
Embryonic-Mesenchyme Neonatal-Skin 0.03438728 0.4787111 0.4871289 0.07183306 0.07059176 -0.6523041 0.3771362 -0.6574707 0.7098905 0 -0.704312
Embryonic-Mesenchyme Ovary 0.02772587 0.3662123 0.1765046 0.07570983 0.157083 0.1077844 0.05883846 0.9924316 -0.994154 0 0.1079714
Embryonic-Mesenchyme Pancreas 0 0 0 0.07882757 0.08146062 -0.5005052 0.07418936 0.8625488 -0.8649324 0 -0.5018883
Embryonic-Mesenchyme Peripheral_Blood 0.01038142 0.1390801 0.164959 0.07464342 0.06293332 0.5024322 0.0140817 0.864502 -0.8645877 0 0.502482
Embryonic-Mesenchyme Placenta 0.02454067 0.4523046 0.4512538 0.05425695 0.05438329 -0.3696506 0.8703147 0.3254394 -0.660796 0 -0.7505656
Embryonic-Mesenchyme Prostate 0 0 0 0.07716691 0.003340854 -0.03431653 0.01693172 0.9992676 -0.9994109 0 -0.03432145
Embryonic-Mesenchyme Small-Intestine 0 0 0 0.08085947 0.09391911 -0.5963449 0.01955031 0.8024902 -0.8026436 0 -0.5964589
Embryonic-Mesenchyme Spleen 0.00294917 0.03538907 0.1179464 0.08333562 0.02500432 0.7180144 0.1734414 0.6740723 -0.6844456 0 0.7290639
Embryonic-Mesenchyme Stomach 0 0 0 0.07952452 0.04738167 -0.5321614 0.03431349 0.8459473 -0.8464457 0 -0.532475
Embryonic-Mesenchyme Testis 0 0 0 0.08427884 0.08684525 -0.6510513 0.0009098255 0.7590332 -0.7590335 0 -0.6510516
Embryonic-Mesenchyme Thymus 0 0 0 0.0800419 0.03691441 -0.5698377 0.06613297 0.8190918 -0.8208889 0 -0.571088
Embryonic-Mesenchyme Trophoblast-Stem-Cell 0.003386681 0.04632542 0.07026583 0.07310633 0.04819812 -0.3655861 0.4723767 -0.8020019 0.9099215 0 -0.4147804
Embryonic-Mesenchyme Uterus 0.02198097 0.296231 0.1084042 0.07420214 0.2027685 -0.5126489 0.2147865 -0.8312989 0.8511642 0 -0.5248995
Embryonic-Stem-Cell Fetal_Brain 0 0 0 0.01528956 0.03629461 -0.03431653 0.01693172 0.9992676 -0.9994109 0 -0.03432145
Embryonic-Stem-Cell Fetal_Intestine 0 0 0 0.01528956 0.05105456 -0.03431653 0.01693172 0.9992676 -0.9994109 0 -0.03432145
Embryonic-Stem-Cell Fetal-Liver 0 0 0 0.01528956 0.06053155 -0.03431653 0.01693172 0.9992676 -0.9994109 0 -0.03432145
Embryonic-Stem-Cell Fetal_Lung 0 0 0 0.01580878 0.06425221 0.2073021 0.003277564 0.9782715 -0.9782767 0 0.2073032
Embryonic-Stem-Cell Fetal_Stomache 0 0 0 0.01528956 0.05792828 -0.03431653 0.01693172 0.9992676 -0.9994109 0 -0.03432145
Embryonic-Stem-Cell Fetal_Kidney 0 0 0 0.01528956 0.008287401 -0.03431653 0.01693172 0.9992676 -0.9994109 0 -0.03432145
Embryonic-Stem-Cell Kidney 0 0 0 0.01528956 0.09374697 -0.03431653 0.01693172 0.9992676 -0.9994109 0 -0.03432145
Embryonic-Stem-Cell Liver 0 0 0 0.01528956 0.1052666 -0.03431653 0.01693172 0.9992676 -0.9994109 0 -0.03432145
Embryonic-Stem-Cell Lung 0 0 0 0.01546321 0.1317324 0.04742682 0.01380628 0.9987793 -0.9988745 0 0.04743133
Embryonic-Stem-Cell MammaryGland.Involution 0 0 0 0.0156833 0.1532587 0.1493689 0.02250491 0.9885254 -0.9887758 0 0.1494068
Embryonic-Stem-Cell MammaryGland.Lactation 0 0 0 0.0156833 0.0285316 0.1493689 0.02250491 0.9885254 -0.9887758 0 0.1494068
Embryonic-Stem-Cell MammaryGland.Pregnancy 0 0 0 0.01546321 0.0805217 0.04742682 0.01380628 0.9987793 -0.9988745 0 0.04743133
Embryonic-Stem-Cell MammaryGland.Virgin 0 0 0 0.01546321 0.1212085 0.04742682 0.01380628 0.9987793 -0.9988745 0 0.04743133
Embryonic-Stem-Cell Mesenchymal-Stem-Cell-Cultured 0 0 0 0.01644123 0.0225757 0.4782434 0.0780088 0.8747559 -0.8774297 0 0.4797053
Embryonic-Stem-Cell Bone_Marrow_Mesenchyme 0 0 0 0.01546321 0.1056547 0.04742682 0.01380628 0.9987793 -0.9988745 0 0.04743133
Embryonic-Stem-Cell Muscle 0 0 0 0.01528956 0.1085813 -0.03431653 0.01693172 0.9992676 -0.9994109 0 -0.03432145
Embryonic-Stem-Cell Neonatal-Calvaria 0 0 0 0.01595683 0.1282267 0.2728818 0.02695352 0.9616699 -0.9620194 0 0.272981
Embryonic-Stem-Cell Neonatal-Heart 0 0 0 0.01600011 0.092553 0.3215272 0.05887337 0.9450684 -0.9467105 0 0.3220858
Embryonic-Stem-Cell Neonatal-Muscle 0 0 0 0.01595683 0.1257844 0.2728818 0.02695352 0.9616699 -0.9620194 0 0.272981
Embryonic-Stem-Cell Neonatal-Rib 0 0 0 0.01584395 0.1355437 0.3860915 0.1394099 0.9118652 -0.9208577 0 0.389899
Embryonic-Stem-Cell Neonatal-Skin 0 0 0 0.015636 0.08963946 0.1755089 0.06725698 0.9821777 -0.9844068 0 0.1759073
Embryonic-Stem-Cell Ovary 0 0 0 0.01620607 0.1697976 0.3927413 0.05137501 0.9182129 -0.919427 0 0.3932606
Embryonic-Stem-Cell Pancreas 0 0 0 0.01505566 0.06676443 0.09383775 0.2090669 0.9733887 -0.9953853 0 0.09595829
Embryonic-Stem-Cell Peripheral_Blood 0 0 0 0.01546321 0.08571593 0.04742682 0.01380628 0.9987793 -0.9988745 0 0.04743133
Embryonic-Stem-Cell Placenta 0 0 0 0.01584395 0.1057909 0.3860915 0.1394099 0.9118652 -0.9208577 0 0.389899
Embryonic-Stem-Cell Prostate 0 0 0 0.01528956 0.003340854 -0.03431653 0.01693172 0.9992676 -0.9994109 0 -0.03432145
Embryonic-Stem-Cell Small-Intestine 0 0 0 0.015636 0.1034342 0.1755089 0.06725698 0.9821777 -0.9844068 0 0.1759073
Embryonic-Stem-Cell Spleen 0 0 0 0.01546321 0.05303544 0.04742682 0.01380628 0.9987793 -0.9988745 0 0.04743133
Embryonic-Stem-Cell Stomach 0 0 0 0.01544182 0.04520409 0.1254137 0.1091319 0.986084 -0.992009 0 0.1261673
Embryonic-Stem-Cell Testis 0 0 0 0.01431416 0.1180862 -0.1366432 0.2874514 0.947998 -0.9897711 0 -0.1426644
Embryonic-Stem-Cell Thymus 0 0 0 0.0156833 0.03963827 0.1493689 0.02250491 0.9885254 -0.9887758 0 0.1494068
Embryonic-Stem-Cell Trophoblast-Stem-Cell 0 0 0 0.01626914 0.06918329 0.9081396 0.2540685 0.3327637 -0.3440534 0 0.9389501
Embryonic-Stem-Cell Uterus 0 0 0 0.01652685 0.1993846 0.4518901 0.03573929 0.8913574 -0.8919272 0 0.452179
Fetal_Brain Fetal_Intestine 0.02637769 0.4912551 0.2698869 0.05369447 0.09773609 -0.2088478 0.9585929 -0.1936035 0.679835 0 -0.7333651
Fetal_Brain Fetal-Liver 0.01873029 0.4345426 0.337214 0.04310347 0.05554423 0.4408546 0.4971603 -0.7473145 0.8613 0 0.5080968
Fetal_Brain Fetal_Lung 0.01976578 0.6487255 0.3146719 0.03046863 0.06281393 0.1344257 0.4746057 0.869873 -0.9882692 0 0.1527221
Fetal_Brain Fetal_Stomache 0.02759066 0.9458188 0.594569 0.02917119 0.04640447 0.123305 0.3881031 0.9133301 -0.9910094 0 0.1337921
Fetal_Brain Fetal_Kidney 0 0 0 0.03629461 0.008287401 -0.03431653 0.01693172 0.9992676 -0.9994109 0 -0.03432145
Fetal_Brain Kidney 0 0 0 0.03332511 0.07828005 0.01599294 0.572042 0.8200684 -0.9998099 0 0.01949825
Fetal_Brain Liver 0.0002943833 0.006684184 0.003550122 0.04404176 0.08292203 0.7137625 0.6973932 -0.06469727 0.09027249 0 0.9959171
Fetal_Brain Lung 0.008291367 0.1826948 0.08061431 0.0453837 0.1028523 0.6796491 0.2641491 0.6843262 -0.7095273 0 0.704678
Fetal_Brain MammaryGland.Involution 8.547756E-05 0.001851687 0.0009089896 0.04616199 0.09403579 0.7538237 0.6146896 -0.2321778 0.2943546 0 0.9556963
Fetal_Brain MammaryGland.Lactation 0 0 0 0.03486178 0.03978666 -0.2180506 0.1634182 0.9621582 -0.9752688 0 -0.2210218
Fetal_Brain MammaryGland.Pregnancy 0.001948699 0.03793762 0.03416222 0.05136587 0.05704251 -0.08888455 0.9958456 -0.01977534 0.2171734 0 -0.976133
Fetal_Brain MammaryGland.Virgin 0.007543608 0.1397897 0.07827886 0.05396399 0.09636839 -0.2588756 0.9514087 -0.166748 0.541511 0 -0.8406937
Fetal_Brain Mesenchymal-Stem-Cell-Cultured 0 0 0 0.05234211 0.01960696 0.8055048 0.1354378 0.5769043 -0.5822694 0 0.8129959
Fetal_Brain Bone_Marrow_Mesenchyme 0.01015747 0.2325478 0.09188458 0.04367908 0.110546 0.7725706 0.6090441 0.1794434 -0.2262453 0 0.9740704
Fetal_Brain Muscle 0.01863304 0.352345 0.1913958 0.05288295 0.09735345 -0.113804 0.7026332 -0.7023925 0.9871271 0 -0.1599376
Fetal_Brain Neonatal-Calvaria 0.007407796 0.1830925 0.05481372 0.04045932 0.1351449 0.3860915 0.1394099 0.9118652 -0.9208577 0 0.389899
Fetal_Brain Neonatal-Heart 0.01196511 0.2796603 0.2107462 0.04278444 0.05677497 0.4928102 0.472437 -0.730713 0.8290702 0 0.5591446
Fetal_Brain Neonatal-Muscle 0.0165806 0.4535147 0.1042365 0.03656022 0.1590671 -0.02399215 0.679639 0.7331543 -0.999465 0 -0.03270705
Fetal_Brain Neonatal-Rib 0.01053103 0.3099157 0.07268825 0.0339803 0.1448794 -0.08046025 0.5086969 0.8571777 -0.9956235 0 -0.09345566
Fetal_Brain Neonatal-Skin 0.02367884 0.8121496 0.1874973 0.02915577 0.126289 0.09868176 0.4314393 0.8967285 -0.9939993 0 0.1093861
Fetal_Brain Ovary 0.02147599 0.497632 0.1694294 0.04315637 0.1267548 0.5417969 0.3967673 -0.7409667 0.8072244 0 0.5902447
Fetal_Brain Pancreas 0 0 0 0.03324815 0.07269714 -0.1010978 0.1390777 0.9851074 -0.9947752 0 -0.10209
Fetal_Brain Peripheral_Blood 0.006722765 0.1334866 0.09247132 0.05036286 0.07270107 -0.4122071 0.3232813 -0.8518066 0.9001416 0 -0.4355974
Fetal_Brain Placenta 0.01940539 0.3628189 0.1989235 0.05348507 0.09755204 -0.158641 0.9624089 -0.2204589 0.8116905 0 -0.5840877
Fetal_Brain Prostate 0 0 0 0.03629461 0.003340854 -0.03431653 0.01693172 0.9992676 -0.9994109 0 -0.03432145
Fetal_Brain Small-Intestine 0 0 0 0.04036582 0.08397955 -0.4191188 0.2005808 0.885498 -0.9038672 0 -0.4278132
Fetal_Brain Spleen 0.0005704161 0.01170933 0.0228127 0.04871467 0.02500432 0.7180144 0.1734414 0.6740723 -0.6844456 0 0.7290639
Fetal_Brain Stomach 0 0 0 0.03743101 0.04126135 -0.3071743 0.2834916 0.9084473 -0.947311 0 -0.3203154
Fetal_Brain Testis 0 0 0 0.03233521 0.1170914 -0.105826 0.196116 0.9748535 -0.9941594 0 -0.1079217
Fetal_Brain Thymus 0 0 0 0.04193871 0.03826338 -0.4880287 0.006581897 0.8728027 -0.8728217 0 -0.4880393
Fetal_Brain Trophoblast-Stem-Cell 0.000877927 0.01692193 0.01821496 0.05188101 0.04819812 -0.3655861 0.4723767 -0.8020019 0.9099215 0 -0.4147804
Fetal_Brain Uterus 0.01497701 0.339136 0.1258015 0.04416226 0.1190527 0.5814778 0.625873 -0.5197755 0.6664429 0 0.7455561
Fetal_Intestine Fetal-Liver 0.03065982 0.5188344 0.5434169 0.05909365 0.05642044 0.2013592 0.2029967 -0.958252 0.9786276 0 0.2056407
Fetal_Intestine Fetal_Lung 0.03071101 0.6738688 0.4804033 0.04557417 0.06392756 -0.003033328 0.2775952 0.9606934 -0.9999951 0 -0.00315742
Fetal_Intestine Fetal_Stomache 0.03033758 0.4034123 0.5346867 0.07520241 0.05673898 0.6907889 0.175574 -0.7014161 0.7124836 0 0.7016888
Fetal_Intestine Fetal_Kidney 0 0 0 0.05105456 0.008287401 -0.03431653 0.01693172 0.9992676 -0.9994109 0 -0.03432145
Fetal_Intestine Kidney 1.704961E-05 0.0003054528 0.0003041657 0.05581748 0.05605368 0.6495783 0.5274221 0.5476074 -0.6445448 0 0.7645666
Fetal_Intestine Liver 0.00960949 0.1402956 0.08308665 0.06849459 0.1156562 0.7410623 0.2716871 0.6140137 -0.6380121 0 0.7700263
Fetal_Intestine Lung 0.0154097 0.3019323 0.1541827 0.05103693 0.09994443 0.5142819 0.5333161 0.6716309 -0.7939687 0 0.6079586
Fetal_Intestine MammaryGland.Involution 0.004155884 0.07526418 0.03552673 0.0552173 0.1169791 0.652764 0.565448 0.5041504 -0.6112515 0 0.7914364
Fetal_Intestine MammaryGland.Lactation 6.455457E-05 0.001409002 0.002346053 0.04581581 0.02751625 0.123305 0.3881031 0.9133301 -0.9910094 0 0.1337921
Fetal_Intestine MammaryGland.Pregnancy 0.01286781 0.2156024 0.1031874 0.05968303 0.1247033 0.7313333 0.5472814 0.4069824 -0.4862693 0 0.873809
Fetal_Intestine MammaryGland.Virgin 0.01440144 0.2851659 0.1252571 0.05050199 0.1149751 0.4697597 0.5398543 0.6984863 -0.8297942 0 0.5580695
Fetal_Intestine Mesenchymal-Stem-Cell-Cultured 0 0 0 0.08757421 0.0174797 0.8680545 0.01140375 0.4963379 -0.4963702 0 0.868111
Fetal_Intestine Bone_Marrow_Mesenchyme 0.02238057 0.3894396 0.1952372 0.05746865 0.1146327 0.6928266 0.576 0.4338379 -0.5307212 0 0.8475465
Fetal_Intestine Muscle 0.02709022 0.6147335 0.2280697 0.04406822 0.1187804 0.1398998 0.3400812 0.9299316 -0.9888723 0 0.1487669
Fetal_Intestine Neonatal-Calvaria 0.01959743 0.3458596 0.1410797 0.05666295 0.1389103 -0.1312659 0.2070582 -0.9694824 0.9909578 0 -0.1341736
Fetal_Intestine Neonatal-Heart 0.01992959 0.3180478 0.4237736 0.06266224 0.04702885 0.3851165 0.02192781 -0.9226074 0.9228293 0 0.3852092
Fetal_Intestine Neonatal-Muscle 0.02038939 0.4508992 0.1339613 0.04521939 0.1522036 0.05119072 0.1727043 0.9836426 -0.9986485 0 0.05197166
Fetal_Intestine Neonatal-Rib 0.006777884 0.09025166 0.0357323 0.07509982 0.1896851 0.8382348 0.270676 0.4733887 -0.4917453 0 0.8707391
Fetal_Intestine Neonatal-Skin 0.02915309 0.6396844 0.2547304 0.04557417 0.1144468 -0.003033328 0.2775952 0.9606934 -0.9999951 0 -0.00315742
Fetal_Intestine Ovary 0.03439525 0.7902015 0.2414074 0.04352719 0.142478 0.09676734 0.2742161 0.9567871 -0.9949245 0 0.1006245
Fetal_Intestine Pancreas 0 0 0 0.07839844 0.05472634 -0.109921 0.7313409 0.6730957 -0.9869264 0 -0.1611716
Fetal_Intestine Peripheral_Blood 0.01333551 0.2210587 0.2076197 0.06032567 0.06423047 0.5115545 0.1734965 0.8415527 -0.8545118 0 0.5194319
Fetal_Intestine Placenta 0.03180228 0.5878915 0.3014469 0.0540955 0.1054988 0.6112802 0.5868299 0.5310058 -0.6557974 0 0.754937
Fetal_Intestine Prostate 0 0 0 0.05105456 0.003340854 -0.03431653 0.01693172 0.9992676 -0.9994109 0 -0.03432145
Fetal_Intestine Small-Intestine 0 0 0 0.05980483 0.09985519 0.2988772 0.6740341 0.6755371 -0.9144943 0 0.4045988
Fetal_Intestine Spleen 0.003866559 0.05482995 0.1546356 0.0705191 0.02500432 0.7180144 0.1734414 0.6740723 -0.6844456 0 0.7290639
Fetal_Intestine Stomach 6.331687E-05 0.001146686 0.002169922 0.0552173 0.02917933 0.652764 0.565448 0.5041504 -0.6112515 0 0.7914364
Fetal_Intestine Testis 0 0 0 0.05037924 0.1182448 -0.09317226 0.2467114 0.9645996 -0.9953675 0 -0.09614418
Fetal_Intestine Thymus 0.001719731 0.02502939 0.06476454 0.06870848 0.0265536 0.8205126 0.5707601 -0.0314941 0.03835521 0 0.9992642
Fetal_Intestine Trophoblast-Stem-Cell 0.0007163991 0.008821829 0.01486363 0.08120755 0.04819812 -0.3655861 0.4723767 -0.8020019 0.9099215 0 -0.4147804
Fetal_Intestine Uterus 0.02066241 0.295635 0.1051401 0.06989162 0.1965226 0.6076496 0.005010491 0.7941895 -0.7941994 0 0.6076573
Fetal-Liver Fetal_Lung 0.03406676 0.5853179 0.3304777 0.05820215 0.1030834 0.5428462 0.6229665 -0.5632324 0.7200172 0 0.6939561
Fetal-Liver Fetal_Stomache 0.0237694 0.2791972 0.5226548 0.0851348 0.0454782 -0.3493106 0.4388569 0.8278809 -0.9213449 0 -0.3887462
Fetal-Liver Fetal_Kidney 0 0 0 0.06053155 0.008287401 -0.03431653 0.01693172 0.9992676 -0.9994109 0 -0.03432145
Fetal-Liver Kidney 0.009637455 0.1308205 0.1645272 0.07366931 0.05857668 0.5253893 0.61812 0.5847168 -0.7438352 0 0.668363
Fetal-Liver Liver 0.02164523 0.3720761 0.2884685 0.05817422 0.07503499 0.5212047 0.6638112 -0.536377 0.7171773 0 0.6968908
Fetal-Liver Lung 0.03597665 0.4555379 0.3467643 0.07897621 0.1037496 -0.5370433 0.09966342 -0.8376465 0.8418379 0 -0.5397305
Fetal-Liver MammaryGland.Involution 0.01081879 0.1502071 0.1092589 0.07202586 0.09901979 0.8192225 0.4806927 -0.3127441 0.3566519 0 0.9342374
Fetal-Liver MammaryGland.Lactation 7.233858E-06 0.0001061167 0.0002501135 0.06816889 0.02892231 0.09868176 0.4314393 0.8967285 -0.9939993 0 0.1093861
Fetal-Liver MammaryGland.Pregnancy 0.01499623 0.2742223 0.2081555 0.05468639 0.07204337 0.4034315 0.6266499 -0.666748 0.855572 0 0.5176838
Fetal-Liver MammaryGland.Virgin 0.02879592 0.5133774 0.2332317 0.05609113 0.1234648 0.4837565 0.6555701 -0.579834 0.7678555 0 0.6406231
Fetal-Liver Mesenchymal-Stem-Cell-Cultured 0 0 0 0.07944836 0.0263499 0.6120812 0.4070648 0.6779785 -0.7422586 0 0.6701135
Fetal-Liver Bone_Marrow_Mesenchyme 0.0369447 0.672104 0.395797 0.05496872 0.09334255 0.2200899 0.6619008 -0.7165527 0.9559243 0 0.2936131
Fetal-Liver Muscle 0.0338247 0.4676949 0.3187985 0.07232216 0.1061006 -0.305391 0.2945748 -0.9055175 0.9475624 0 -0.3195709
Fetal-Liver Neonatal-Calvaria 0.04273675 0.5045369 0.2295874 0.08470492 0.1861459 0.02570031 0.896819 -0.4416505 0.9983112 0 0.05809325
Fetal-Liver Neonatal-Heart 0.02100214 0.3647051 0.4787892 0.05758663 0.0438651 0.2939874 0.2769868 -0.9147949 0.9520449 0 0.3059584
Fetal-Liver Neonatal-Muscle 0.03936774 0.5932158 0.2372548 0.06636327 0.1659302 -0.3069578 0.06555232 0.9494629 -0.9515095 0 -0.3076195
Fetal-Liver Neonatal-Rib 0.03497759 0.5243032 0.2265757 0.06671253 0.1543749 -0.267615 0.1216898 0.9558105 -0.9629672 0 -0.2696187
Fetal-Liver Neonatal-Skin 0.01892701 0.3187296 0.229974 0.05938267 0.08230065 0.02592657 0.06097143 -0.9978027 0.9996626 0 0.0259749
Fetal-Liver Ovary 0.02734559 0.4698703 0.1859117 0.05819817 0.1470891 -0.163272 0.004171492 0.9865723 -0.9865808 0 -0.1632735
Fetal-Liver Pancreas 0 0 0 0.05928893 0.07427913 -0.1153257 0.02846082 0.9929199 -0.9933223 0 -0.1153724
Fetal-Liver Peripheral_Blood 0.0220759 0.3235022 0.2056914 0.06824036 0.1073254 0.01533442 0.6729797 -0.739502 0.9997851 0 0.02073169
Fetal-Liver Placenta 0.02817471 0.3874379 0.2986601 0.07272057 0.09433703 0.2988574 0.5738924 0.7624512 -0.9310325 0 0.3649361
Fetal-Liver Prostate 0 0 0 0.06053155 0.003340854 -0.03431653 0.01693172 0.9992676 -0.9994109 0 -0.03432145
Fetal-Liver Small-Intestine 0.00172301 0.02441328 0.01584676 0.07057676 0.1087295 0.8055679 0.4520266 -0.3830566 0.4294335 0 0.9030985
Fetal-Liver Spleen 0.01252507 0.1512252 0.5009162 0.08282397 0.02500432 0.7180144 0.1734414 0.6740723 -0.6844456 0 0.7290639
Fetal-Liver Stomach 0.0003113601 0.00403033 0.009355709 0.07725427 0.03328023 0.681556 0.6443022 0.3469239 -0.453631 0 0.8911896
Fetal-Liver Testis 0 0 0 0.06360482 0.117751 -0.05303492 0.1855574 0.9812012 -0.9985424 0 -0.05397223
Fetal-Liver Thymus 0 0 0 0.09446222 0.02621007 -0.9203315 0.01453558 0.3908691 -0.3909104 0 -0.9204288
Fetal-Liver Trophoblast-Stem-Cell 0 0 0 0.08145861 0.07057026 0.6076496 0.005010491 0.7941895 -0.7941994 0 0.6076573
Fetal-Liver Uterus 0.03222748 0.5014643 0.1931959 0.06426675 0.1668124 -0.1625286 0.1886289 0.9685059 -0.9862099 0 -0.1654996
Fetal_Lung Fetal_Stomache 0.0255189 0.2617533 0.5228272 0.09749219 0.04880944 -0.4298457 0.585587 0.6872559 -0.8478259 0 -0.5302746
Fetal_Lung Fetal_Kidney 0 0 0 0.06947146 0.008287401 -0.03431653 0.01693172 0.9992676 -0.9994109 0 -0.03432145
Fetal_Lung Kidney 0 0 0 0.07131802 0.07079492 0.1707242 0.6317917 0.7561035 -0.9754434 0 0.22025
Fetal_Lung Liver 0.01156554 0.1137234 0.159079 0.1016988 0.07270309 0.2837969 0.8933558 -0.3483887 0.7753172 0 0.6315721
Fetal_Lung Lung 0.01557062 0.2180852 0.1516995 0.07139696 0.1026412 0.6076496 0.005010491 0.7941895 -0.7941994 0 0.6076573
Fetal_Lung MammaryGland.Involution 0.003319558 0.04393169 0.02513771 0.07556181 0.1320549 0.7618247 0.306738 0.5705566 -0.5994539 0 0.8004093
Fetal_Lung MammaryGland.Lactation 0 0 0 0.06404973 0.03091378 0.01436153 0.3574081 0.9338379 -0.9998817 0 0.01537722
Fetal_Lung MammaryGland.Pregnancy 0.01329971 0.1323714 0.2670406 0.1004727 0.04980407 -0.2243704 0.9587422 0.1745606 -0.6140507 0 -0.7892665
Fetal_Lung MammaryGland.Virgin 0.01679367 0.2352277 0.1182117 0.07139327 0.1420643 0.6261579 0.05730028 0.7775879 -0.7788675 0 0.6271884
Fetal_Lung Mesenchymal-Stem-Cell-Cultured 0 0 0 0.07676648 0.01960696 0.8055048 0.1354378 0.5769043 -0.5822694 0 0.8129959
Fetal_Lung Bone_Marrow_Mesenchyme 0.02862267 0.3739589 0.2480094 0.0765396 0.1154096 0.7935495 0.2732548 0.5437012 -0.5652122 0 0.8249456
Fetal_Lung Muscle 0.0259298 0.4173898 0.2390045 0.06212369 0.1084908 0.1254137 0.1091319 0.986084 -0.992009 0 0.1261673
Fetal_Lung Neonatal-Calvaria 0.03630217 0.5576543 0.2827194 0.06509799 0.1284035 -0.06731362 0.2910209 0.9543457 -0.9975217 0 -0.07035898
Fetal_Lung Neonatal-Heart 0.02067142 0.1837136 0.4549202 0.1125198 0.04543966 -0.6833177 0.5723053 0.4533692 -0.5528618 0 -0.8332729
Fetal_Lung Neonatal-Muscle 0.03573999 0.5564739 0.2157207 0.06422582 0.1656771 -0.06556023 0.368054 0.9274902 -0.9975111 0 -0.07050969
Fetal_Lung Neonatal-Rib 0.01360454 0.2050852 0.0952789 0.06633604 0.1427865 -0.0522557 0.1195248 0.9914551 -0.9986139 0 -0.05263302
Fetal_Lung Neonatal-Skin 0.02429209 0.3898693 0.2849466 0.06230827 0.08525138 0.3215272 0.05887337 0.9450684 -0.9467105 0 0.3220858
Fetal_Lung Ovary 0.03073665 0.4484193 0.1875111 0.06854445 0.1639191 0.5115545 0.1734965 0.8415527 -0.8545118 0 0.5194319
Fetal_Lung Pancreas 0 0 0 0.064018 0.06577873 -0.0542891 0.4311725 0.9006348 -0.9981881 0 -0.06016949
Fetal_Lung Peripheral_Blood 0.01824608 0.2693498 0.2868992 0.0677412 0.06359753 0.4981583 0.124135 0.8581543 -0.8648435 0 0.5020414
Fetal_Lung Placenta 0.03801798 0.3618461 0.3876471 0.1050667 0.09807368 -0.9920814 0.1011424 -0.07446285 0.07484667 0 -0.9971951
Fetal_Lung Prostate 0 0 0 0.06947146 0.003340854 -0.03431653 0.01693172 0.9992676 -0.9994109 0 -0.03432145
Fetal_Lung Small-Intestine 0 0 0 0.06498779 0.1041677 0.2461928 0.4958767 0.8327637 -0.9589711 0 0.283504
Fetal_Lung Spleen 0.005156226 0.06923299 0.2062134 0.07447643 0.02500432 0.7180144 0.1734414 0.6740723 -0.6844456 0 0.7290639
Fetal_Lung Stomach 0 0 0 0.06498779 0.0318761 0.2461928 0.4958767 0.8327637 -0.9589711 0 0.283504
Fetal_Lung Testis 0.0004105777 0.003723167 0.008079623 0.1102764 0.05081644 0.8880645 0.2201754 -0.4035644 0.4137169 0 0.9104056
Fetal_Lung Thymus 0.002290861 0.02565572 0.09108308 0.08929243 0.02515134 0.8769203 0.4590772 0.142334 -0.1602145 0 0.9870822
Fetal_Lung Trophoblast-Stem-Cell 0 0 0 0.08263007 0.06082918 0.8680545 0.01140375 0.4963379 -0.4963702 0 0.868111
Fetal_Lung Uterus 0.03604305 0.4881888 0.2016105 0.07383014 0.1787757 -0.1153257 0.02846082 0.9929199 -0.9933223 0 -0.1153724
Fetal_Stomache Fetal_Kidney 0 0 0 0.05792828 0.008287401 -0.03431653 0.01693172 0.9992676 -0.9994109 0 -0.03432145
Fetal_Stomache Kidney 0 0 0 0.04025392 0.08550769 -0.1425354 0.4767033 0.8674316 -0.9867671 0 -0.1621445
Fetal_Stomache Liver 0.001708199 0.03836592 0.02232634 0.04452387 0.07651047 0.3925986 0.8733454 -0.2883301 0.5919302 0 0.8059892
Fetal_Stomache Lung 0.01012368 0.1846371 0.09905928 0.05483015 0.1021982 0.4707174 0.2843547 0.8352051 -0.8711677 0 0.4909857
Fetal_Stomache MammaryGland.Involution 0 0 0 0.05818721 0.09298971 -0.5944687 0.4901663 0.6374512 -0.7313332 0 -0.6820203
Fetal_Stomache MammaryGland.Lactation 0 0 0 0.04718209 0.03550209 -0.1366432 0.2874514 0.947998 -0.9897711 0 -0.1426644
Fetal_Stomache MammaryGland.Pregnancy 0.003647084 0.05847777 0.06802972 0.06236703 0.05361016 -0.1583029 0.9843528 0.07739256 -0.4392102 0 -0.8983843
Fetal_Stomache MammaryGland.Virgin 0.008499295 0.1819562 0.1037006 0.04671067 0.08195992 -0.302533 0.7210979 0.623291 -0.8996263 0 -0.4366606
Fetal_Stomache Mesenchymal-Stem-Cell-Cultured 0 0 0 0.07222782 0.02003213 0.8292333 0.1667517 0.5334473 -0.5410222 0 0.8410084
Fetal_Stomache Bone_Marrow_Mesenchyme 0.01412331 0.3159192 0.1811104 0.04470546 0.07798178 0.3079579 0.9500569 -0.05053708 0.1619378 0 0.9868009
Fetal_Stomache Muscle 0.0260382 0.6293855 0.2135502 0.04137082 0.1219301 0.1002674 0.5117365 0.8532715 -0.9931664 0 0.1167064
Fetal_Stomache Neonatal-Calvaria 0.03124763 0.812676 0.2175816 0.0384503 0.1436134 -0.108773 0.5709878 0.8137207 -0.9911836 0 -0.1324951
Fetal_Stomache Neonatal-Heart 0.01782448 0.3650112 0.3732482 0.0488327 0.04775504 -0.4736908 0.2893911 0.8317871 -0.8689695 0 -0.4948657
Fetal_Stomache Neonatal-Muscle 0.02537723 0.6170935 0.1727664 0.0411238 0.1468876 0.08932251 0.7524297 0.6525879 -0.9907623 0 0.1356099
Fetal_Stomache Neonatal-Rib 0.02759757 0.3711261 0.1695549 0.07436171 0.1627648 0.7698446 0.04021977 0.6369629 -0.6374787 0 0.770468
Fetal_Stomache Neonatal-Skin 0.02636408 0.3279872 0.3428077 0.08038143 0.07690634 -0.8027294 0.1242692 -0.583252 0.5878083 0 -0.8090003
Fetal_Stomache Ovary 0.02401058 0.4468147 0.1954392 0.05373722 0.1228545 0.5874547 0.02604129 -0.8088379 0.8091123 0 0.5876541
Fetal_Stomache Pancreas 0 0 0 0.05268286 0.07269714 -0.1010978 0.1390777 0.9851074 -0.9947752 0 -0.10209
Fetal_Stomache Peripheral_Blood 0.01160197 0.2555824 0.1143105 0.04539423 0.1014952 0.4277721 0.716131 0.5515137 -0.7901729 0 0.612884
Fetal_Stomache Placenta 0.01970199 0.4612597 0.252752 0.04271344 0.07794988 -0.2307896 0.6650902 0.7102051 -0.9510447 0 -0.3090533
Fetal_Stomache Prostate 0 0 0 0.05792828 0.003340854 -0.03431653 0.01693172 0.9992676 -0.9994109 0 -0.03432145
Fetal_Stomache Small-Intestine 0 0 0 0.05200135 0.08479506 -0.4165192 0.07526719 0.9060059 -0.9085831 0 -0.417704
Fetal_Stomache Spleen 0.002668318 0.03952683 0.1067143 0.06750651 0.02500432 0.7180144 0.1734414 0.6740723 -0.6844456 0 0.7290639
Fetal_Stomache Stomach 0 0 0 0.05057369 0.03671464 0.2542328 0.3291109 0.9094238 -0.9630755 0 0.2692313
Fetal_Stomache Testis 0 0 0 0.04995457 0.1157769 -0.1625286 0.1886289 0.9685059 -0.9862099 0 -0.1654996
Fetal_Stomache Thymus 0 0 0 0.06763775 0.02989869 -0.8348989 0.05034843 0.5480957 -0.5487917 0 -0.8359591
Fetal_Stomache Trophoblast-Stem-Cell 0.0005378697 0.006735514 0.01115956 0.07985577 0.04819812 -0.3655861 0.4723767 -0.8020019 0.9099215 0 -0.4147804
Fetal_Stomache Uterus 0.02067037 0.4634787 0.1559701 0.04459831 0.1325278 0.4328586 0.8445659 -0.3151855 0.5886348 0 0.808399
Fetal_Kidney Kidney 0.002968469 1 0.05688508 0.002968469 0.05218361 -0.9688419 0.2327409 -0.08471674 0.08710887 0 -0.9961988
Fetal_Kidney Liver 0 0 0 0.007611823 0.1035202 -0.2801453 0.02150143 0.9597168 -0.9599388 0 -0.28021
Fetal_Kidney Lung 0.0003912854 0.08865611 0.003796562 0.004413519 0.1030631 -0.3942384 0.6272862 -0.6716309 0.8624044 0 -0.50622
Fetal_Kidney MammaryGland.Involution 0 0 0 0.008107368 0.1492365 -0.1153257 0.02846082 0.9929199 -0.9933223 0 -0.1153724
Fetal_Kidney MammaryGland.Lactation 0 0 0 0.008287401 0.03575696 -0.03431653 0.01693172 0.9992676 -0.9994109 0 -0.03432145
Fetal_Kidney MammaryGland.Pregnancy 0 0 0 0.008287401 0.07681549 -0.03431653 0.01693172 0.9992676 -0.9994109 0 -0.03432145
Fetal_Kidney MammaryGland.Virgin 0 0 0 0.008287401 0.1185413 -0.03431653 0.01693172 0.9992676 -0.9994109 0 -0.03432145
Fetal_Kidney Mesenchymal-Stem-Cell-Cultured 0 0 0 0.008287401 0.02887107 -0.03431653 0.01693172 0.9992676 -0.9994109 0 -0.03432145
Fetal_Kidney Bone_Marrow_Mesenchyme 0 0 0 0.008287401 0.1066606 -0.03431653 0.01693172 0.9992676 -0.9994109 0 -0.03432145
Fetal_Kidney Muscle 0 0 0 0.008287401 0.1085813 -0.03431653 0.01693172 0.9992676 -0.9994109 0 -0.03432145
Fetal_Kidney Neonatal-Calvaria 0 0 0 0.008287401 0.1317362 -0.03431653 0.01693172 0.9992676 -0.9994109 0 -0.03432145
Fetal_Kidney Neonatal-Heart 0 0 0 0.008287401 0.07000706 -0.03431653 0.01693172 0.9992676 -0.9994109 0 -0.03432145
Fetal_Kidney Neonatal-Muscle 0 0 0 0.009060157 0.1369694 0.1755089 0.06725698 0.9821777 -0.9844068 0 0.1759073
Fetal_Kidney Neonatal-Rib 0 0 0 0.008287401 0.1453235 -0.03431653 0.01693172 0.9992676 -0.9994109 0 -0.03432145
Fetal_Kidney Neonatal-Skin 0 0 0 0.009348561 0.08881167 0.6796491 0.2641491 0.6843262 -0.7095273 0 0.704678
Fetal_Kidney Ovary 0 0 0 0.009732227 0.1523251 0.1710274 0.1756515 0.9694824 -0.9847935 0 0.1737285
Fetal_Kidney Pancreas 0 0 0 0.008287401 0.07243971 -0.03431653 0.01693172 0.9992676 -0.9994109 0 -0.03432145
Fetal_Kidney Peripheral_Blood 0 0 0 0.008287401 0.09027068 -0.03431653 0.01693172 0.9992676 -0.9994109 0 -0.03432145
Fetal_Kidney Placenta 0 0 0 0.008287401 0.1066019 -0.03431653 0.01693172 0.9992676 -0.9994109 0 -0.03432145
Fetal_Kidney Prostate 0 0 0 0.008287401 0.003340854 -0.03431653 0.01693172 0.9992676 -0.9994109 0 -0.03432145
Fetal_Kidney Small-Intestine 0 0 0 0.008287401 0.09126162 -0.03431653 0.01693172 0.9992676 -0.9994109 0 -0.03432145
Fetal_Kidney Spleen 0 0 0 0.008287401 0.05562014 -0.03431653 0.01693172 0.9992676 -0.9994109 0 -0.03432145
Fetal_Kidney Stomach 0 0 0 0.008287401 0.05007149 -0.03431653 0.01693172 0.9992676 -0.9994109 0 -0.03432145
Fetal_Kidney Testis 0 0 0 0.008287401 0.1132242 -0.03431653 0.01693172 0.9992676 -0.9994109 0 -0.03432145
Fetal_Kidney Thymus 0 0 0 0.008287401 0.04071087 -0.03431653 0.01693172 0.9992676 -0.9994109 0 -0.03432145
Fetal_Kidney Trophoblast-Stem-Cell 0 0 0 0.008287401 0.07511686 -0.03431653 0.01693172 0.9992676 -0.9994109 0 -0.03432145
Fetal_Kidney Uterus 0.0001684337 0.0443365 0.0009192711 0.003798985 0.1832253 -0.6833608 0.4555033 -0.5705566 0.6409062 0 -0.7676191
Kidney Liver 0.02666591 0.4916851 0.268568 0.05423372 0.09928925 -0.9490953 0.2319304 0.2131348 -0.2191093 0 -0.9757003
Kidney Lung 0.0267121 0.4387204 0.2956336 0.06088638 0.09035542 0.2351575 0.7522547 0.6154785 -0.9341391 0 0.356909
Kidney MammaryGland.Involution 0.02939248 0.4692039 0.3909451 0.0626433 0.07518315 -0.6449888 0.6895802 0.3293458 -0.4547659 0 -0.890611
Kidney MammaryGland.Lactation 0.003990046 0.06102018 0.1035322 0.06538896 0.03853919 0.003039747 0.8055432 0.5925293 -0.9999868 0 0.005130053
Kidney MammaryGland.Pregnancy 0.01606196 0.2358748 0.3350711 0.06809526 0.04793597 -0.3367673 0.8663158 0.3688965 -0.7385366 0 -0.6742134
Kidney MammaryGland.Virgin 0.02063751 0.3063994 0.2708962 0.06735493 0.07618234 -0.3778043 0.8000299 0.4660645 -0.7768257 0 -0.6297156
Kidney Mesenchymal-Stem-Cell-Cultured 0 0 0 0.08789167 0.02896973 0.1419002 0.2285514 0.9631348 -0.9893203 0 0.1457581
Kidney Bone_Marrow_Mesenchyme 0.01544804 0.1914488 0.2511532 0.08069018 0.06150842 -0.3772974 0.925106 -0.04272464 0.1125195 0 -0.9936495
Kidney Muscle 0.02063211 0.3388625 0.1578449 0.06088638 0.1307113 0.2351575 0.7522547 0.6154785 -0.9341391 0 0.356909
Kidney Neonatal-Calvaria 0.01909454 0.3048138 0.1283171 0.0626433 0.1488074 -0.6449888 0.6895802 0.3293458 -0.4547659 0 -0.890611
Kidney Neonatal-Heart 0.008873589 0.142724 0.2004633 0.06217308 0.04426541 -0.6765515 0.6786352 0.2858886 -0.3892419 0 -0.9211356
Kidney Neonatal-Muscle 0.0105675 0.1720217 0.0910835 0.06143121 0.1160199 0.2536518 0.8860947 0.3879395 -0.8369705 0 0.547248
Kidney Neonatal-Rib 0.01950745 0.3203911 0.1261252 0.06088638 0.1546673 0.2351575 0.7522547 0.6154785 -0.9341391 0 0.356909
Kidney Neonatal-Skin 0.01613859 0.2650607 0.1128166 0.06088638 0.1430515 0.2351575 0.7522547 0.6154785 -0.9341391 0 0.356909
Kidney Ovary 0.01468109 0.2411227 0.1156552 0.06088638 0.1269384 0.2351575 0.7522547 0.6154785 -0.9341391 0 0.356909
Kidney Pancreas 0.0006326414 0.01029389 0.01450546 0.06145797 0.04361401 0.2476928 0.8288163 0.5017089 -0.896676 0 0.4426873
Kidney Peripheral_Blood 0.003641492 0.06783612 0.04546398 0.05368072 0.08009619 -0.9282994 0.371358 0.01879887 -0.02024672 0 -0.999795
Kidney Placenta 0.0005047649 0.007757719 0.009700801 0.06506615 0.05203332 -0.5486528 0.7398273 0.3894043 -0.5787843 0 -0.8154806
Kidney Prostate 0 0 0 0.09374697 0.003340854 -0.03431653 0.01693172 0.9992676 -0.9994109 0 -0.03432145
Kidney Small-Intestine 0.01046813 0.1560042 0.1341939 0.0671016 0.07800752 -0.1331076 0.8181911 0.5593262 -0.9728318 0 -0.2315131
Kidney Spleen 0.003391099 0.06173306 0.07191785 0.05493166 0.0471524 0.9783048 0.09918419 0.1818848 -0.1827861 0 0.9831527
Kidney Stomach 0.001158271 0.01824378 0.04037727 0.06348853 0.02868621 0.1575373 0.8832479 0.4416504 -0.9418736 0 0.3359675
Kidney Testis 0.001820879 0.02147978 0.01738142 0.08477177 0.1047601 -0.158641 0.9624089 -0.2204589 0.8116905 0 -0.5840877
Kidney Thymus 0.002072324 0.03554713 0.110971 0.05829792 0.01867447 -0.8573598 0.4773145 0.192627 -0.21921 0 -0.9756777
Kidney Trophoblast-Stem-Cell 0 0 0 0.09143528 0.07472058 0.2073021 0.003277564 0.9782715 -0.9782767 0 0.2073032
Kidney Uterus 0.01094815 0.199305 0.07237324 0.05493166 0.1512735 0.9783048 0.09918419 0.1818848 -0.1827861 0 0.9831527
Liver Lung 0.02539983 0.3593666 0.2373553 0.07067943 0.1070118 0.1931765 0.8131437 -0.5490721 0.9433208 0 0.3318825
Liver MammaryGland.Involution 0.04202667 0.487619 0.4900545 0.0861875 0.08575916 0.599965 0.7998689 0.01586915 -0.02644087 0 0.9996504
Liver MammaryGland.Lactation 0.003127627 0.02730738 0.1136647 0.1145341 0.02751625 0.123305 0.3881031 0.9133301 -0.9910094 0 0.1337921
Liver MammaryGland.Pregnancy 0.038987 0.5448374 0.591644 0.07155713 0.06589604 0.09519441 0.7873358 -0.6091308 0.9880076 0 0.1544049
Liver MammaryGland.Virgin 0.05073922 0.7200269 0.4388249 0.0704685 0.1156252 0.1544363 0.8387128 -0.5222167 0.9589454 0 0.283591
Liver Mesenchymal-Stem-Cell-Cultured 0 0 0 0.1080406 0.02383111 0.3547372 0.01683701 0.9348145 -0.934947 0 0.3547874
Liver Bone_Marrow_Mesenchyme 0.03459151 0.4757915 0.4184289 0.07270309 0.08266999 0.2837969 0.8933558 -0.3483887 0.7753172 0 0.6315721
Liver Muscle 0.04488027 0.4376869 0.5229555 0.1025397 0.08582044 -0.6500318 0.7264806 -0.2229004 0.3243665 0 -0.9459316
Liver Neonatal-Calvaria 0.05422451 0.5207053 0.4350592 0.1041366 0.1246371 -0.513895 0.2686636 -0.8146973 0.8457937 0 -0.53351
Liver Neonatal-Heart 0.01160206 0.1443354 0.2692629 0.08038264 0.04308823 -0.1440393 0.842975 -0.5183107 0.9634872 0 -0.2677545
Liver Neonatal-Muscle 0.01978959 0.2712389 0.1677729 0.07296 0.1179546 0.100862 0.8995335 -0.4250488 0.9729813 0 0.2308836
Liver Neonatal-Rib 0.03475752 0.4871152 0.1742409 0.07135381 0.1994797 0.1134267 0.86125 -0.4953612 0.9747724 0 0.2232013
Liver Neonatal-Skin 0.01361254 0.1297654 0.1895845 0.1049011 0.07180195 -0.8094773 0.2968354 -0.5065919 0.5305023 0 -0.8476835
Liver Ovary 0.02185391 0.2067793 0.1579153 0.1056871 0.1383901 0.8636836 0.4053569 0.2995605 -0.3276899 0 0.9447854
Liver Pancreas 0.0002725913 0.002419933 0.006727847 0.1126442 0.04051688 0.5238841 0.6577106 0.5412598 -0.7185462 0 0.6954792
Liver Peripheral_Blood 0.04119424 0.3832365 0.5992414 0.1074904 0.06874398 -0.8870299 0.1779899 -0.4260253 0.4329383 0 -0.9014235
Liver Placenta 0.009142655 0.1257533 0.08252487 0.07270309 0.1107867 0.2837969 0.8933558 -0.3483887 0.7753172 0 0.6315721
Liver Prostate 0 0 0 0.1052666 0.003340854 -0.03431653 0.01693172 0.9992676 -0.9994109 0 -0.03432145
Liver Small-Intestine 0.009140451 0.08041047 0.1146438 0.1136724 0.0797291 -0.1037414 0.7911322 0.6027832 -0.9855112 0 -0.1696103
Liver Spleen 0.02476021 0.2130387 0.9902371 0.116224 0.02500432 0.7180144 0.1734414 0.6740723 -0.6844456 0 0.7290639
Liver Stomach 0.00101002 0.009255442 0.0324655 0.1091272 0.03111058 0.5095172 0.7307271 0.4543457 -0.6655426 0 0.7463599
Liver Testis 0.0002907505 0.002925498 0.003894193 0.09938496 0.0746626 0.9139482 0.3517611 0.2023925 -0.2162106 0 0.9763467
Liver Thymus 0.006377036 0.0594459 0.5480842 0.1072746 0.01163514 -0.9706191 0.1686458 -0.1716308 0.1741248 0 -0.9847236
Liver Trophoblast-Stem-Cell 0 0 0 0.1078093 0.07689583 0.2289817 0.05414301 0.9719238 -0.9733515 0 0.229318
Liver Uterus 0.04836898 0.5915656 0.423653 0.08176436 0.1141712 0.6255175 0.7701712 -0.1247559 0.1955921 0 0.9806853
Lung MammaryGland.Involution 0.02768605 0.3385836 0.3573326 0.0817702 0.07747976 0.01770441 0.9743443 0.2243652 -0.9969012 0 0.07866436
Lung MammaryGland.Lactation 0.005554909 0.06679057 0.1278733 0.08316906 0.04344072 -0.06243 0.9761848 0.2077637 -0.9576982 0 -0.2877745
Lung MammaryGland.Pregnancy 0.03110726 0.3318509 0.6203071 0.09373865 0.05014816 -0.2565389 0.957601 0.1311036 -0.4550661 0 -0.8904576
Lung MammaryGland.Virgin 0.04575759 0.5001184 0.4551509 0.09149352 0.1005328 -0.2369422 0.9421574 -0.2370606 0.7072834 0 -0.7069302
Lung Mesenchymal-Stem-Cell-Cultured 0 0 0 0.1144828 0.02765609 0.2448073 0.2269885 0.942627 -0.9678914 0 0.2513687
Lung Bone_Marrow_Mesenchyme 0.0405314 0.4111817 0.6837217 0.09857298 0.05928056 -0.3574097 0.9270819 -0.1130372 0.301546 0 -0.9534517
Lung Muscle 0.05271357 0.4960614 0.5309041 0.1062642 0.0992902 -0.07472452 0.680157 -0.729248 0.9947912 0 -0.1019342
Lung Neonatal-Calvaria 0.04819451 0.4923933 0.3756754 0.09787806 0.1282876 -0.5427951 0.368638 -0.7546386 0.8118121 0 -0.5839188
Lung Neonatal-Heart 0.01961724 0.2093449 0.4601656 0.09370776 0.04263082 -0.2636377 0.9229329 -0.2805175 0.7286909 0 -0.6848428
Lung Neonatal-Muscle 0.04409157 0.5382447 0.3862534 0.08191732 0.1141519 0.3021377 0.8822308 0.361084 -0.7669303 0 0.6417304
Lung Neonatal-Rib 0.051055 0.5217593 0.3583322 0.09785165 0.1424795 -0.5981973 0.2967343 -0.7443848 0.7794931 0 -0.6264108
Lung Neonatal-Skin 0.04543282 0.4681694 0.642556 0.09704356 0.0707064 -0.667315 0.3167289 -0.6740723 0.7106599 0 -0.7035357
Lung Ovary 0.046612 0.5020175 0.3625352 0.09284935 0.1285723 0.4646938 0.7433068 0.4812012 -0.7193374 0 0.6946608
Lung Pancreas 0.003535457 0.04108886 0.08211462 0.08604418 0.04305515 0.2947769 0.829229 0.4748535 -0.8496079 0 0.5274148
Lung Peripheral_Blood 0.02919545 0.2983644 0.4378757 0.09785165 0.06667519 -0.5981973 0.2967343 -0.7443848 0.7794931 0 -0.6264108
Lung Placenta 0.02490191 0.3250207 0.294857 0.07661637 0.08445418 0.02583054 0.9988544 0.04028323 -0.8418035 0 0.5397841
Lung Prostate 0 0 0 0.1382939 0.003340854 -0.03431653 0.01693172 0.9992676 -0.9994109 0 -0.03432145
Lung Small-Intestine 0.01551108 0.1149797 0.2360498 0.1349027 0.06571104 -0.4112755 0.7667348 0.49292 -0.7678313 0 -0.6406521
Lung Spleen 0.01371675 0.1296764 0.5408187 0.1057768 0.02536294 0.7491762 0.140874 0.6472168 -0.6537362 0 0.7567226
Lung Stomach 0.003159041 0.03743372 0.1043571 0.08439024 0.03027146 0.2757838 0.8589764 0.4313965 -0.8425462 0 0.5386242
Lung Testis 0.006522434 0.061796 0.06610119 0.1055478 0.09867349 0.2915881 0.8600382 -0.4187012 0.8206132 0 0.571484
Lung Thymus 0.003720587 0.02530207 0.3295979 0.1470467 0.01128826 -0.9288439 0.3580917 -0.09497069 0.1017158 0 -0.9948135
Lung Trophoblast-Stem-Cell 0 0 0 0.1136674 0.08117203 0.2718759 0.1597833 0.9489746 -0.9613256 0 0.2754143
Lung Uterus 0.05920862 0.7729903 0.3921518 0.07659684 0.1509839 0.2268827 0.9462007 0.230713 -0.7130005 0 0.7011635
MammaryGland.Involution MammaryGland.Lactation 0.008481293 0.1270958 0.2018302 0.06673152 0.04202193 -0.04946801 0.9456053 0.3215332 -0.9883711 0 -0.1520613
MammaryGland.Involution MammaryGland.Pregnancy 0.03647342 0.611493 0.760878 0.05964651 0.04793597 -0.3367673 0.8663158 0.3688965 -0.7385366 0 -0.6742134
MammaryGland.Involution MammaryGland.Virgin 0.03179974 0.4778277 0.3933309 0.06655063 0.08084729 -0.4030093 0.8706718 0.2819825 -0.573293 0 -0.8193504
MammaryGland.Involution Mesenchymal-Stem-Cell-Cultured 0 0 0 0.1369667 0.02765609 0.2448073 0.2269885 0.942627 -0.9678914 0 0.2513687
MammaryGland.Involution Bone_Marrow_Mesenchyme 0.02432086 0.4141803 0.2660435 0.05872045 0.09141686 -0.2618573 0.8847723 0.385498 -0.8272071 0 -0.5618972
MammaryGland.Involution Muscle 0.02581177 0.3567345 0.2314138 0.07235569 0.1115395 0.0777383 0.9471335 0.3112793 -0.9702023 0 0.2422965
MammaryGland.Involution Neonatal-Calvaria 0.03520542 0.6043842 0.2138843 0.05825006 0.1646003 -0.3415917 0.8309095 0.439209 -0.7893655 0 -0.6139235
MammaryGland.Involution Neonatal-Heart 0.01569483 0.2046723 0.3559248 0.07668275 0.04409593 -0.6723493 0.6488968 0.3562012 -0.4681459 0 -0.8836511
MammaryGland.Involution Neonatal-Muscle 0.02668965 0.3999557 0.2054623 0.06673152 0.1299005 -0.04946801 0.9456053 0.3215332 -0.9883711 0 -0.1520613
MammaryGland.Involution Neonatal-Rib 0.03403795 0.5705991 0.1981968 0.059653 0.1717381 -0.2286322 0.8739135 0.4289551 -0.8824758 0 -0.4703578
MammaryGland.Involution Neonatal-Skin 0.03116225 0.3759345 0.2179317 0.08289276 0.1429909 -0.09428354 0.9818931 0.1643067 -0.8673458 0 -0.497706
MammaryGland.Involution Ovary 0.02217119 0.3518289 0.1668231 0.06301697 0.1329024 -0.196639 0.8591623 0.4724121 -0.9232153 0 -0.3842833
MammaryGland.Involution Pancreas 0.01208152 0.1708056 0.271067 0.07073256 0.04457023 -0.006871271 0.8779191 0.4787598 -0.9998971 0 -0.01435075
MammaryGland.Involution Peripheral_Blood 0.02253738 0.2685001 0.2304977 0.08393805 0.09777705 0.1481263 0.7281786 0.6691895 -0.9763667 0 0.2161205
MammaryGland.Involution Placenta 0.006804011 0.1078535 0.1251122 0.06308568 0.05438329 -0.3696506 0.8703147 0.3254394 -0.660796 0 -0.7505656
MammaryGland.Involution Prostate 0 0 0 0.1520555 0.003340854 -0.03431653 0.01693172 0.9992676 -0.9994109 0 -0.03432145
MammaryGland.Involution Small-Intestine 0.02265001 0.3623903 0.3448217 0.06250171 0.06568616 -0.4471172 0.7733495 0.4494629 -0.7089543 0 -0.7052544
MammaryGland.Involution Spleen 0.01745441 0.1229182 0.5372391 0.1420002 0.03248909 0.8680545 0.01140375 0.4963379 -0.4963702 0 0.868111
MammaryGland.Involution Stomach 0.004807471 0.07022828 0.1882119 0.06845491 0.02554286 -0.03572223 0.8995751 0.4353028 -0.9966498 0 -0.08178801
MammaryGland.Involution Testis 0.01030931 0.08711514 0.09957638 0.1183412 0.1035317 -0.2866079 0.934703 -0.2102051 0.5914112 0 -0.8063701
MammaryGland.Involution Thymus 0.008199191 0.07210243 0.516066 0.1137159 0.01588787 -0.7650083 0.628095 -0.142334 0.1829164 0 -0.9831285
MammaryGland.Involution Trophoblast-Stem-Cell 0 0 0 0.1433631 0.07712081 0.4227867 0.09136975 0.9016113 -0.9053986 0 0.4245626
MammaryGland.Involution Uterus 0.04409651 0.7570209 0.2777297 0.05825006 0.1587749 -0.3415917 0.8309095 0.439209 -0.7893655 0 -0.6139235
MammaryGland.Lactation MammaryGland.Pregnancy 0.007725376 0.2259267 0.1094625 0.03419417 0.07057554 -0.09642142 0.457371 0.8840332 -0.9941044 0 -0.1084269
MammaryGland.Lactation MammaryGland.Virgin 0.00893112 0.2170446 0.1081955 0.04114879 0.0825461 -0.01899439 0.9308176 0.3649902 -0.9986486 0 -0.0519705
MammaryGland.Lactation Mesenchymal-Stem-Cell-Cultured 0 0 0 0.02738221 0.02820484 0.1710274 0.1756515 0.9694824 -0.9847935 0 0.1737285
MammaryGland.Lactation Bone_Marrow_Mesenchyme 0.001892575 0.04169284 0.0216263 0.04539328 0.08751266 -0.7764396 0.6288072 0.04174802 -0.05369098 0 -0.9985576
MammaryGland.Lactation Muscle 0.004722283 0.1050294 0.04905415 0.04496153 0.09626675 -0.2243704 0.9587422 0.1745606 -0.6140507 0 -0.7892665
MammaryGland.Lactation Neonatal-Calvaria 0.004026225 0.09784553 0.02291095 0.04114879 0.1757337 -0.01899439 0.9308176 0.3649902 -0.9986486 0 -0.0519705
MammaryGland.Lactation Neonatal-Heart 0.001336734 0.02941215 0.03281341 0.04544837 0.04073744 -0.4321643 0.892428 -0.1296387 0.2873263 0 -0.9578328
MammaryGland.Lactation Neonatal-Muscle 0.002944245 0.07093557 0.02788352 0.0415059 0.1055909 -0.9374179 0.04365502 -0.345459 0.3457886 0 -0.9383124
MammaryGland.Lactation Neonatal-Rib 0.004901163 0.1223559 0.02866164 0.04005661 0.1710008 -0.006871271 0.8779191 0.4787598 -0.9998971 0 -0.01435075
MammaryGland.Lactation Neonatal-Skin 0.004075287 0.091607 0.03763317 0.04448663 0.1082898 -0.8147862 0.5779996 -0.04516607 0.05534806 0 -0.9984671
MammaryGland.Lactation Ovary 0.002498195 0.06280959 0.02027273 0.0397741 0.1232293 0.06440443 0.8662963 0.4953614 -0.9916537 0 0.1289299
MammaryGland.Lactation Pancreas 0.0004081582 0.009444079 0.009785229 0.04321842 0.04171166 0.4186534 0.7527335 0.5080566 -0.771741 0 0.635937
MammaryGland.Lactation Peripheral_Blood 0 0 0 0.02751625 0.08044006 0.123305 0.3881031 0.9133301 -0.9910094 0 0.1337921
MammaryGland.Lactation Placenta 0.0006730038 0.01534716 0.01020787 0.04385202 0.0659299 -0.1596455 0.9519161 0.2614746 -0.8534917 0 -0.5211063
MammaryGland.Lactation Prostate 0 0 0 0.03575696 0.003340854 -0.03431653 0.01693172 0.9992676 -0.9994109 0 -0.03432145
MammaryGland.Lactation Small-Intestine 0.011529 0.2914351 0.1318523 0.0395594 0.08743873 -0.7682556 0.5404834 -0.3430176 0.4076968 0 -0.9131174
MammaryGland.Lactation Spleen 0 0 0 0.03052747 0.04998923 0.03808563 0.3085682 0.9504395 -0.9991981 0 0.04003947
MammaryGland.Lactation Stomach 0.0005786027 0.01434104 0.02181167 0.04034593 0.02652721 0.03776363 0.8912667 0.4519043 -0.9965266 0 0.0832753
MammaryGland.Lactation Testis 0 0 0 0.03338672 0.1076631 0.7923183 0.0008303243 0.6101074 -0.6101077 0 0.7923186
MammaryGland.Lactation Thymus 0 0 0 0.02717948 0.04087356 0.1398998 0.3400812 0.9299316 -0.9888723 0 0.1487669
MammaryGland.Lactation Trophoblast-Stem-Cell 0 0 0 0.02684195 0.07657736 0.3215272 0.05887337 0.9450684 -0.9467105 0 0.3220858
MammaryGland.Lactation Uterus 0.00207991 0.08035172 0.01076926 0.02588507 0.1931339 0.5579661 0.1579311 0.8146973 -0.8250515 0 0.5650575
MammaryGland.Pregnancy MammaryGland.Virgin 0.02254733 0.4276107 0.2612579 0.05272863 0.08630295 -0.1758396 0.9732747 0.147705 -0.6431914 0 -0.7657055
MammaryGland.Pregnancy Mesenchymal-Stem-Cell-Cultured 0 0 0 0.09298272 0.02589959 0.2810331 0.09154117 0.9553223 -0.9593503 0 0.282218
MammaryGland.Pregnancy Bone_Marrow_Mesenchyme 0.01828341 0.3329183 0.3083503 0.05491862 0.05929428 -0.1999303 0.9765523 -0.07983398 0.3708374 0 -0.9286978
MammaryGland.Pregnancy Muscle 0.02728551 0.5478569 0.2834364 0.04980407 0.09626675 -0.2243704 0.9587422 0.1745606 -0.6140507 0 -0.7892665
MammaryGland.Pregnancy Neonatal-Calvaria 0.03460372 0.7218738 0.2032385 0.04793597 0.1702616 -0.3367673 0.8663158 0.3688965 -0.7385366 0 -0.6742134
MammaryGland.Pregnancy Neonatal-Heart 0.01933856 0.298955 0.4595183 0.06468721 0.04208443 -0.361742 0.9042685 -0.2268066 0.5312074 0 -0.8472418
MammaryGland.Pregnancy Neonatal-Muscle 0.0220878 0.440451 0.1621783 0.05014816 0.1361946 -0.2565389 0.957601 0.1311036 -0.4550661 0 -0.8904576
MammaryGland.Pregnancy Neonatal-Rib 0.03386054 0.6752101 0.17608 0.05014816 0.192302 -0.2565389 0.957601 0.1311036 -0.4550661 0 -0.8904576
MammaryGland.Pregnancy Neonatal-Skin 0.02361935 0.4541221 0.1711715 0.05201101 0.1379865 -0.2396524 0.9689537 0.06079102 -0.2458761 0 -0.9693013
MammaryGland.Pregnancy Ovary 0.02330276 0.4153698 0.1559055 0.05610124 0.1494673 -0.1184114 0.9909492 -0.06323245 0.4710505 0 -0.8821063
MammaryGland.Pregnancy Pancreas 0.003601525 0.04339317 0.08129862 0.08299752 0.04429996 0.2011689 0.8247125 0.5285645 -0.9345988 0 0.3557035
MammaryGland.Pregnancy Peripheral_Blood 0.02743094 0.4942172 0.2973276 0.05550382 0.09225832 -0.4298457 0.585587 0.6872559 -0.8478259 0 -0.5302746
MammaryGland.Pregnancy Placenta 0.01200399 0.2410243 0.1858946 0.04980407 0.06457417 -0.2243704 0.9587422 0.1745606 -0.6140507 0 -0.7892665
MammaryGland.Pregnancy Prostate 0 0 0 0.07681549 0.003340854 -0.03431653 0.01693172 0.9992676 -0.9994109 0 -0.03432145
MammaryGland.Pregnancy Small-Intestine 0.01836993 0.3084796 0.2354892 0.05954989 0.07800752 -0.1331076 0.8181911 0.5593262 -0.9728318 0 -0.2315131
MammaryGland.Pregnancy Spleen 0.01506065 0.1297008 0.3995856 0.1161184 0.03769068 -0.7095339 0.1035506 -0.6970214 0.7007887 0 -0.7133688
MammaryGland.Pregnancy Stomach 0.002969875 0.03851024 0.1035297 0.07711907 0.02868621 0.1575373 0.8832479 0.4416504 -0.9418736 0 0.3359675
MammaryGland.Pregnancy Testis 0.006928611 0.1188635 0.06664232 0.05829046 0.1039671 -0.2088478 0.9585929 -0.1936035 0.679835 0 -0.7333651
MammaryGland.Pregnancy Thymus 0.007307813 0.07722781 0.4599617 0.0946267 0.01588787 -0.7650083 0.628095 -0.142334 0.1829164 0 -0.9831285
MammaryGland.Pregnancy Trophoblast-Stem-Cell 0 0 0 0.09072015 0.07937711 0.23438 0.1128214 0.9655762 -0.9717807 0 0.2358861
MammaryGland.Pregnancy Uterus 0.02541863 0.4232223 0.1584293 0.06005975 0.1604414 -0.2953206 0.4942388 0.817627 -0.9405295 0 -0.339712
MammaryGland.Virgin Mesenchymal-Stem-Cell-Cultured 0 0 0 0.1129148 0.02865205 0.200275 0.2885672 0.9362793 -0.9778786 0 0.2091733
MammaryGland.Virgin Bone_Marrow_Mesenchyme 0.0306812 0.33173 0.5174394 0.09248846 0.05929428 -0.1999303 0.9765523 -0.07983398 0.3708374 0 -0.9286978
MammaryGland.Virgin Muscle 0.04097444 0.478852 0.4032294 0.08556808 0.1016157 -0.09428354 0.9818931 0.1643067 -0.8673458 0 -0.497706
MammaryGland.Virgin Neonatal-Calvaria 0.05382401 0.6814939 0.3567752 0.07897945 0.1508625 -0.4777182 0.7381776 0.4763183 -0.7060685 0 -0.7081435
MammaryGland.Virgin Neonatal-Heart 0.02112371 0.203938 0.5004668 0.1035791 0.042208 -0.312887 0.9152908 -0.2536621 0.6297569 0 -0.7767922
MammaryGland.Virgin Neonatal-Muscle 0.04028076 0.4445116 0.3528697 0.09061801 0.1141519 0.3021377 0.8822308 0.361084 -0.7669303 0 0.6417304
MammaryGland.Virgin Neonatal-Rib 0.05739585 0.633994 0.3393542 0.09053059 0.1691326 0.2757838 0.8589764 0.4313965 -0.8425462 0 0.5386242
MammaryGland.Virgin Neonatal-Skin 0.03507987 0.3527169 0.2733706 0.09945615 0.1283235 -0.2866079 0.934703 -0.2102051 0.5914112 0 -0.8063701
MammaryGland.Virgin Ovary 0.04609935 0.5689149 0.3468661 0.0810303 0.1329024 -0.196639 0.8591623 0.4724121 -0.9232153 0 -0.3842833
MammaryGland.Virgin Pancreas 0.005105114 0.05414004 0.1203044 0.09429462 0.04243497 0.3723862 0.7584178 0.5349121 -0.8207085 0 0.5713472
MammaryGland.Virgin Peripheral_Blood 0.03199476 0.3415879 0.3739209 0.0936648 0.08556558 0.1002674 0.5117365 0.8532715 -0.9931664 0 0.1167064
MammaryGland.Virgin Placenta 0.02149716 0.2441828 0.2756239 0.08803716 0.07799454 -0.1079557 0.9928704 0.05053711 -0.4239722 0 -0.9056752
MammaryGland.Virgin Prostate 0 0 0 0.1185413 0.003340854 -0.03431653 0.01693172 0.9992676 -0.9994109 0 -0.03432145
MammaryGland.Virgin Small-Intestine 0.02299905 0.2954511 0.3500028 0.07784385 0.06571104 -0.4112755 0.7667348 0.49292 -0.7678313 0 -0.6406521
MammaryGland.Virgin Spleen 0.02500432 0.1664949 1 0.1501807 0.02500432 0.7180144 0.1734414 0.6740723 -0.6844456 0 0.7290639
MammaryGland.Virgin Stomach 0.004311397 0.04648792 0.1410179 0.09274231 0.03057339 0.3421327 0.82598 0.447998 -0.7947463 0 0.6069418
MammaryGland.Virgin Testis 0.007977875 0.0806287 0.07456616 0.09894584 0.1069906 -0.04784778 0.9858916 -0.1604004 0.9582729 0 -0.2858549
MammaryGland.Virgin Thymus 0.008428881 0.06075448 0.6068428 0.1387368 0.01388973 -0.8591407 0.507998 -0.06176762 0.07170956 0 -0.9974256
MammaryGland.Virgin Trophoblast-Stem-Cell 0 0 0 0.1352313 0.07432385 0.3547372 0.01683701 0.9348145 -0.934947 0 0.3547874
MammaryGland.Virgin Uterus 0.04547797 0.4948591 0.272446 0.09190084 0.1669247 -0.03247365 0.5944633 0.8034668 -0.9991843 0 -0.04038395
Mesenchymal-Stem-Cell-Cultured Bone_Marrow_Mesenchyme 0 0 0 0.0225757 0.1152596 0.4782434 0.0780088 0.8747559 -0.8774297 0 0.4797053
Mesenchymal-Stem-Cell-Cultured Muscle 0 0 0 0.02846879 0.130864 0.2930611 0.4052366 0.8659668 -0.9472277 0 0.3205615
Mesenchymal-Stem-Cell-Cultured Neonatal-Calvaria 0 0 0 0.02656193 0.1475621 0.5449978 0.3782036 0.748291 -0.8083319 0 0.588727
Mesenchymal-Stem-Cell-Cultured Neonatal-Heart 0 0 0 0.0279661 0.1007807 0.306084 0.3569113 0.8825684 -0.9447941 0 0.3276646
Mesenchymal-Stem-Cell-Cultured Neonatal-Muscle 0 0 0 0.02535979 0.1208559 0.6298367 0.3476553 0.6945801 -0.7407887 0 0.6717381
Mesenchymal-Stem-Cell-Cultured Neonatal-Rib 1.479574E-06 0.0001676229 9.768805E-06 0.008826801 0.151459 -0.7326671 0.5713081 -0.369873 0.4506603 0 -0.8926955
Mesenchymal-Stem-Cell-Cultured Neonatal-Skin 0 0 0 0.02846879 0.1173465 0.2930611 0.4052366 0.8659668 -0.9472277 0 0.3205615
Mesenchymal-Stem-Cell-Cultured Ovary 0 0 0 0.02180116 0.1565816 0.7733744 0.239034 0.5871582 -0.6046873 0 0.796463
Mesenchymal-Stem-Cell-Cultured Pancreas 0 0 0 0.02868708 0.06655134 0.1193396 0.1608564 0.9797363 -0.992663 0 0.1209141
Mesenchymal-Stem-Cell-Cultured Peripheral_Blood 0 0 0 0.0257864 0.06974469 0.3177997 0.1334422 0.9387207 -0.9471918 0 0.3206675
Mesenchymal-Stem-Cell-Cultured Placenta 0 0 0 0.02465321 0.1103493 0.5641872 0.2663826 0.7814941 -0.8107901 0 0.585337
Mesenchymal-Stem-Cell-Cultured Prostate 0 0 0 0.02887107 0.003340854 -0.03431653 0.01693172 0.9992676 -0.9994109 0 -0.03432145
Mesenchymal-Stem-Cell-Cultured Small-Intestine 0 0 0 0.02936989 0.1008776 0.09383775 0.2090669 0.9733887 -0.9953853 0 0.09595829
Mesenchymal-Stem-Cell-Cultured Spleen 0 0 0 0.02791898 0.04414761 0.2546578 0.2786151 0.9260254 -0.9642051 0 0.2651573
Mesenchymal-Stem-Cell-Cultured Stomach 0 0 0 0.02928359 0.04674388 0.0169663 0.1090042 0.9938965 -0.9998543 0 0.017068
Mesenchymal-Stem-Cell-Cultured Testis 0 0 0 0.03266936 0.1187202 -0.2468787 0.4445057 0.861084 -0.9612715 0 -0.2756031
Mesenchymal-Stem-Cell-Cultured Thymus 0 0 0 0.02974247 0.04078372 -0.163272 0.004171492 0.9865723 -0.9865808 0 -0.1632735
Mesenchymal-Stem-Cell-Cultured Trophoblast-Stem-Cell 0.007214813 0.5917475 0.1283957 0.01219238 0.056192 -0.7129178 0.2260386 -0.6638184 0.6814556 0 -0.7318596
Mesenchymal-Stem-Cell-Cultured Uterus 0 0 0 0.01732715 0.1860075 0.8235253 0.02670997 0.5666504 -0.5668526 0 0.8238192
Bone_Marrow_Mesenchyme Muscle 0.04385762 0.7405581 0.474943 0.05922239 0.09234291 -0.3858955 0.882067 -0.2702637 0.5736573 0 -0.8190954
Bone_Marrow_Mesenchyme Neonatal-Calvaria 0.02827867 0.4094472 0.164743 0.06906549 0.1716532 -0.5456707 0.8049116 -0.2331543 0.392916 0 -0.9195744
Bone_Marrow_Mesenchyme Neonatal-Heart 0.02280448 0.38464 0.540288 0.05928785 0.042208 -0.312887 0.9152908 -0.2536621 0.6297569 0 -0.7767922
Bone_Marrow_Mesenchyme Neonatal-Muscle 0.04394492 0.6918504 0.3625032 0.06351795 0.1212263 0.03221953 0.9890823 -0.1437988 0.9758058 0 0.2186388
Bone_Marrow_Mesenchyme Neonatal-Rib 0.05391831 0.7979403 0.2650852 0.06757186 0.2033999 0.04510467 0.9985309 -0.03002935 0.5541835 0 0.8323945
Bone_Marrow_Mesenchyme Neonatal-Skin 0.04288546 0.4286829 0.5623533 0.1000401 0.0762607 -0.1006081 0.1323494 -0.986084 0.9948354 0 -0.101501
Bone_Marrow_Mesenchyme Ovary 0.02532042 0.356246 0.1307979 0.07107566 0.1935842 -0.5804762 0.7487347 -0.3200684 0.4828526 0 -0.8757017
Bone_Marrow_Mesenchyme Pancreas 0.002745492 0.02643666 0.06153611 0.1038517 0.04461595 0.06440443 0.8662963 0.4953614 -0.9916537 0 0.1289299
Bone_Marrow_Mesenchyme Peripheral_Blood 0.03746717 0.552469 0.3418476 0.06781768 0.109602 0.02119813 0.9660275 -0.2575683 0.9966303 0 0.08202369
Bone_Marrow_Mesenchyme Placenta 0.03036734 0.4448335 0.3350503 0.06826677 0.09063519 0.09598455 0.9937561 -0.05688472 0.5098355 0 0.8602719
Bone_Marrow_Mesenchyme Prostate 0 0 0 0.1066606 0.003340854 -0.03431653 0.01693172 0.9992676 -0.9994109 0 -0.03432145
Bone_Marrow_Mesenchyme Small-Intestine 0.008936175 0.09038623 0.134592 0.09886656 0.06639457 -0.3778043 0.8000299 0.4660645 -0.7768257 0 -0.6297156
Bone_Marrow_Mesenchyme Spleen 0.0232776 0.2001863 0.930943 0.1162797 0.02500432 0.7180144 0.1734414 0.6740723 -0.6844456 0 0.7290639
Bone_Marrow_Mesenchyme Stomach 0.002341445 0.02421734 0.1039425 0.09668464 0.02252635 -0.1548562 0.881759 0.4455566 -0.9445757 0 -0.3282937
Bone_Marrow_Mesenchyme Testis 0.006494259 0.07442825 0.06722777 0.08725528 0.09660083 0.3648725 0.8397523 -0.4020996 0.7405564 0 0.6719943
Bone_Marrow_Mesenchyme Thymus 0 0 0 0.102403 0.02088756 -0.9781383 0.02201359 0.2067871 -0.2068372 0 -0.9783754
Bone_Marrow_Mesenchyme Trophoblast-Stem-Cell 0 0 0 0.1140841 0.07564408 0.3927413 0.05137501 0.9182129 -0.919427 0 0.3932606
Bone_Marrow_Mesenchyme Uterus 0.01994871 0.3212938 0.1106584 0.06208867 0.1802729 -0.433679 0.8675684 -0.2434082 0.4894419 0 -0.8720359
Muscle Neonatal-Calvaria 0.06799056 0.601852 0.5512382 0.1129689 0.1233415 0.05196001 0.2492626 0.967041 -0.9985596 0 0.05365353
Muscle Neonatal-Heart 0.02341839 0.2323812 0.5396931 0.1007758 0.04339206 -0.07621191 0.7844603 -0.6154785 0.9924207 0 -0.122887
Muscle Neonatal-Muscle 0.04409479 0.452935 0.4382212 0.09735345 0.1006222 -0.113804 0.7026332 -0.7023925 0.9871271 0 -0.1599376
Muscle Neonatal-Rib 0.03026282 0.3248509 0.1645273 0.09315911 0.183938 -0.3499265 0.9183654 0.1848144 -0.4670175 0 -0.8842481
Muscle Neonatal-Skin 0.04219428 0.3919359 0.5420669 0.1076561 0.07783962 -0.01501084 0.1795047 -0.9836426 0.9998836 0 -0.01525869
Muscle Ovary 0.05557304 0.555006 0.3104818 0.1001305 0.1789897 -0.1030388 0.5004377 -0.8596192 0.9928926 0 -0.1190137
Muscle Pancreas 0.001915452 0.01578063 0.0430386 0.12138 0.04450545 0.1344969 0.848413 0.5119628 -0.9671814 0 0.2540866
Muscle Peripheral_Blood 0.06162615 0.4999599 0.9870822 0.1232622 0.06243264 -0.467636 0.07052074 -0.8811035 0.8833027 0 -0.4688032
Muscle Placenta 0.02745422 0.2577266 0.2676766 0.1065246 0.1025649 0.1493689 0.02250491 0.9885254 -0.9887758 0 0.1494068
Muscle Prostate 0 0 0 0.1085813 0.003340854 -0.03431653 0.01693172 0.9992676 -0.9994109 0 -0.03432145
Muscle Small-Intestine 0.01193237 0.1022377 0.1201538 0.1167121 0.09930913 0.1550839 0.9319029 0.3278809 -0.903981 0 0.4275726
Muscle Spleen 0.008692765 0.05784873 0.2392916 0.1502672 0.03632708 0.7618247 0.306738 0.5705566 -0.5994539 0 0.8004093
Muscle Stomach 0.001754957 0.01462087 0.06117772 0.120031 0.02868621 0.1575373 0.8832479 0.4416504 -0.9418736 0 0.3359675
Muscle Testis 0.003891012 0.03424095 0.03717053 0.1136362 0.10468 0.1177615 0.9429939 -0.3112792 0.935306 0 0.35384
Muscle Thymus 0.003041538 0.01897955 0.1025968 0.1602535 0.02964556 0.7673997 0.5163345 0.380127 -0.4438729 0 0.8960898
Muscle Trophoblast-Stem-Cell 0 0 0 0.120185 0.07432385 0.3547372 0.01683701 0.9348145 -0.934947 0 0.3547874
Muscle Uterus 0.063884 0.572748 0.4037048 0.1115395 0.1582444 0.0777383 0.9471335 0.3112793 -0.9702023 0 0.2422965
Neonatal-Calvaria Neonatal-Heart 0.01679245 0.09615397 0.3354719 0.1746413 0.05005622 -0.5002645 0.8259119 -0.2600098 0.4611744 0 -0.8873096
Neonatal-Calvaria Neonatal-Muscle 0.08012427 0.6391924 0.8391332 0.1253524 0.09548457 -0.4627494 0.2223384 -0.8581542 0.8801857 0 -0.4746296
Neonatal-Calvaria Neonatal-Rib 0.1103819 0.8806428 0.783184 0.1253424 0.14094 -0.559665 0.2570611 -0.7878418 0.8152377 0 -0.5791265
Neonatal-Calvaria Neonatal-Skin 0.04196077 0.2827754 0.5315651 0.148389 0.07893816 -0.8640354 0.2198672 -0.4528809 0.464241 0 -0.8857089
Neonatal-Calvaria Ovary 0.08681081 0.5631644 0.7100959 0.1541483 0.1222522 0.560061 0.07057829 -0.8254395 0.8275031 0 0.5614612
Neonatal-Calvaria Pancreas 0.004461468 0.02615942 0.1001497 0.1705492 0.04454801 -0.1234356 0.8634983 0.4890137 -0.9695885 0 -0.2447412
Neonatal-Calvaria Peripheral_Blood 0.04037995 0.2892714 0.6286728 0.1395919 0.06423047 0.5115545 0.1734965 0.8415527 -0.8545118 0 0.5194319
Neonatal-Calvaria Placenta 0.01533385 0.09913148 0.2727038 0.154682 0.05622897 -0.6426687 0.7425373 0.1887207 -0.2817547 0 -0.9594865
Neonatal-Calvaria Prostate 0 0 0 0.1317362 0.003340854 -0.03431653 0.01693172 0.9992676 -0.9994109 0 -0.03432145
Neonatal-Calvaria Small-Intestine 0.008209737 0.0513593 0.1209975 0.1598491 0.06785049 -0.3424574 0.7893737 0.5095215 -0.8299571 0 -0.5578272
Neonatal-Calvaria Spleen 0.02188838 0.1513215 0.8753837 0.1446481 0.02500432 0.7180144 0.1734414 0.6740723 -0.6844456 0 0.7290639
Neonatal-Calvaria Stomach 0.002650341 0.01580748 0.128821 0.1676638 0.02057383 -0.5839153 0.8115367 0.02124026 -0.03635155 0 -0.9993391
Neonatal-Calvaria Testis 0.0137998 0.08336395 0.2481114 0.1655367 0.05561936 0.8298884 0.310385 -0.463623 0.4877107 0 0.8730054
Neonatal-Calvaria Thymus 0.002187163 0.0142673 0.1457151 0.153299 0.01500986 -0.798928 0.5902362 -0.1154786 0.1430552 0 -0.9897147
Neonatal-Calvaria Trophoblast-Stem-Cell 0.0003135098 0.002134058 0.006504606 0.1469078 0.04819812 -0.3655861 0.4723767 -0.8020019 0.9099215 0 -0.4147804
Neonatal-Calvaria Uterus 0.08632291 0.5804046 0.5896603 0.1487288 0.1463943 -0.9311068 0.2592312 0.2565918 -0.2656738 0 -0.964063
Neonatal-Heart Neonatal-Muscle 0.0321568 0.7909225 0.2292627 0.04065733 0.1402618 -0.4523198 0.8898804 -0.05932617 0.130046 0 -0.991508
Neonatal-Heart Neonatal-Rib 0.03350654 0.5951068 0.1996002 0.0563034 0.1678683 -0.07003086 0.4574477 -0.8864746 0.9968941 0 -0.07875392
Neonatal-Heart Neonatal-Skin 0.03125462 0.6760246 0.3056578 0.04623296 0.1022536 0.4089106 0.1378709 -0.9020996 0.9107975 0 0.4128533
Neonatal-Heart Ovary 0.03427937 0.8031451 0.2062425 0.04268141 0.1662091 -0.3574097 0.9270819 -0.1130372 0.301546 0 -0.9534517
Neonatal-Heart Pancreas 0.003504809 0.06900486 0.08066542 0.05079076 0.04344872 -0.446826 0.8103033 0.3791504 -0.6470025 0 -0.7624878
Neonatal-Heart Peripheral_Blood 0.01787748 0.4049592 0.1734789 0.04414638 0.1030528 -0.09876587 0.8324898 -0.545166 0.9839826 0 -0.1782648
Neonatal-Heart Placenta 0.02968618 0.6998538 0.5425607 0.04241768 0.05471494 -0.6449888 0.6895802 0.3293458 -0.4547659 0 -0.890611
Neonatal-Heart Prostate 0 0 0 0.07000706 0.003340854 -0.03431653 0.01693172 0.9992676 -0.9994109 0 -0.03432145
Neonatal-Heart Small-Intestine 0.005927181 0.1077052 0.0646325 0.0550315 0.09170589 -0.7934193 0.4131072 0.4470215 -0.4908643 0 -0.871236
Neonatal-Heart Spleen 0.01167275 0.2781514 0.1420021 0.04196547 0.08220129 0.1198601 0.5180286 -0.8469238 0.9901335 0 0.1401277
Neonatal-Heart Stomach 0.0004807062 0.01160739 0.04087353 0.0414138 0.01176082 -0.612792 0.7553672 0.2321777 -0.3543064 0 -0.9351293
Neonatal-Heart Testis 0.006966715 0.136025 0.06700882 0.05121645 0.1039671 -0.2088478 0.9585929 -0.1936035 0.679835 0 -0.7333651
Neonatal-Heart Thymus 0 0 0 0.05162458 0.03626845 -0.5963449 0.01955031 0.8024902 -0.8026436 0 -0.5964589
Neonatal-Heart Trophoblast-Stem-Cell 0.0016162 0.0217935 0.03353242 0.07415971 0.04819812 -0.3655861 0.4723767 -0.8020019 0.9099215 0 -0.4147804
Neonatal-Heart Uterus 0.03304157 0.7639 0.1895945 0.04325379 0.1742749 -0.2153045 0.8810692 -0.4211426 0.8903885 0 -0.4552013
Neonatal-Muscle Neonatal-Rib 0.06548813 0.5962268 0.3446853 0.1098376 0.189994 0.9373564 0.1317216 0.3225097 -0.3253445 0 0.9455956
Neonatal-Muscle Neonatal-Skin 0.0538728 0.5873335 0.7368231 0.09172438 0.07311498 -0.480525 0.4289931 -0.7648926 0.8467686 0 -0.5319615
Neonatal-Muscle Ovary 0.0831129 0.6959355 0.4256913 0.1194262 0.1952422 -0.8662713 0.394961 -0.3059083 0.3329802 0 -0.9429338
Neonatal-Muscle Pancreas 0.01124984 0.09573459 0.2628644 0.1175108 0.04279714 0.3421327 0.82598 0.447998 -0.7947463 0 0.6069418
Neonatal-Muscle Peripheral_Blood 0.02369142 0.2269552 0.3794717 0.1043881 0.06243264 -0.467636 0.07052074 -0.8811035 0.8833027 0 -0.4688032
Neonatal-Muscle Placenta 0.01007084 0.0592334 0.1686964 0.1700197 0.05969805 -0.6833177 0.5723053 0.4533692 -0.5528618 0 -0.8332729
Neonatal-Muscle Prostate 0 0 0 0.149118 0.003340854 -0.03431653 0.01693172 0.9992676 -0.9994109 0 -0.03432145
Neonatal-Muscle Small-Intestine 0.01415952 0.1271595 0.132478 0.1113524 0.106882 0.8995521 0.221955 0.3762207 -0.3858449 0 0.9225637
Neonatal-Muscle Spleen 0.009535435 0.08209284 0.3813514 0.1161543 0.02500432 0.7180144 0.1734414 0.6740723 -0.6844456 0 0.7290639
Neonatal-Muscle Stomach 0.009229292 0.06183961 0.4342493 0.1492456 0.02125344 -0.196639 0.8591623 0.4724121 -0.9232153 0 -0.3842833
Neonatal-Muscle Testis 0.02321186 0.1966282 0.2225409 0.1180495 0.1043038 0.0862444 0.9309801 -0.3547364 0.9716945 0 0.2362408
Neonatal-Muscle Thymus 0.003800433 0.03537656 0.2619038 0.107428 0.0145108 -0.9712011 0.05557379 -0.2316895 0.2320481 0 -0.9727043
Neonatal-Muscle Trophoblast-Stem-Cell 0 0 0 0.1100705 0.07015444 0.6600751 0.02648859 0.7507324 -0.750996 0 0.6603068
Neonatal-Muscle Uterus 0.064538 0.5966059 0.3887997 0.1081753 0.1659929 0.9392399 0.05321702 0.3391114 -0.3395925 0 0.9405726
Neonatal-Rib Neonatal-Skin 0.06009519 0.4217812 0.8443733 0.1424795 0.07117135 -0.5981973 0.2967343 -0.7443848 0.7794931 0 -0.6264108
Neonatal-Rib Ovary 0.09095992 0.5139299 0.7440349 0.176989 0.1222522 0.560061 0.07057829 -0.8254395 0.8275031 0 0.5614612
Neonatal-Rib Pancreas 0.005045199 0.03103943 0.1195578 0.1625416 0.04219884 0.3587441 0.7935835 0.491455 -0.8077012 0 0.5895922
Neonatal-Rib Peripheral_Blood 0.03964253 0.2974814 0.5796885 0.1332605 0.06838592 0.343151 0.1787279 0.9221191 -0.9372096 0 0.3487667
Neonatal-Rib Placenta 0.005887262 0.03522949 0.08573847 0.1671117 0.06866534 -0.6366736 0.4917495 0.5939941 -0.6821743 0 -0.7311897
Neonatal-Rib Prostate 0 0 0 0.1453235 0.003340854 -0.03431653 0.01693172 0.9992676 -0.9994109 0 -0.03432145
Neonatal-Rib Small-Intestine 0.009879912 0.06104515 0.1407191 0.161846 0.0702102 -0.3070882 0.7745396 0.5529785 -0.8742391 0 -0.4854954
Neonatal-Rib Spleen 0.02056823 0.1232062 0.8225868 0.1669415 0.02500432 0.7180144 0.1734414 0.6740723 -0.6844456 0 0.7290639
Neonatal-Rib Stomach 0.005174858 0.02860008 0.2037719 0.1809385 0.02539535 -0.4978393 0.8666613 -0.03247076 0.06508508 0 -0.9978797
Neonatal-Rib Testis 0.01301435 0.06275785 0.178819 0.2073741 0.07277947 0.6922369 0.5329686 -0.4865723 0.5750527 0 0.8181164
Neonatal-Rib Thymus 0.006113532 0.03599199 0.5415832 0.1698581 0.01128826 -0.9288439 0.3580917 -0.09497069 0.1017158 0 -0.9948135
Neonatal-Rib Trophoblast-Stem-Cell 0.01310931 0.08009506 0.2709236 0.1636719 0.04838748 -0.4117157 0.4792058 -0.7751464 0.8831539 0 -0.4690834
Neonatal-Rib Uterus 0.09186161 0.4463377 0.8399593 0.2058119 0.1093644 0.6362455 0.7244063 -0.2653809 0.3849597 0 0.9229334
Neonatal-Skin Ovary 0.06320176 0.7716455 0.3659338 0.08190516 0.1727136 0.8235253 0.02670997 0.5666504 -0.5668526 0 0.8238192
Neonatal-Skin Pancreas 0.01066219 0.07537837 0.2517801 0.1414489 0.04234722 -0.4809066 0.8099622 0.3356934 -0.5723848 0 -0.8199852
Neonatal-Skin Peripheral_Blood 0.0110861 0.1242143 0.1725988 0.0892498 0.06423047 0.5115545 0.1734965 0.8415527 -0.8545118 0 0.5194319
Neonatal-Skin Placenta 0.03517365 0.2606977 0.6709411 0.1349212 0.05242435 -0.5826156 0.7354451 0.3459473 -0.5105597 0 -0.8598422
Neonatal-Skin Prostate 0 0 0 0.0891857 0.003340854 -0.03431653 0.01693172 0.9992676 -0.9994109 0 -0.03432145
Neonatal-Skin Small-Intestine 0.01844825 0.1271691 0.2808545 0.1450687 0.06568616 -0.4471172 0.7733495 0.4494629 -0.7089543 0 -0.7052544
Neonatal-Skin Spleen 0.005343928 0.06282531 0.2137201 0.0850601 0.02500432 0.7180144 0.1734414 0.6740723 -0.6844456 0 0.7290639
Neonatal-Skin Stomach 0.00303556 0.03947067 0.1193953 0.07690673 0.02542444 -0.8039178 0.4373164 -0.4030761 0.4482072 0 -0.8939297
Neonatal-Skin Testis 0.01625157 0.1282106 0.1568527 0.1267569 0.1036104 -0.3358626 0.9238935 -0.1833496 0.4791578 0 -0.8777288
Neonatal-Skin Thymus 0 0 0 0.09323962 0.0409156 -0.1153257 0.02846082 0.9929199 -0.9933223 0 -0.1153724
Neonatal-Skin Trophoblast-Stem-Cell 0.0001660518 0.002307755 0.003225678 0.07195383 0.05147813 -0.52567 0.4230512 -0.7380371 0.8145154 0 -0.580142
Neonatal-Skin Uterus 0.056026 0.6798888 0.3104675 0.08240465 0.1804569 -0.870749 0.0742869 -0.486084 0.4874308 0 -0.8731616
Ovary Pancreas 0.002634239 0.02137672 0.05904255 0.1232293 0.04461595 0.06440443 0.8662963 0.4953614 -0.9916537 0 0.1289299
Ovary Peripheral_Blood 0.01964432 0.1198416 0.3058411 0.1639191 0.06423047 0.5115545 0.1734965 0.8415527 -0.8545118 0 0.5194319
Ovary Placenta 0.03090906 0.1902552 0.3758616 0.162461 0.0822352 -0.8871642 0.3081288 0.3435059 -0.3610741 0 -0.9325371
Ovary Prostate 0 0 0 0.1527704 0.003340854 -0.03431653 0.01693172 0.9992676 -0.9994109 0 -0.03432145
Ovary Small-Intestine 0.003932607 0.02860239 0.05986964 0.1374923 0.06568616 -0.4471172 0.7733495 0.4494629 -0.7089543 0 -0.7052544
Ovary Spleen 0.01088127 0.06727124 0.4351755 0.1617522 0.02500432 0.7180144 0.1734414 0.6740723 -0.6844456 0 0.7290639
Ovary Stomach 0.003403752 0.02195492 0.2775343 0.1550337 0.01226426 -0.7286105 0.5948099 0.3395996 -0.4224578 0 -0.9063826
Ovary Testis 0.009951783 0.07743515 0.1648147 0.1285176 0.06038166 0.7932578 0.3743346 -0.4802245 0.5178775 0 0.8554547
Ovary Thymus 0.005369199 0.03669335 0.2706256 0.1463262 0.01983995 0.9744186 0.224596 0.008056629 -0.008267856 0 0.9999658
Ovary Trophoblast-Stem-Cell 0.01301857 0.06595224 0.2690483 0.1973939 0.04838748 -0.4117157 0.4792058 -0.7751464 0.8831539 0 -0.4690834
Ovary Uterus 0.07902586 0.6221015 0.7002684 0.1270305 0.1128508 0.7258767 0.6564646 -0.2053223 0.2721819 0 0.9622458
Pancreas Peripheral_Blood 0.0006200779 0.01598396 0.007780145 0.03879376 0.07970005 -0.9474161 0.3126706 -0.06811519 0.07171065 0 -0.9974254
Pancreas Placenta 0 0 0 0.04537202 0.07976948 0.08918882 0.8376873 0.5388184 -0.9865757 0 0.1633046
Pancreas Prostate 0 0 0 0.07243971 0.003340854 -0.03431653 0.01693172 0.9992676 -0.9994109 0 -0.03432145
Pancreas Small-Intestine 0.02107025 0.6121338 0.2719204 0.03442099 0.07748686 -0.5247772 0.8298337 -0.1896972 0.3399526 0 -0.9404426
Pancreas Spleen 1.289422E-05 0.0003711379 0.0002975605 0.03474241 0.04333312 0.928566 0.210203 0.3059082 -0.3128991 0 0.9497864
Pancreas Stomach 0.003758877 0.09858239 0.369552 0.0381293 0.01017144 -0.8263634 0.5625755 0.02514653 -0.03041627 0 -0.9995373
Pancreas Testis 0.01247607 0.3613267 0.1505867 0.03452849 0.0828497 0.9625259 0.0359316 0.2687988 -0.2689725 0 0.9631479
Pancreas Thymus 0 0 0 0.07243971 0.04071087 -0.03431653 0.01693172 0.9992676 -0.9994109 0 -0.03432145
Pancreas Trophoblast-Stem-Cell 0 0 0 0.0505378 0.09805306 0.3459612 0.6334468 0.6921387 -0.894483 0 0.4471018
Pancreas Uterus 0.006018816 0.1346216 0.03781207 0.04470913 0.1591771 -0.0508519 0.8612591 0.5056152 -0.9949804 0 -0.1000695
Peripheral_Blood Placenta 0.01909499 0.1713988 0.2019562 0.1114068 0.09455014 0.3273961 0.8990349 0.2907715 -0.6640483 0 0.7476897
Peripheral_Blood Prostate 0 0 0 0.09027068 0.003340854 -0.03431653 0.01693172 0.9992676 -0.9994109 0 -0.03432145
Peripheral_Blood Small-Intestine 0.001459436 0.01866566 0.01696274 0.07818831 0.08603776 -0.9557953 0.2169299 -0.1984863 0.2033281 0 -0.9791106
Peripheral_Blood Spleen 0.01041257 0.1303516 0.3799068 0.07988061 0.02740821 0.7783453 0.1721995 0.6037598 -0.6129154 0 0.7901485
Peripheral_Blood Stomach 0.0002385285 0.002851564 0.01464807 0.08364831 0.01628396 -0.8523142 0.452132 0.2629394 -0.2947913 0 -0.9555616
Peripheral_Blood Testis 8.151805E-05 0.001269149 0.0006870275 0.06423047 0.1186533 0.5115545 0.1734965 0.8415527 -0.8545118 0 0.5194319
Peripheral_Blood Thymus 0.005930966 0.07634744 0.4538456 0.07768389 0.01306824 -0.8716955 0.4786175 -0.1052246 0.1198426 0 -0.9927929
Peripheral_Blood Trophoblast-Stem-Cell 0 0 0 0.06930095 0.07657736 0.3215272 0.05887337 0.9450684 -0.9467105 0 0.3220858
Peripheral_Blood Uterus 0.03031334 0.4183003 0.1660524 0.07246789 0.1825529 0.3112836 0.3075646 0.8991699 -0.9449755 0 0.327141
Placenta Prostate 0 0 0 0.1066019 0.003340854 -0.03431653 0.01693172 0.9992676 -0.9994109 0 -0.03432145
Placenta Small-Intestine 0 0 0 0.08958571 0.09868604 0.2803335 0.7582454 0.588623 -0.9028386 0 0.4299796
Placenta Spleen 0.009306087 0.08174597 0.3721791 0.1138415 0.02500432 0.7180144 0.1734414 0.6740723 -0.6844456 0 0.7290639
Placenta Stomach 0 0 0 0.06648702 0.02252635 -0.1548562 0.881759 0.4455566 -0.9445757 0 -0.3282937
Placenta Testis 0.002679004 0.02470921 0.05046034 0.1084213 0.05309127 0.8586417 0.1953846 -0.473877 0.4831896 0 0.8755158
Placenta Thymus 0 0 0 0.09680264 0.02911393 -0.8629833 0.02448875 0.5046387 -0.5047901 0 -0.8632421
Placenta Trophoblast-Stem-Cell 0.01682183 0.2813002 0.2230804 0.05980026 0.07540701 -0.6709905 0.7270972 0.1452637 -0.2115897 0 -0.9773586
Placenta Uterus 0.01827549 0.1742647 0.09305295 0.1048721 0.1963989 -0.5981973 0.2967343 -0.7443848 0.7794931 0 -0.6264108
Prostate Small-Intestine 0 0 0 0.003340854 0.09126162 -0.03431653 0.01693172 0.9992676 -0.9994109 0 -0.03432145
Prostate Spleen 0 0 0 0.003340854 0.05562014 -0.03431653 0.01693172 0.9992676 -0.9994109 0 -0.03432145
Prostate Stomach 0 0 0 0.003340854 0.05007149 -0.03431653 0.01693172 0.9992676 -0.9994109 0 -0.03432145
Prostate Testis 0 0 0 0.003340854 0.1132242 -0.03431653 0.01693172 0.9992676 -0.9994109 0 -0.03432145
Prostate Thymus 0 0 0 0.003340854 0.04071087 -0.03431653 0.01693172 0.9992676 -0.9994109 0 -0.03432145
Prostate Trophoblast-Stem-Cell 0 0 0 0.003340854 0.07511686 -0.03431653 0.01693172 0.9992676 -0.9994109 0 -0.03432145
Prostate Uterus 0 0 0 0.003340854 0.1859705 -0.03431653 0.01693172 0.9992676 -0.9994109 0 -0.03432145
Small-Intestine Spleen 0.00226272 0.02058147 0.07428095 0.1099397 0.03046164 0.8028211 0.2038115 0.5603027 -0.5723155 0 0.8200335
Small-Intestine Stomach 0.004027328 0.05333282 0.342436 0.07551311 0.01176082 -0.612792 0.7553672 0.2321777 -0.3543064 0 -0.9351293
Small-Intestine Testis 0.01288826 0.1321055 0.1555619 0.09756038 0.0828497 0.9625259 0.0359316 0.2687988 -0.2689725 0 0.9631479
Small-Intestine Thymus 0.0004531737 0.005383064 0.03726942 0.08418509 0.0121594 -0.9199051 0.388743 -0.05151368 0.05591131 0 -0.9984357
Small-Intestine Trophoblast-Stem-Cell 0 0 0 0.1089682 0.09294418 0.4104021 0.4904268 0.7687988 -0.8821737 0 0.4709242
Small-Intestine Uterus 0.01362148 0.2072936 0.08632796 0.06571104 0.1577876 -0.4112755 0.7667348 0.49292 -0.7678313 0 -0.6406521
Spleen Stomach 0.0001836858 0.004238925 0.007116642 0.04333312 0.02581074 0.928566 0.210203 0.3059082 -0.3128991 0 0.9497864
Spleen Testis 0 0 0 0.05562014 0.1132242 -0.03431653 0.01693172 0.9992676 -0.9994109 0 -0.03432145
Spleen Thymus 0.007274482 0.1738798 0.5566534 0.04183627 0.01306824 -0.8716955 0.4786175 -0.1052246 0.1198426 0 -0.9927929
Spleen Trophoblast-Stem-Cell 0 0 0 0.04415622 0.07432385 0.3547372 0.01683701 0.9348145 -0.934947 0 0.3547874
Spleen Uterus 0.02030848 0.8121989 0.1071928 0.02500432 0.1894575 0.7180144 0.1734414 0.6740723 -0.6844456 0 0.7290639
Stomach Testis 0.007597437 0.7469381 0.07379394 0.01017144 0.1029548 -0.8263634 0.5625755 0.02514653 -0.03041627 0 -0.9995373
Stomach Thymus 0 0 0 0.05007149 0.04071087 -0.03431653 0.01693172 0.9992676 -0.9994109 0 -0.03432145
Stomach Trophoblast-Stem-Cell 0 0 0 0.0426801 0.07759916 -0.7248717 0.01499496 0.6887207 -0.6887981 0 -0.7249532
Stomach Uterus 0.004286003 0.1047017 0.02422485 0.04093537 0.1769259 -0.1871152 0.9462221 -0.263916 0.8157697 0 -0.5783769
Testis Thymus 0 0 0 0.1132242 0.04071087 -0.03431653 0.01693172 0.9992676 -0.9994109 0 -0.03432145
Testis Trophoblast-Stem-Cell 0 0 0 0.07802435 0.07803667 -0.8029216 0.07336372 0.5915527 -0.5931512 0 -0.8050911
Testis Uterus 0.01562755 0.2282167 0.1407957 0.06847678 0.1109945 0.7407055 0.4800864 -0.4699706 0.5357493 0 0.8443772
Thymus Trophoblast-Stem-Cell 0 0 0 0.03526323 0.0757543 0.4782434 0.0780088 0.8747559 -0.8774297 0 0.4797053
Thymus Uterus 0.005985754 0.3987881 0.03574119 0.01500986 0.1674749 -0.798928 0.5902362 -0.1154786 0.1430552 0 -0.9897147
Trophoblast-Stem-Cell Uterus 2.481312E-05 0.0004221151 0.0001801718 0.05878283 0.1377192 0.9524368 0.3046162 -0.008544981 0.008971343 0 0.9999598
