11 14 0 0 0
11 8 0 0 0
11 1 0.04538005 0.6824901 0.2135568
11 12 0.005015968 0.0754373 0.02731875
11 22 0 0 0
11 20 0 0 0
11 0 0.0590148 0.8875489 0.110985
11 6 0.04038412 0.6073542 0.08616836
11 5 0.03395975 0.5107353 0.08832625
11 2 0.003543682 0.05329495 0.01528222
11 13 0.002063591 0.03103524 0.0207527
11 9 0.05150094 0.7745447 0.3763415
11 3 0 0 0
11 4 0.05813311 0.8742888 0.1509914
11 10 0.0550877 0.8284876 0.4995789
11 16 3.73877E-05 0.0005622897 0.002606451
11 7 0 0 0
11 15 0 0 0
11 17 0 0 0
11 18 0 0 0
11 21 0 0 0
11 23 0 0 0
11 19 0 0 0
14 8 0 0 0
14 1 0 0 0
14 12 0.006398675 0.1009407 0.03484947
14 22 0.007095085 0.1119267 0.1085429
14 20 0 0 0
14 0 0.06316611 0.9964609 0.1187921
14 6 0.05823706 0.9187039 0.1242615
14 5 0.01795617 0.2832631 0.0467024
14 2 0.0004132131 0.006518539 0.001781992
14 13 0 0 0
14 9 0 0 0
14 3 0.0100319 0.1582556 0.1535413
14 4 0.004722713 0.07450195 0.01226649
14 10 0 0 0
14 16 0.002555364 0.04031149 0.178145
14 7 0.002204976 0.03478404 0.07214354
14 15 0.008827828 0.1392612 0.08791064
14 17 1.77913E-05 0.0002806621 0.0004321429
14 18 0 0 0
14 21 0.0001642356 0.002590857 0.3025299
14 23 0 0 0
14 19 0 0 0
8 1 0.0004800392 0.004482877 0.002259046
8 12 0.07154355 0.6681141 0.3896517
8 22 0.02563251 0.2393709 0.3921345
8 20 0 0 0
8 0 0.07992537 0.7463883 0.1503101
8 6 0.092253 0.8615106 0.1968419
8 5 0.07046556 0.6580473 0.1832746
8 2 0.09076369 0.8476026 0.3914208
8 13 0.02607298 0.2434842 0.2622054
8 9 0 0 0
8 3 0.0262926 0.2455352 0.4024165
8 4 0.03639339 0.339862 0.09452596
8 10 0 0 0
8 16 0 0 0
8 7 0.01978894 0.1848003 0.6474648
8 15 0.0573101 0.535194 0.5707142
8 17 0.03488285 0.3257558 0.8472894
8 18 0.009459445 0.08833764 0.842485
8 21 0 0 0
8 23 0 0 0
8 19 0.001664393 0.01554304 0.07850263
1 12 0.05699961 0.268238 0.3104402
1 22 0.0002681714 0.001262004 0.004102573
1 20 0.008655413 0.04073204 0.7031454
1 0 0.2115101 0.9953586 0.3977725
1 6 0.1698934 0.7995119 0.3625047
1 5 0.1685672 0.7932707 0.4384281
1 2 0.08921449 0.41984 0.3847398
1 13 0.03981062 0.1873472 0.4003592
1 9 0.1022486 0.4811781 0.7471787
1 3 0 0 0
1 4 0.2105642 0.9909069 0.5469065
1 10 0.09534523 0.448691 0.8646661
1 16 0 0 0
1 7 0 0 0
1 15 0 0 0
1 17 0.0002728293 0.001283924 0.006626908
1 18 0.001313282 0.006180256 0.1169646
1 21 0 0 0
1 23 0 0 0
1 19 7.171985E-07 3.375109E-06 3.382733E-05
12 22 0.05178484 0.2820387 0.7922214
12 20 0.002666035 0.01452018 0.2165824
12 0 0.1781446 0.970239 0.3350242
12 6 0.1804687 0.982897 0.3850694
12 5 0.1362047 0.7418196 0.3542562
12 2 0.1364538 0.7431761 0.5884605
12 13 0.07270117 0.3959565 0.7311262
12 9 0.01160987 0.06323151 0.08483878
12 3 0.04358088 0.2373571 0.6670191
12 4 0.1246682 0.6789874 0.3238055
12 10 0.01828811 0.09960356 0.1658511
12 16 0 0 0
12 7 0.02461425 0.134058 0.8053417
12 15 0.07528061 0.4100051 0.7496709
12 17 0.03902142 0.2125246 0.9478136
12 18 0.004617753 0.02514993 0.4112701
12 21 0 0 0
12 23 0 0 0
12 19 0.005808186 0.03163346 0.2739484
22 20 0 0 0
22 0 0.06326839 0.9679003 0.1189845
22 6 0.06300413 0.9638577 0.1344331
22 5 0.03110488 0.4758525 0.08090099
22 2 0.03309692 0.5063275 0.1427313
22 13 0.01362985 0.2085138 0.1370698
22 9 0 0 0
22 3 0.0322708 0.4936891 0.4939147
22 4 0.02835513 0.433786 0.07364789
22 10 0 0 0
22 16 0 0 0
22 7 0.01195014 0.1828171 0.3909908
22 15 0.05159212 0.789273 0.5137726
22 17 0.004451317 0.0680977 0.1081206
22 18 0 0 0
22 21 0 0 0
22 23 0 0 0
22 19 0.0018385 0.02812598 0.08671457
20 0 0.009128423 0.7415717 0.01716719
20 6 0.009657775 0.784575 0.02060697
20 5 0.01172188 0.9522582 0.03048756
20 2 0.01230956 1 0.05308531
20 13 5.39275E-05 0.004380944 0.000542327
20 9 0 0 0
20 3 0 0 0
20 4 0.008260245 0.6710429 0.02145466
20 10 0 0 0
20 16 0 0 0
20 7 0 0 0
20 15 0 0 0
20 17 0 0 0
20 18 0.0005741434 0.04664206 0.05113484
20 21 0 0 0
20 23 0 0 0
20 19 0 0 0
0 6 0.4516624 0.8494101 0.9637203
0 5 0.3654732 0.6873201 0.9505629
0 2 0.1997572 0.3756695 0.8614581
0 13 0.09903406 0.1862465 0.9959453
0 9 0.1368463 0.2573573 1
0 3 0.04785654 0.09000049 0.7324594
0 4 0.3689048 0.6937737 0.958171
0 10 0.1086813 0.2043894 0.985608
0 16 0.01433523 0.02695928 0.9993683
0 7 0.02773206 0.05215375 0.9073516
0 15 0.07794994 0.1465951 0.7762531
0 17 0.04116993 0.07742544 1
0 18 0.01029819 0.01936709 0.9171859
0 21 7.125056E-05 0.000133996 0.131247
0 23 0 0 0
0 19 0.02095382 0.03940639 0.9883061
6 5 0.3625107 0.7734959 0.9428579
6 2 0.2084632 0.4448018 0.899003
6 13 0.09943724 0.2121711 1
6 9 0.1244586 0.2655597 0.9094777
6 3 0.05414151 0.1155227 0.8286529
6 4 0.3215578 0.6861139 0.8351948
6 10 0.07786816 0.1661487 0.7061701
6 16 0.01419362 0.03028518 0.9894958
6 7 0.0292952 0.06250772 0.9584955
6 15 0.08741961 0.1865288 0.8705555
6 17 0.04104445 0.0875773 0.996952
6 18 0.01117579 0.023846 0.995348
6 21 0 0 0
6 23 0 0 0
6 19 0.02106253 0.0449415 0.9934335
5 2 0.1907048 0.496006 0.8224193
5 13 0.09922092 0.2580647 0.9978245
5 9 0.1129356 0.2937352 0.8252731
5 3 0.00187373 0.004873402 0.02867802
5 4 0.3217681 0.8368899 0.8357409
5 10 0.0732701 0.190569 0.6644714
5 16 0.01375904 0.03578603 0.9591996
5 7 0.008364837 0.02175619 0.273685
5 15 0.03180045 0.08271011 0.3166801
5 17 0.0297115 0.07727694 0.7216795
5 18 0.01122803 0.02920309 1
5 21 0 0 0
5 23 0 0 0
5 19 0.02120175 0.05514384 1
2 13 0.09546772 0.411707 0.9600801
2 9 0.02705901 0.1166927 0.1977328
2 3 0.02960773 0.1276841 0.4531556
2 4 0.1530757 0.660143 0.3975896
2 10 0.02130945 0.09189754 0.1932509
2 16 0 0 0
2 7 0.02551649 0.1100405 0.8348616
2 15 0.05462146 0.2355565 0.5439398
2 17 0.04116993 0.1775464 1
2 18 0.01122803 0.04842116 1
2 21 0 0 0
2 23 0 0 0
2 19 0.008311251 0.03584249 0.3920078
13 9 0.01262464 0.1269609 0.09225418
13 3 0 0 0
13 4 0.09332331 0.9385146 0.2423923
13 10 0.009450095 0.09503577 0.08570094
13 16 0 0 0
13 7 0.001492735 0.01501183 0.04884006
13 15 0.01006117 0.1011811 0.1001927
13 17 0.01945834 0.1956846 0.4726347
13 18 0.002177729 0.02190053 0.1939547
13 21 0 0 0
13 23 0 0 0
13 19 0.00672917 0.06767254 0.3173875
9 3 0 0 0
9 4 0.1362724 0.9958062 0.3539456
9 10 0.08082259 0.5906085 0.7329633
9 16 0.001555006 0.01136316 0.1084059
9 7 0 0 0
9 15 0 0 0
9 17 0 0 0
9 18 0 0 0
9 21 0 0 0
9 23 0 0 0
9 19 0.007965973 0.0582111 0.3757224
3 4 6.476185E-06 9.912004E-05 1.682085E-05
3 10 0 0 0
3 16 0 0 0
3 7 0.02389534 0.3657257 0.78182
3 15 0.05980594 0.9153487 0.5955688
3 17 0.01316375 0.2014754 0.3197419
3 18 0 0 0
3 21 0 0 0
3 23 0 0 0
3 19 0 0 0
4 10 0.1068482 0.2775211 0.9689844
4 16 0.008105819 0.02105356 0.5650902
4 7 0.002736525 0.007107684 0.08953504
4 15 0.02419558 0.06284412 0.2409481
4 17 0.01862226 0.04836832 0.4523266
4 18 0.004629032 0.01202317 0.4122747
4 21 0 0 0
4 23 3.870753E-05 0.0001005366 0.359756
4 19 0.02047852 0.05318966 0.9658882
10 16 0 0 0
10 7 0 0 0
10 15 0 0 0
10 17 0 0 0
10 18 0 0 0
10 21 0 0 0
10 23 0 0 0
10 19 0 0 0
16 7 0 0 0
16 15 0 0 0
16 17 0 0 0
16 18 0 0 0
16 21 0 0 0
16 23 0 0 0
16 19 0.0008207724 0.05721944 0.03871249
7 15 0.02785811 0.9114761 0.277421
7 17 0.01925003 0.6298322 0.4675749
7 18 0 0 0
7 21 0 0 0
7 23 0 0 0
7 19 0 0 0
15 17 0.02013734 0.2005348 0.4891274
15 18 0 0 0
15 21 0 0 0
15 23 0 0 0
15 19 0 0 0
17 18 0.003465009 0.08416358 0.3086035
17 21 0 0 0
17 23 0 0 0
17 19 0.001513921 0.0367725 0.0714055
18 21 0 0 0
18 23 0 0 0
18 19 0.0008037721 0.07158622 0.03791065
21 23 0 0 0
21 19 0 0 0
23 19 0 0 0
