38 37 0 0 0
38 41 0 0 0
38 16 0 0 0
38 21 0 0 0
38 12 0 0 0
38 7 0.006349014 0.9728768 0.01331854
38 29 0 0 0
38 6 0.00129936 0.1991045 0.02383765
38 11 0 0 0
38 1 0 0 0
38 5 0 0 0
38 14 0 0 0
38 22 0 0 0
38 10 0 0 0
38 26 0 0 0
38 27 0 0 0
38 19 0 0 0
38 13 0 0 0
38 2 0 0 0
38 47 0 0 0
38 35 0 0 0
38 8 0.001825691 0.2797556 0.1201043
38 43 0 0 0
38 24 0.003438104 0.5268301 0.08505803
38 15 0 0 0
38 34 0 0 0
38 17 0.001805657 0.2766858 0.03595152
38 39 0 0 0
38 30 0 0 0
38 25 0 0 0
38 44 0 0 0
38 23 0 0 0
38 46 0 0 0
38 18 0.004398626 0.6740136 0.00920063
38 3 0 0 0
38 9 0 0 0
38 45 0 0 0
38 0 0 0 0
38 28 0.005473274 0.8386849 0.0228569
38 42 0 0 0
38 48 0 0 0
38 31 0 0 0
38 20 0.004681679 0.7173865 0.01913006
38 32 0.002220035 0.3401821 0.03082032
38 33 0 0 0
38 40 0.002111512 0.3235528 0.01388542
38 4 0 0 0
38 49 0 0 0
38 36 0 0 0
37 41 0 0 0
37 16 0 0 0
37 21 0 0 0
37 12 0 0 0
37 7 0 0 0
37 29 0 0 0
37 6 0 0 0
37 11 0 0 0
37 1 0 0 0
37 5 0 0 0
37 14 0 0 0
37 22 0 0 0
37 10 0 0 0
37 26 0 0 0
37 27 0 0 0
37 19 0 0 0
37 13 0 0 0
37 2 0 0 0
37 47 0 0 0
37 35 0 0 0
37 8 0 0 0
37 43 0 0 0
37 24 0.0003723613 0.3350744 0.009212147
37 15 0 0 0
37 34 0 0 0
37 17 0 0 0
37 39 0 0 0
37 30 0 0 0
37 25 0 0 0
37 44 0 0 0
37 23 0 0 0
37 46 0 0 0
37 18 0 0 0
37 3 0 0 0
37 9 0 0 0
37 45 0 0 0
37 0 0 0 0
37 28 0.00111128 1 0.004640806
37 42 0 0 0
37 48 0 0 0
37 31 0 0 0
37 20 0 0 0
37 32 0 0 0
37 33 0 0 0
37 40 0 0 0
37 4 0 0 0
37 49 0 0 0
37 36 0 0 0
41 16 0.001129986 1 0.004899321
41 21 0 0 0
41 12 0.00105855 0.9367816 0.00416479
41 7 0.001129986 1 0.002370409
41 29 0 0 0
41 6 0.0009725087 0.860638 0.01784134
41 11 0 0 0
41 1 0 0 0
41 5 0 0 0
41 14 0 0 0
41 22 0 0 0
41 10 0 0 0
41 26 0.001129986 1 0.005676481
41 27 0 0 0
41 19 0.0006737036 0.5962054 0.002854774
41 13 0 0 0
41 2 0 0 0
41 47 0 0 0
41 35 0 0 0
41 8 0 0 0
41 43 0 0 0
41 24 0 0 0
41 15 0 0 0
41 34 0 0 0
41 17 0 0 0
41 39 0 0 0
41 30 0 0 0
41 25 0 0 0
41 44 0 0 0
41 23 0 0 0
41 46 0 0 0
41 18 0.001129986 1 0.002363597
41 3 0 0 0
41 9 0 0 0
41 45 0 0 0
41 0 0 0 0
41 28 0.0007419633 0.656613 0.003098507
41 42 0 0 0
41 48 0 0 0
41 31 0 0 0
41 20 0 0 0
41 32 0 0 0
41 33 0 0 0
41 40 0.001129986 1 0.00743085
41 4 0 0 0
41 49 0 0 0
41 36 0 0 0
16 21 0.09490333 0.4114759 0.8702462
16 12 0.1820359 0.7892596 0.7162073
16 7 0.218918 0.9491709 0.4592316
16 29 0.02524649 0.1094621 0.3198349
16 6 0.009735662 0.04221127 0.1786074
16 11 0.0154619 0.06703872 0.3666608
16 1 0.0358864 0.155594 0.7176804
16 5 0.07092097 0.3074946 0.9645969
16 14 0.0197431 0.08560087 0.9761664
16 22 0.02521059 0.1093065 0.2779344
16 10 0.01169392 0.05070177 0.1609156
16 26 0.1896922 0.8224555 0.9529184
16 27 0.08216929 0.3562644 0.7383668
16 19 0.1971771 0.854908 0.835525
16 13 0.0006361076 0.002757995 0.04009819
16 2 0.02923392 0.1267506 0.6505871
16 47 0.00164679 0.007140047 0.9622026
16 35 0.003995182 0.01732206 0.6385468
16 8 0 0 0
16 43 0 0 0
16 24 0 0 0
16 15 0.04683546 0.2030662 0.494287
16 34 0.09691043 0.4201781 0.4523998
16 17 0.00164327 0.007124784 0.0327183
16 39 0 0 0
16 30 0.004043235 0.0175304 0.04098138
16 25 0.07473367 0.3240255 0.798212
16 44 0 0 0
16 23 0 0 0
16 46 0 0 0
16 18 0.2092064 0.9070639 0.4375982
16 3 2.827205E-06 1.225802E-05 8.58748E-05
16 9 0 0 0
16 45 0.000271212 0.001175904 0.833787
16 0 0.0310688 0.1347061 1
16 28 0.07477188 0.3241912 0.3122543
16 42 0 0 0
16 48 0 0 0
16 31 0 0 0
16 20 0.08866931 0.3844468 0.3623164
16 32 0 0 0
16 33 0.00181064 0.007850456 0.07489313
16 40 0.1043203 0.4523052 0.686016
16 4 0.004106937 0.0178066 0.1249475
16 49 0 0 0
16 36 0 0 0
21 12 0.08069514 0.7399597 0.3174893
21 7 0.1075053 0.9858036 0.2255173
21 29 0.03282734 0.3010207 0.4158727
21 6 0 0 0
21 11 0.003984525 0.03653737 0.09448834
21 1 0.002865914 0.02627991 0.05731449
21 5 0.02724177 0.249802 0.3705156
21 14 0.02022514 0.1854608 1
21 22 0.01010066 0.09262116 0.1113548
21 10 0.01054947 0.09673667 0.1451672
21 26 0.07542738 0.6916553 0.3789092
21 27 0.02651753 0.2431609 0.2382844
21 19 0.09326248 0.8551999 0.3951936
21 13 0.0009784095 0.008971837 0.06167581
21 2 0.03557742 0.3262384 0.7917587
21 47 0.0003110707 0.002852462 0.1817555
21 35 0.001025693 0.009405414 0.1639356
21 8 0 0 0
21 43 0 0 0
21 24 0 0 0
21 15 0.0002521011 0.002311721 0.002660597
21 34 0.09688383 0.888407 0.4522756
21 17 1.3395E-05 0.0001228297 0.000266701
21 39 0 0 0
21 30 0.01406182 0.1289444 0.1425277
21 25 0.06357992 0.5830162 0.6790814
21 44 0 0 0
21 23 0 0 0
21 46 0 0 0
21 18 0.08788452 0.805885 0.1838285
21 3 0 0 0
21 9 0 0 0
21 45 5.68213E-05 0.000521041 0.1746857
21 0 0 0 0
21 28 0.01314588 0.1205454 0.05489842
21 42 0 0 0
21 48 0 0 0
21 31 0 0 0
21 20 0.05011904 0.4595824 0.2047941
21 32 0 0 0
21 33 0 0 0
21 40 0.03794777 0.3479742 0.2495467
21 4 0 0 0
21 49 0 0 0
21 36 0 0 0
12 7 0.2319745 0.9126872 0.4866206
12 29 0.06163015 0.2424795 0.7807608
12 6 0.006359195 0.0250198 0.1166638
12 11 0.02278514 0.08964652 0.5403228
12 1 0.0375151 0.1476005 0.7502523
12 5 0.06960213 0.2738447 0.9466594
12 14 0.01160074 0.04564231 0.5735806
12 22 0.04794103 0.1886206 0.5285265
12 10 0.05241482 0.2062224 0.7212604
12 26 0.1536547 0.6045435 0.771884
12 27 0.06156501 0.2422232 0.5532184
12 19 0.1987769 0.7820737 0.8423041
12 13 0.01524532 0.05998163 0.9610162
12 2 0.04493467 0.1767923 1
12 47 0.001519306 0.005977602 0.8877151
12 35 0 0 0
12 8 0 0 0
12 43 0.008460773 0.03328831 0.2319674
12 24 0 0 0
12 15 0.05988913 0.2356295 0.6320513
12 34 0.1366953 0.537818 0.6381246
12 17 0.008766913 0.0344928 0.1745535
12 39 0 0 0
12 30 0.04927792 0.1938805 0.4994707
12 25 0.04376391 0.172186 0.4674315
12 44 5.957956E-05 0.0002344115 0.08533066
12 23 0 0 0
12 46 0.005839503 0.02297511 0.2154259
12 18 0.236954 0.9322789 0.495638
12 3 0.006723478 0.02645305 0.2042219
12 9 0 0 0
12 45 0.0003252773 0.001279781 1
12 0 0.0310688 0.122238 1
12 28 0.09698642 0.3815862 0.4050242
12 42 0 0 0
12 48 0 0 0
12 31 0 0 0
12 20 0.1289671 0.5074121 0.5269794
12 32 0 0 0
12 33 0.007135644 0.02807468 0.2951502
12 40 0.1057799 0.4161834 0.6956143
12 4 0.0002676241 0.001052948 0.008142072
12 49 0 0 0
12 36 0 0 0
7 29 0.07494687 0.1572185 0.9494634
7 6 0.05393779 0.1131471 0.989526
7 11 0.04216949 0.08846034 1
7 1 0.05000331 0.1048936 1
7 5 0.07352394 0.1542336 1
7 14 0.02022514 0.04242694 1
7 22 0.09070695 0.190279 1
7 10 0.07267115 0.1524447 1
7 26 0.182349 0.3825195 0.9160297
7 27 0.0706206 0.1481432 0.6345912
7 19 0.218343 0.4580253 0.9252141
7 13 0.01586375 0.03327791 1
7 2 0.04493467 0.09426095 1
7 47 0.001711479 0.003590227 1
7 35 0.003320712 0.006965968 0.5307468
7 8 0.01520087 0.03188737 1
7 43 0 0 0
7 24 0.02181116 0.045754 0.539604
7 15 0.04161833 0.08730415 0.439227
7 34 0.1957531 0.4106378 0.9138199
7 17 0.04954423 0.1039306 0.98645
7 39 0.0005695364 0.001194735 0.5762137
7 30 0.08731446 0.1831624 0.8850012
7 25 0.08803342 0.1846706 0.9402632
7 44 0.0006982199 0.001464679 1
7 23 0.00555141 0.01164538 0.4602584
7 46 0 0 0
7 18 0.4109543 0.8620723 0.8595952
7 3 0 0 0
7 9 0.004381171 0.009190527 0.3207036
7 45 0.0001987181 0.0004168575 0.6109189
7 0 0.03061225 0.06421632 0.985305
7 28 0.2024726 0.4247334 0.8455442
7 42 0 0 0
7 48 0 0 0
7 31 0.001871983 0.003926922 0.6421825
7 20 0.2299263 0.4823239 0.9395139
7 32 0.05255754 0.1102517 0.7296461
7 33 0 0 0
7 40 0.1520668 0.3189956 1
7 4 0.0139168 0.02919372 0.4233981
7 49 0 0 0
7 36 0 0 0
29 6 0 0 0
29 11 0.0002898817 0.003672362 0.006874204
29 1 0.0001006263 0.001274783 0.002012393
29 5 0.005135151 0.06505459 0.06984325
29 14 0.001793734 0.0227239 0.08868838
29 22 0.01422437 0.1802012 0.1568167
29 10 0.0364686 0.4620019 0.5018305
29 26 0.0186342 0.2360671 0.09360885
29 27 0 0 0
29 19 0.03056213 0.387176 0.129505
29 13 0.0101145 0.1281354 0.6375855
29 2 0.0369338 0.4678953 0.8219444
29 47 0.0001337205 0.001694037 0.07813155
29 35 0 0 0
29 8 0 0 0
29 43 0 0 0
29 24 0 0 0
29 15 0 0 0
29 34 0.07770385 0.9843902 0.3627391
29 17 2.609668E-05 0.0003306055 0.0005195977
29 39 0 0 0
29 30 0.05205555 0.6594651 0.5276242
29 25 0.01429708 0.1811224 0.1527036
29 44 0.0006982199 0.008845389 1
29 23 0 0 0
29 46 0 0 0
29 18 0.06058287 0.7674932 0.1267215
29 3 0 0 0
29 9 0 0 0
29 45 0 0 0
29 0 0 0 0
29 28 0.009743709 0.1234381 0.04069063
29 42 0 0 0
29 48 0 0 0
29 31 0 0 0
29 20 0.04894191 0.62002 0.1999841
29 32 0 0 0
29 33 0 0 0
29 40 0.01239429 0.1570169 0.08150555
29 4 0 0 0
29 49 0 0 0
29 36 0 0 0
6 11 0 0 0
6 1 0.0001007075 0.001847549 0.002014017
6 5 0.002741976 0.05030345 0.03729365
6 14 0 0 0
6 22 0 0 0
6 10 0 0 0
6 26 0.01078551 0.1978677 0.054181
6 27 0 0 0
6 19 0.007559808 0.1386899 0.03203419
6 13 0 0 0
6 2 0 0 0
6 47 2.422873E-08 4.444928E-07 1.41566E-05
6 35 0 0 0
6 8 0.009005707 0.1652159 0.5924467
6 43 0 0 0
6 24 0 0 0
6 15 0 0 0
6 34 0 0 0
6 17 0 0 0
6 39 0 0 0
6 30 0 0 0
6 25 0 0 0
6 44 0 0 0
6 23 0 0 0
6 46 0 0 0
6 18 0.05450872 1 0.1140162
6 3 0 0 0
6 9 0 0 0
6 45 0 0 0
6 0 0 0 0
6 28 0.01586492 0.2910528 0.06625335
6 42 0 0 0
6 48 0 0 0
6 31 0 0 0
6 20 0.01086611 0.1993463 0.0444006
6 32 0.03632157 0.6663443 0.5042453
6 33 0 0 0
6 40 0.01875518 0.3440767 0.1233351
6 4 6.290354E-08 1.154009E-06 1.913748E-06
6 49 0 0 0
6 36 0 0 0
11 1 0.02375107 0.5632288 0.47499
11 5 0.01198795 0.2842801 0.1630482
11 14 0 0 0
11 22 0.04216949 1 0.4648981
11 10 0.01892785 0.4488516 0.2604589
11 26 0.001648127 0.0390834 0.008279362
11 27 0 0 0
11 19 0.02364855 0.5607976 0.1002092
11 13 0 0 0
11 2 0 0 0
11 47 0.0009025702 0.02140339 0.5273626
11 35 0 0 0
11 8 0 0 0
11 43 0 0 0
11 24 9.170949E-06 0.0002174783 0.0002268875
11 15 0 0 0
11 34 0.009768989 0.2316601 0.04560385
11 17 0.02665612 0.6321186 0.5307364
11 39 0 0 0
11 30 0.0001492876 0.003540179 0.001513148
11 25 0 0 0
11 44 0 0 0
11 23 0 0 0
11 46 0 0 0
11 18 0.04216949 1 0.08820615
11 3 0 0 0
11 9 0 0 0
11 45 0 0 0
11 0 0 0 0
11 28 0.04216949 1 0.1761037
11 42 0 0 0
11 48 0 0 0
11 31 0 0 0
11 20 0.04216949 1 0.172311
11 32 0 0 0
11 33 0 0 0
11 40 0.02825573 0.6700516 0.1858113
11 4 0 0 0
11 49 0 0 0
11 36 0 0 0
1 5 0.03650966 0.7301449 0.4965683
1 14 0 0 0
1 22 0.0306021 0.6120014 0.3373732
1 10 0.005721981 0.1144321 0.078738
1 26 0.01749572 0.3498913 0.08788972
1 27 0 0 0
1 19 0.04609093 0.9217575 0.1953073
1 13 0 0 0
1 2 0 0 0
1 47 0.001525991 0.03051779 0.8916208
1 35 0 0 0
1 8 0 0 0
1 43 0 0 0
1 24 0 0 0
1 15 0 0 0
1 34 0.002949425 0.05898461 0.01376859
1 17 0.01161664 0.2323174 0.231293
1 39 0 0 0
1 30 0 0 0
1 25 0 0 0
1 44 0 0 0
1 23 0 0 0
1 46 0 0 0
1 18 0.05000331 1 0.1045922
1 3 0 0 0
1 9 0 0 0
1 45 0 0 0
1 0 0 0 0
1 28 0.05000331 1 0.2088184
1 42 0 0 0
1 48 0 0 0
1 31 0 0 0
1 20 0.04997322 0.9993982 0.2041982
1 32 0 0 0
1 33 0 0 0
1 40 0.04855147 0.9709651 0.3192772
1 4 0 0 0
1 49 0 0 0
1 36 0 0 0
5 14 0.004568498 0.06213619 0.2258822
5 22 0.01946573 0.2647536 0.2146002
5 10 0.001452954 0.01976164 0.01999355
5 26 0.05248229 0.7138123 0.2636447
5 27 0.0009183722 0.01249079 0.008252421
5 19 0.07352394 1 0.3115528
5 13 0 0 0
5 2 0.01062556 0.1445184 0.2364668
5 47 0.001683559 0.02289811 0.9836864
5 35 0 0 0
5 8 0 0 0
5 43 0 0 0
5 24 0 0 0
5 15 0.0002807843 0.003818951 0.002963311
5 34 0.02626724 0.3572611 0.1226214
5 17 0.0002456643 0.003341283 0.004891296
5 39 0 0 0
5 30 0 0 0
5 25 0.006744789 0.09173597 0.07203943
5 44 0 0 0
5 23 0 0 0
5 46 0 0 0
5 18 0.07352394 1 0.1537904
5 3 0 0 0
5 9 0 0 0
5 45 0 0 0
5 0 0.000171266 0.002329391 0.005512476
5 28 0.05477849 0.7450429 0.22876
5 42 0 0 0
5 48 0 0 0
5 31 0 0 0
5 20 0.06414782 0.8724752 0.2621178
5 32 0 0 0
5 33 0 0 0
5 40 0.06973821 0.9485102 0.4586024
5 4 0 0 0
5 49 0 0 0
5 36 0 0 0
14 22 0 0 0
14 10 0 0 0
14 26 0.01522099 0.7525781 0.07646263
14 27 0 0 0
14 19 0.01842221 0.910857 0.07806288
14 13 0 0 0
14 2 0.006730357 0.3327719 0.1497809
14 47 0 0 0
14 35 0 0 0
14 8 0 0 0
14 43 0 0 0
14 24 0 0 0
14 15 0 0 0
14 34 0.006525752 0.3226556 0.03046369
14 17 0 0 0
14 39 0 0 0
14 30 0.0006344819 0.03137096 0.006430976
14 25 0.0201711 0.9973282 0.2154425
14 44 0 0 0
14 23 0 0 0
14 46 0 0 0
14 18 0.01317892 0.6516107 0.02756641
14 3 0 0 0
14 9 0 0 0
14 45 0 0 0
14 0 0 0 0
14 28 0 0 0
14 42 0 0 0
14 48 0 0 0
14 31 0 0 0
14 20 0.003736446 0.1847427 0.01526769
14 32 0 0 0
14 33 0 0 0
14 40 0.001494303 0.07388346 0.00982662
14 4 0 0 0
14 49 0 0 0
14 36 0 0 0
22 10 0.04358522 0.4805059 0.5997597
22 26 0.004773742 0.05262818 0.02398088
22 27 0 0 0
22 19 0.0387743 0.4274678 0.1643035
22 13 0.01003149 0.1105923 0.6323532
22 2 0.002095406 0.02310083 0.04663228
22 47 0.00142671 0.01572878 0.8336119
22 35 0 0 0
22 8 0 0 0
22 43 0 0 0
22 24 0.005735662 0.06323288 0.1418992
22 15 0 0 0
22 34 0.03399097 0.3747339 0.1586775
22 17 0.04228631 0.466186 0.8419411
22 39 0 0 0
22 30 0.0170205 0.1876427 0.1725162
22 25 0 0 0
22 44 0 0 0
22 23 0 0 0
22 46 0 0 0
22 18 0.09070695 1 0.1897322
22 3 0 0 0
22 9 0 0 0
22 45 0 0 0
22 0 0 0 0
22 28 0.08529357 0.9403201 0.3561938
22 42 0 0 0
22 48 0 0 0
22 31 0 0 0
22 20 0.09041583 0.9967905 0.3694529
22 32 0 0 0
22 33 0 0 0
22 40 0.04849956 0.5346841 0.3189358
22 4 0 0 0
22 49 0 0 0
22 36 0 0 0
10 26 0.002229452 0.03067864 0.01119965
10 27 0 0 0
10 19 0.01303862 0.1794195 0.05525029
10 13 0.01400186 0.1926742 0.8826323
10 2 0.01289038 0.1773796 0.2868694
10 47 4.985274E-05 0.0006860046 0.02912845
10 35 0 0 0
10 8 0 0 0
10 43 0 0 0
10 24 0 0 0
10 15 0 0 0
10 34 0.05938166 0.8171284 0.277207
10 17 0.01824818 0.2511063 0.3633302
10 39 0 0 0
10 30 0.04293832 0.5908579 0.4352138
10 25 0 0 0
10 44 0 0 0
10 23 0 0 0
10 46 0 0 0
10 18 0.06013402 0.8274814 0.1257827
10 3 0 0 0
10 9 0 0 0
10 45 0 0 0
10 0 0 0 0
10 28 0.04421952 0.608488 0.1846648
10 42 0 0 0
10 48 0 0 0
10 31 0 0 0
10 20 0.06216934 0.8554887 0.2540334
10 32 0 0 0
10 33 0 0 0
10 40 0.01687786 0.2322498 0.1109897
10 4 0 0 0
10 49 0 0 0
10 36 0 0 0
26 27 0.08630221 0.433539 0.7755049
26 19 0.162881 0.8182325 0.6901976
26 13 0 0 0
26 2 0.02547089 0.1279529 0.5668426
26 47 0.0001862874 0.0009358144 0.1088458
26 35 0.005680732 0.02853714 0.9079468
26 8 0 0 0
26 43 0 0 0
26 24 0 0 0
26 15 0.04614579 0.2318132 0.4870084
26 34 0.07953346 0.3995361 0.3712802
26 17 0 0 0
26 39 0 0 0
26 30 0.0006093403 0.003061019 0.006176145
26 25 0.06371005 0.3200473 0.6804714
26 44 0 0 0
26 23 0 0 0
26 46 0 0 0
26 18 0.1812726 0.9106224 0.3791688
26 3 0 0 0
26 9 0 0 0
26 45 0.0002656725 0.001334605 0.8167569
26 0 0.0310688 0.156074 1
26 28 0.04920887 0.2472007 0.2055008
26 42 0 0 0
26 48 0 0 0
26 31 0 0 0
26 20 0.05898145 0.2962932 0.2410072
26 32 0 0 0
26 33 0.001612535 0.008100564 0.06669895
26 40 0.0781672 0.3926727 0.5140319
26 4 0.00412507 0.02072228 0.1254992
26 49 0 0 0
26 36 0 0 0
27 19 0.06644879 0.5971036 0.2815723
27 13 0 0 0
27 2 0.0002643264 0.002375216 0.005882459
27 47 0 0 0
27 35 0.00625668 0.05622203 1
27 8 0 0 0
27 43 0 0 0
27 24 0 0 0
27 15 0.03758389 0.3377259 0.3966488
27 34 0.02993161 0.2689631 0.1397275
27 17 0 0 0
27 39 0 0 0
27 30 0 0 0
27 25 0.04303937 0.3867484 0.4596929
27 44 0 0 0
27 23 0 0 0
27 46 1.162815E-06 1.044897E-05 4.289757E-05
27 18 0.07341824 0.6597306 0.1535693
27 3 0.000922132 0.008286206 0.02800925
27 9 0 0 0
27 45 0.0003165315 0.002844328 0.9731128
27 0 0.01543583 0.1387051 0.4968273
27 28 0 0 0
27 42 0 0 0
27 48 0 0 0
27 31 0 0 0
27 20 0 0 0
27 32 0 0 0
27 33 0.00485329 0.04361128 0.2007457
27 40 0.006025532 0.05414496 0.03962424
27 4 0 0 0
27 49 0 0 0
27 36 0 0 0
19 13 0.0008168553 0.00346137 0.05149195
19 2 0.03356405 0.1422254 0.7469522
19 47 0.001711479 0.007252281 1
19 35 0.0002697776 0.001143165 0.04311834
19 8 0 0 0
19 43 0.004510866 0.0191145 0.1236735
19 24 0 0 0
19 15 0.05732863 0.2429263 0.6050286
19 34 0.1045476 0.4430137 0.4880521
19 17 0.01080792 0.04579787 0.2151911
19 39 0 0 0
19 30 0.01338105 0.05670134 0.1356276
19 25 0.05928674 0.2512237 0.6332271
19 44 0 0 0
19 23 0 0 0
19 46 0.004225198 0.017904 0.1558724
19 18 0.2159583 0.9151092 0.4517212
19 3 0.005058875 0.02143665 0.1536605
19 9 0 0 0
19 45 0.0003107386 0.001316734 0.9553035
19 0 0.0310688 0.131652 1
19 28 0.09042206 0.3831575 0.3776108
19 42 0 0 0
19 48 0 0 0
19 31 0 0 0
19 20 0.108709 0.4606472 0.4442016
19 32 6.516319E-05 0.0002761247 0.0009046479
19 33 0.004382036 0.01856859 0.1812533
19 40 0.1174732 0.497785 0.7725105
19 4 0.0004263716 0.001806722 0.01297173
19 49 0 0 0
19 36 0 0 0
13 2 0.002756639 0.1737697 0.06134772
13 47 0 0 0
13 35 0 0 0
13 8 0 0 0
13 43 0 0 0
13 24 0 0 0
13 15 0 0 0
13 34 0.01586375 1 0.07405557
13 17 0 0 0
13 39 0 0 0
13 30 0.01431794 0.9025573 0.1451237
13 25 0 0 0
13 44 0 0 0
13 23 0 0 0
13 46 0 0 0
13 18 0.01586375 1 0.03318229
13 3 0 0 0
13 9 0 0 0
13 45 0 0 0
13 0 0 0 0
13 28 0.009592404 0.6046745 0.04005876
13 42 0 0 0
13 48 0 0 0
13 31 0 0 0
13 20 0.01586375 1 0.06482171
13 32 0 0 0
13 33 0 0 0
13 40 0.001264413 0.07970458 0.008314854
13 4 0 0 0
13 49 0 0 0
13 36 0 0 0
2 47 2.106816E-06 4.68862E-05 0.001230991
2 35 0 0 0
2 8 0 0 0
2 43 0 0 0
2 24 0 0 0
2 15 0 0 0
2 34 0.04493467 1 0.2097652
2 17 0 0 0
2 39 0 0 0
2 30 0.01703193 0.3790375 0.1726321
2 25 0.01713314 0.38129 0.1829949
2 44 0 0 0
2 23 0 0 0
2 46 0 0 0
2 18 0.04446074 0.9894528 0.09299876
2 3 0 0 0
2 9 0 0 0
2 45 0 0 0
2 0 0 0 0
2 28 0.0008890352 0.01978506 0.003712693
2 42 0 0 0
2 48 0 0 0
2 31 0 0 0
2 20 0.0382279 0.8507439 0.1562051
2 32 0 0 0
2 33 0 0 0
2 40 0.0117753 0.2620539 0.07743506
2 4 0 0 0
2 49 0 0 0
2 36 0 0 0
47 35 0 0 0
47 8 0 0 0
47 43 0 0 0
47 24 0 0 0
47 15 0 0 0
47 34 0.0002622301 0.1532184 0.001224149
47 17 0 0 0
47 39 0 0 0
47 30 0 0 0
47 25 0 0 0
47 44 0 0 0
47 23 0 0 0
47 46 0 0 0
47 18 0.001711479 1 0.003579911
47 3 0 0 0
47 9 0 0 0
47 45 0 0 0
47 0 0 0 0
47 28 0.001711479 1 0.007147295
47 42 0 0 0
47 48 0 0 0
47 31 0 0 0
47 20 0.001711479 1 0.006993366
47 32 0 0 0
47 33 0 0 0
47 40 0.001711479 1 0.01125478
47 4 0 0 0
47 49 0 0 0
47 36 0 0 0
35 8 0 0 0
35 43 0 0 0
35 24 0 0 0
35 15 0 0 0
35 34 1.227977E-05 0.001962666 5.732476E-05
35 17 0 0 0
35 39 0 0 0
35 30 0 0 0
35 25 0.004277492 0.6836681 0.04568684
35 44 0 0 0
35 23 0 0 0
35 46 0 0 0
35 18 0.001732624 0.2769239 0.003624139
35 3 0 0 0
35 9 0 0 0
35 45 0 0 0
35 0 0 0 0
35 28 0 0 0
35 42 0 0 0
35 48 0 0 0
35 31 0 0 0
35 20 0 0 0
35 32 0 0 0
35 33 0 0 0
35 40 0 0 0
35 4 0 0 0
35 49 0 0 0
35 36 0 0 0
8 43 0 0 0
8 24 0 0 0
8 15 0 0 0
8 34 0 0 0
8 17 0 0 0
8 39 0 0 0
8 30 0 0 0
8 25 0 0 0
8 44 0 0 0
8 23 0 0 0
8 46 0 0 0
8 18 0.01520087 1 0.03179574
8 3 0 0 0
8 9 0 0 0
8 45 0 0 0
8 0 0 0 0
8 28 0.008742047 0.5751017 0.03650759
8 42 0 0 0
8 48 0 0 0
8 31 0 0 0
8 20 0.009578058 0.6300992 0.03913741
8 32 0.01434327 0.9435818 0.1991248
8 33 0 0 0
8 40 0.01031979 0.6788945 0.06786351
8 4 0 0 0
8 49 0 0 0
8 36 0 0 0
43 24 0 0 0
43 15 0.0281386 0.7714705 0.2969661
43 34 0 0 0
43 17 0 0 0
43 39 0 0 0
43 30 0 0 0
43 25 0 0 0
43 44 0 0 0
43 23 0 0 0
43 46 0.01765471 0.4840358 0.6513025
43 18 0.0008556935 0.02346038 0.001789859
43 3 0.01876791 0.5145561 0.5700648
43 9 0 0 0
43 45 0 0 0
43 0 0 0 0
43 28 0 0 0
43 42 0 0 0
43 48 0 0 0
43 31 0 0 0
43 20 0 0 0
43 32 0 0 0
43 33 0.01239642 0.3398702 0.5127507
43 40 0 0 0
43 4 0 0 0
43 49 0 0 0
43 36 0 0 0
24 15 0 0 0
24 34 0 0 0
24 17 0.01314285 0.3251515 0.2616805
24 39 0.0001985394 0.004911826 0.2008671
24 30 0 0 0
24 25 0 0 0
24 44 0 0 0
24 23 0 0 0
24 46 0 0 0
24 18 0.0133759 0.3309173 0.02797845
24 3 0 0 0
24 9 0 0 0
24 45 0 0 0
24 0 0 0 0
24 28 0.03018262 0.7467121 0.1260454
24 42 0 0 0
24 48 0 0 0
24 31 0 0 0
24 20 0.02677531 0.6624159 0.109408
24 32 0.01089576 0.2695589 0.1512637
24 33 0 0 0
24 40 0.002008254 0.04968382 0.01320639
24 4 0 0 0
24 49 0 0 0
24 36 0 0 0
15 34 0.008120241 0.08569852 0.03790712
15 17 0 0 0
15 39 0 0 0
15 30 0 0 0
15 25 0.0001293796 0.001365432 0.001381872
15 44 0 0 0
15 23 0 0 0
15 46 0.02086536 0.2202065 0.7697468
15 18 0.05559754 0.5867593 0.1162937
15 3 0.02406833 0.2540097 0.7310621
15 9 0 0 0
15 45 0.0002294724 0.002421781 0.7054669
15 0 0.02722271 0.2873 0.8762072
15 28 0.003516214 0.03710904 0.01468404
15 42 0 0 0
15 48 0 0 0
15 31 0 0 0
15 20 0.0004004815 0.004226557 0.001636429
15 32 0 0 0
15 33 0.01219336 0.1286849 0.5043514
15 40 0.006914112 0.0729694 0.04546759
15 4 0 0 0
15 49 0 0 0
15 36 0 0 0
34 17 0.006549439 0.03057426 0.1304025
34 39 0 0 0
34 30 0.09414183 0.4394754 0.9542019
34 25 0.06288055 0.2935407 0.6716117
34 44 0.0006982199 0.003259448 1
34 23 0 0 0
34 46 0 0 0
34 18 0.1624154 0.7581917 0.3397251
34 3 0 0 0
34 9 0 0 0
34 45 0.0001737787 0.0008112381 0.5342476
34 0 0.0004474974 0.002089019 0.01440343
34 28 0.05290396 0.2469677 0.2209318
34 42 0 0 0
34 48 0 0 0
34 31 0.002592854 0.01210403 0.8894768
34 20 0.1022706 0.4774221 0.4178932
34 32 0 0 0
34 33 0 0 0
34 40 0.04241387 0.1979975 0.278916
34 4 0 0 0
34 49 5.1628E-09 2.410112E-08 1
34 36 0 0 0
17 39 0 0 0
17 30 0.001021165 0.0203319 0.01035032
17 25 0 0 0
17 44 0 0 0
17 23 0 0 0
17 46 0 0 0
17 18 0.04693575 0.9345138 0.09817576
17 3 0 0 0
17 9 0 0 0
17 45 0 0 0
17 0 0 0 0
17 28 0.05022478 1 0.2097433
17 42 0 0 0
17 48 0 0 0
17 31 0 0 0
17 20 0.05022478 1 0.2052261
17 32 0 0 0
17 33 0 0 0
17 40 0.01967311 0.3917012 0.1293714
17 4 0 0 0
17 49 0 0 0
17 36 0 0 0
39 30 0 0 0
39 25 0 0 0
39 44 0 0 0
39 23 0 0 0
39 46 0 0 0
39 18 0.0007340072 0.7426128 0.001535327
39 3 0 0 0
39 9 0 0 0
39 45 0 0 0
39 0 0 0 0
39 28 0 0 0
39 42 0 0 0
39 48 0 0 0
39 31 0 0 0
39 20 0 0 0
39 32 0.0009884117 1 0.01372193
39 33 0 0 0
39 40 0 0 0
39 4 0 0 0
39 49 0 0 0
39 36 0 0 0
30 25 0.01596155 0.161783 0.1704814
30 44 0.0006982199 0.007077011 1
30 23 0 0 0
30 46 0 0 0
30 18 0.06925062 0.7019098 0.1448519
30 3 0 0 0
30 9 0 0 0
30 45 0 0 0
30 0 0 0 0
30 28 0.03542764 0.3590871 0.1479491
30 42 0 0 0
30 48 0 0 0
30 31 0.0002869289 0.002908251 0.09843075
30 20 0.05568397 0.564401 0.2275332
30 32 0 0 0
30 33 0 0 0
30 40 6.686387E-05 0.0006777183 0.0004397006
30 4 0 0 0
30 49 5.1628E-09 5.232906E-08 1
30 36 0 0 0
25 44 8.015506E-05 0.0008561164 0.1147992
25 23 0 0 0
25 46 0 0 0
25 18 0.05689418 0.6076728 0.1190059
25 3 0 0 0
25 9 0 0 0
25 45 0 0 0
25 0 0 0 0
25 28 0 0 0
25 42 0 0 0
25 48 0 0 0
25 31 0 0 0
25 20 0.01207729 0.1289946 0.04934967
25 32 0 0 0
25 33 0.001296555 0.01384818 0.05362913
25 40 0.005419316 0.05788238 0.03563773
25 4 0 0 0
25 49 0 0 0
25 36 0 0 0
44 23 0 0 0
44 46 0 0 0
44 18 0 0 0
44 3 0 0 0
44 9 0 0 0
44 45 0 0 0
44 0 0 0 0
44 28 0 0 0
44 42 0 0 0
44 48 0 0 0
44 31 0 0 0
44 20 0 0 0
44 32 0 0 0
44 33 0 0 0
44 40 0 0 0
44 4 0 0 0
44 49 0 0 0
44 36 0 0 0
23 46 0 0 0
23 18 0.01063675 0.8818756 0.02224895
23 3 0 0 0
23 9 0 0 0
23 45 0 0 0
23 0 0 0 0
23 28 0 0 0
23 42 0 0 0
23 48 0 0 0
23 31 0 0 0
23 20 0 0 0
23 32 0.001492691 0.1237566 0.02072274
23 33 0 0 0
23 40 0 0 0
23 4 0 0 0
23 49 0 0 0
23 36 0 0 0
46 18 0.001462332 0.05394709 0.003058768
46 3 0.02639474 0.9737319 0.8017255
46 9 0 0 0
46 45 0 0 0
46 0 0 0 0
46 28 0 0 0
46 42 0 0 0
46 48 0 0 0
46 31 0 0 0
46 20 0 0 0
46 32 0 0 0
46 33 0.009709823 0.3582064 0.4016255
46 40 0 0 0
46 4 0 0 0
46 49 0 0 0
46 36 0 0 0
18 3 0.004161949 0.008705571 0.1264169
18 9 0.006131804 0.01282593 0.4488507
18 45 0.0002703497 0.0005654919 0.831136
18 0 0.0310688 0.06498677 1
18 28 0.1991596 0.4165832 0.8317089
18 42 0 0 0
18 48 0 0 0
18 31 0 0 0
18 20 0.2274933 0.475849 0.9295726
18 32 0.06056145 0.1266767 0.8407629
18 33 0 0 0
18 40 0.1520668 0.318079 1
18 4 0.03121916 0.06530128 0.9497973
18 49 0 0 0
18 36 0 0 0
3 9 0 0 0
3 45 0 0 0
3 0 0 0 0
3 28 0 0 0
3 42 0 0 0
3 48 0 0 0
3 31 0 0 0
3 20 0 0 0
3 32 0 0 0
3 33 0.01011938 0.3073706 0.418566
3 40 0 0 0
3 4 0 0 0
3 49 0 0 0
3 36 0 0 0
9 45 0 0 0
9 0 0 0 0
9 28 0.01204629 0.8817934 0.05030641
9 42 0 0 0
9 48 0 0 0
9 31 0 0 0
9 20 0.00454923 0.3330056 0.01858885
9 32 0 0 0
9 33 0 0 0
9 40 0 0 0
9 4 0 0 0
9 49 0 0 0
9 36 0 0 0
45 0 0 0 0
45 28 0 0 0
45 42 0 0 0
45 48 0 0 0
45 31 0 0 0
45 20 0 0 0
45 32 0 0 0
45 33 3.972664E-05 0.1221316 0.001643205
45 40 7.327775E-06 0.02252777 4.818786E-05
45 4 0 0 0
45 49 0 0 0
45 36 0 0 0
0 28 0.007168605 0.2307332 0.02993675
0 42 0 0 0
0 48 0 0 0
0 31 0 0 0
0 20 0.0002773838 0.008928051 0.001133433
0 32 0 0 0
0 33 0 0 0
0 40 0.008907892 0.286715 0.0585788
0 4 0 0 0
0 49 0 0 0
0 36 0 0 0
28 42 0 0 0
28 48 0 0 0
28 31 0 0 0
28 20 0.1894121 0.7910022 0.7739667
28 32 0.01263086 0.05274764 0.1753518
28 33 0 0 0
28 40 0.1190691 0.4972437 0.7830054
28 4 8.278353E-05 0.0003457117 0.002518568
28 49 0 0 0
28 36 0 0 0
42 48 0 0 0
42 31 0 0 0
42 20 0 0 0
42 32 0 0 0
42 33 0 0 0
42 40 0 0 0
42 4 0 0 0
42 49 0 0 0
42 36 0 0 0
48 31 0 0 0
48 20 0 0 0
48 32 0 0 0
48 33 0 0 0
48 40 0 0 0
48 4 0 0 0
48 49 0 0 0
48 36 0 0 0
31 20 0 0 0
31 32 0 0 0
31 33 0 0 0
31 40 0 0 0
31 4 0 0 0
31 49 0 0 0
31 36 0 0 0
20 32 0.01430978 0.05847193 0.1986598
20 33 0 0 0
20 40 0.1182831 0.4833227 0.7778361
20 4 0 0 0
20 49 0 0 0
20 36 0 0 0
32 33 0 0 0
32 40 0.01108127 0.1538391 0.07287106
32 4 0.0005932385 0.008235814 0.01804841
32 49 0 0 0
32 36 0 0 0
33 40 0 0 0
33 4 0 0 0
33 49 0 0 0
33 36 0 0 0
40 4 0.0007441494 0.004893568 0.02263965
40 49 0 0 0
40 36 0 0 0
4 49 0 0 0
4 36 0 0 0
49 36 0 0 0
