38 37 0.0009662608 0.01366303 0.02033486
38 41 0.05222394 0.7384523 0.4236926
38 16 0.05744627 0.8122966 0.1580179
38 21 0.02359685 0.333662 0.1033298
38 12 0.06420744 0.9079003 0.1672202
38 7 0.0589989 0.8342509 0.2372889
38 29 0.01400331 0.1980083 0.06419618
38 6 0.04530597 0.6406315 0.1507147
38 11 0 0 0
38 1 0 0 0
38 5 0.003032926 0.0428859 0.01281713
38 14 0.0151247 0.2138649 0.1008288
38 22 0.009474512 0.1339706 0.1548944
38 10 0.02059648 0.2912365 0.09850588
38 26 0.03343624 0.4727921 0.1171227
38 27 8.313777E-06 0.0001175577 0.0001117645
38 19 0.0122125 0.1726861 0.08178788
38 13 0 0 0
38 2 0.0006590711 0.009319338 0.00530362
38 47 0 0 0
38 35 0.0110159 0.155766 0.1557307
38 8 0 0 0
38 43 0.009030098 0.1276866 0.05741309
38 24 0.03710456 0.5246626 0.3680197
38 15 0.05251232 0.74253 0.7339534
38 34 0.04238629 0.5993469 0.2041682
38 17 0.01262528 0.1785228 0.1586317
38 39 0.01408689 0.1991902 0.2947421
38 30 0.0419434 0.5930843 0.4557463
38 25 0.05699052 0.8058522 0.2824462
38 44 0.01812326 0.2562648 0.718833
38 23 0.03498296 0.4946629 0.2846425
38 46 0.003178344 0.04494214 0.06983446
38 18 0.01600167 0.2262654 0.06070127
38 3 0 0 0
38 9 0 0 0
38 45 0 0 0
38 0 0.000313714 0.00443595 0.002533304
38 28 0.0003788286 0.005356678 0.002797705
38 42 0 0 0
38 48 0 0 0
38 31 0 0 0
38 20 0.00196364 0.02776609 0.06847622
38 32 0 0 0
38 33 0.0001293559 0.001829106 0.009561231
38 40 0 0 0
38 4 0 0 0
38 49 0 0 0
38 36 0.01329555 0.1880006 0.2408151
37 41 0.01523571 0.320634 0.1236073
37 16 0.0418072 0.8798283 0.1149994
37 21 0.01904469 0.4007936 0.08339607
37 12 0.0357225 0.7517765 0.09303477
37 7 0.02720088 0.5724397 0.1093998
37 29 0.0009208511 0.01937922 0.004221511
37 6 0.01792934 0.3773211 0.05964369
37 11 0 0 0
37 1 0 0 0
37 5 0.002251445 0.04738142 0.009514592
37 14 0 0 0
37 22 0 0 0
37 10 0.01953143 0.4110369 0.09341209
37 26 0.0167746 0.3530197 0.05875917
37 27 2.262131E-05 0.0004760632 0.0003041048
37 19 0.00634595 0.1335499 0.04249922
37 13 0 0 0
37 2 0.00388375 0.08173312 0.03125298
37 47 0 0 0
37 35 0.01429779 0.3008955 0.2021265
37 8 0 0 0
37 43 0 0 0
37 24 0.01377253 0.2898415 0.1366022
37 15 0 0 0
37 34 0.03266249 0.6873789 0.1573302
37 17 0 0 0
37 39 0.01499414 0.3155502 0.3137246
37 30 0 0 0
37 25 0 0 0
37 44 0.003443846 0.07247538 0.1365952
37 23 0.01754966 0.3693309 0.1427947
37 46 0 0 0
37 18 0.01056767 0.2223955 0.04008774
37 3 0 0 0
37 9 0 0 0
37 45 0 0 0
37 0 0.0003527076 0.007422695 0.002848185
37 28 0.001633223 0.03437102 0.01206159
37 42 0.001774363 0.0373413 0.07127547
37 48 0 0 0
37 31 0 0 0
37 20 9.646553E-05 0.002030107 0.003363954
37 32 0.005087678 0.1070697 0.3939265
37 33 0.0001497778 0.003152058 0.0110707
37 40 0 0 0
37 4 0 0 0
37 49 0 0 0
37 36 0.0140431 0.2955356 0.254355
41 16 0.1201578 0.9748399 0.330519
41 21 0.07834264 0.6355936 0.3430598
41 12 0.12322 0.9996837 0.3209111
41 7 0.123259 1 0.4957381
41 29 0.0602497 0.4888056 0.2762062
41 6 0.09922515 0.8050133 0.3300821
41 11 0.007775726 0.06308444 0.07933472
41 1 0 0 0
41 5 0.04328749 0.3511912 0.1829327
41 14 0.02960249 0.2401649 0.1973451
41 22 0.03171581 0.2573103 0.5185072
41 10 0.06984797 0.5666764 0.3340588
41 26 0.1034605 0.8393745 0.3624082
41 27 0.01584038 0.1285129 0.2129468
41 19 0.05071389 0.4114417 0.3396341
41 13 0 0 0
41 2 0.03723982 0.3021265 0.2996731
41 47 0 0 0
41 35 0.05463725 0.4432718 0.7724016
41 8 0 0 0
41 43 0.025132 0.2038958 0.1597885
41 24 0.06070134 0.4924698 0.6020632
41 15 0.05906234 0.4791726 0.8255016
41 34 0.09687738 0.7859659 0.4666433
41 17 0.02388643 0.1937905 0.3001236
41 39 0.04528463 0.367394 0.9474968
41 30 0.04748304 0.3852298 0.5159386
41 25 0.07366434 0.5976386 0.3650821
41 44 0.01037606 0.08418092 0.4115515
41 23 0.08559535 0.6944348 0.6964556
41 46 0.005448271 0.04420181 0.1197092
41 18 0.06691943 0.5429171 0.2538543
41 3 0 0 0
41 9 0.01471854 0.1194115 0.09680522
41 45 0 0 0
41 0 0.01979956 0.1606338 0.1598855
41 28 0.04305736 0.3493242 0.317985
41 42 0.01129829 0.091663 0.4538478
41 48 0 0 0
41 31 0 0 0
41 20 0.02529709 0.2052352 0.8821623
41 32 0.0129153 0.1047818 1
41 33 0.01352921 0.1097624 1
41 40 0 0 0
41 4 0 0 0
41 49 0 0 0
41 36 0.05024263 0.4076183 0.9100175
16 21 0.1918119 0.5276184 0.839938
16 12 0.3070446 0.8445899 0.7996592
16 7 0.2383144 0.6555333 0.9584818
16 29 0.20557 0.5654628 0.9424062
16 6 0.2233534 0.6143798 0.7430068
16 11 0.09080681 0.249783 0.9264901
16 1 0.03352033 0.09220463 0.698463
16 5 0.180749 0.4971876 0.7638441
16 14 0.1444207 0.3972592 0.9627812
16 22 0.06109339 0.16805 0.9987876
16 10 0.1916122 0.5270692 0.9164153
16 26 0.2629349 0.723257 0.9210259
16 27 0.0508557 0.1398891 0.683668
16 19 0.1288669 0.354475 0.8630294
16 13 0.02310382 0.06355184 0.769571
16 2 0.1176069 0.3235021 0.9463959
16 47 0.02026733 0.05574951 1
16 35 0.07073684 0.1945764 1
16 8 0 0 0
16 43 0.1169954 0.32182 0.7438531
16 24 0.1008222 0.2773324 1
16 15 0.06516807 0.1792583 0.91084
16 34 0.1897641 0.5219855 0.9140643
16 17 0.07458927 0.2051732 0.9371849
16 39 0.04779396 0.1314672 1
16 30 0.08023713 0.2207089 0.8718362
16 25 0.1737914 0.4780492 0.8613138
16 44 0.02057393 0.05659286 0.8160354
16 23 0.1223554 0.3365639 0.9955578
16 46 0.02396961 0.06593338 0.5266593
16 18 0.1965362 0.5406137 0.745547
16 3 0.008008015 0.02202771 0.1901705
16 9 0.1182793 0.3253518 0.7779342
16 45 0.008101632 0.02228522 0.3930791
16 0 0.08046876 0.221346 0.6498015
16 28 0.1319991 0.3630909 0.974833
16 42 0.02489445 0.06847733 1
16 48 0 0 0
16 31 0 0 0
16 20 0.02867623 0.07887993 1
16 32 0.0129153 0.0355262 1
16 33 0.01352921 0.03721489 1
16 40 0.00603776 0.01660811 0.3437534
16 4 0.01496708 0.04117007 0.3968019
16 49 0.002346121 0.006453492 0.3373519
16 36 0.05256045 0.1445784 0.9519989
21 12 0.226463 0.9916741 0.5897945
21 7 0.1445268 0.632878 0.5812753
21 29 0.1621222 0.709928 0.7432263
21 6 0.2255065 0.9874857 0.7501694
21 11 0.07226744 0.3164567 0.7373353
21 1 0.01688242 0.07392755 0.3517788
21 5 0.1829552 0.8011549 0.7731676
21 14 0.117438 0.5142571 0.7829006
21 22 0.04964898 0.2174112 0.8116882
21 10 0.1843241 0.8071491 0.8815586
21 26 0.2008349 0.8794494 0.7034978
21 27 0.0667744 0.2924029 0.8976677
21 19 0.1493192 0.6538639 1
21 13 0.02896066 0.1268178 0.964658
21 2 0.1052582 0.4609222 0.8470247
21 47 0.02026733 0.08874999 1
21 35 0.07061013 0.3091995 0.9982087
21 8 0 0 0
21 43 0.1399913 0.6130175 0.8900608
21 24 0.09227796 0.4040821 0.9152544
21 15 0.03093651 0.1354699 0.4323929
21 34 0.1544829 0.6764753 0.7441199
21 17 0.05936184 0.2599435 0.7458583
21 39 0.04673802 0.2046643 0.9779065
21 30 0.05408576 0.2368398 0.5876821
21 25 0.1301804 0.5700558 0.6451771
21 44 0 0 0
21 23 0.09930987 0.4348747 0.8080453
21 46 0.03171754 0.1388901 0.6968966
21 18 0.150209 0.6577604 0.5698078
21 3 0.01854896 0.08122527 0.4404916
21 9 0.1177109 0.5154522 0.7741957
21 45 0.0126481 0.05538562 0.613667
21 0 0.0471499 0.2064679 0.3807449
21 28 0.07247634 0.3173715 0.5352485
21 42 0.01389742 0.06085634 0.5582538
21 48 0 0 0
21 31 0 0 0
21 20 0.02172838 0.09514787 0.7577139
21 32 0.01236903 0.05416356 0.9577036
21 33 0.009875922 0.04324634 0.7299705
21 40 0 0 0
21 4 0 0 0
21 49 0 0 0
21 36 0.03838466 0.1680852 0.6952406
12 7 0.2299426 0.5988567 0.9248111
12 29 0.214306 0.5581332 0.9824556
12 6 0.2864622 0.7460549 0.9529445
12 11 0.0819881 0.2135277 0.8365139
12 1 0.02437264 0.06347548 0.5078526
12 5 0.2047776 0.5333176 0.865389
12 14 0.1421 0.3700816 0.9473099
12 22 0.06116755 0.1593032 1
12 10 0.1979941 0.5156506 0.9469374
12 26 0.2714995 0.7070863 0.9510264
12 27 0.07146012 0.1861089 0.9606592
12 19 0.1485169 0.3867937 0.9946272
12 13 0.0300007 0.07813305 0.999301
12 2 0.1242682 0.3236408 1
12 47 0.02026733 0.05278373 1
12 35 0.07073684 0.1842252 1
12 8 0 0 0
12 43 0.1452938 0.3783995 0.9237736
12 24 0.1008222 0.2625788 1
12 15 0.07050052 0.1836098 0.9853706
12 34 0.1957587 0.509829 0.9429395
12 17 0.07587983 0.1976195 0.9534004
12 39 0.04779396 0.1244734 1
12 30 0.08366837 0.2179038 0.9091192
12 25 0.1823612 0.4749368 0.9037861
12 44 0.02167058 0.0564383 0.8595325
12 23 0.1215621 0.3165933 0.9891031
12 46 0.04375886 0.1139645 0.961468
12 18 0.1901977 0.4953461 0.7215022
12 3 0.03621922 0.0943284 0.8601164
12 9 0.1333 0.3471631 0.8767264
12 45 0.01181958 0.03078261 0.5734683
12 0 0.07588709 0.1976384 0.6128036
12 28 0.1180593 0.3074707 0.8718857
12 42 0.02021228 0.05264035 0.8119194
12 48 0 0 0
12 31 0 0 0
12 20 0.02867623 0.07468365 1
12 32 0.0129153 0.03363627 1
12 33 0.01352921 0.03523512 1
12 40 0 0 0
12 4 0 0 0
12 49 0 0 0
12 36 0.05355476 0.1394766 0.9700083
7 29 0.1472159 0.592091 0.6748906
7 6 0.1722862 0.6929216 0.5731269
7 11 0.06746007 0.2713191 0.6882863
7 1 0.01979661 0.07962039 0.4125018
7 5 0.1153535 0.4639426 0.4874831
7 14 0.09292553 0.3737392 0.6194882
7 22 0.06116755 0.246011 1
7 10 0.1405919 0.5654496 0.6724027
7 26 0.1960069 0.7883244 0.686586
7 27 0.03254159 0.1308797 0.4374661
7 19 0.08953968 0.3601215 0.5996528
7 13 0.01319646 0.05307513 0.4395644
7 2 0.08752359 0.352013 0.7043123
7 47 0.004592598 0.01847107 0.226601
7 35 0.07073684 0.284498 1
7 8 0 0 0
7 43 0.07010227 0.2819458 0.4457082
7 24 0.09974725 0.4011756 0.9893382
7 15 0.06445452 0.259231 0.9008669
7 34 0.1542684 0.6204553 0.7430869
7 17 0.06724998 0.2704741 0.8449697
7 39 0.04779396 0.1922235 1
7 30 0.07407169 0.2979105 0.8048441
7 25 0.1441344 0.5796971 0.7143331
7 44 0.01386567 0.05576663 0.549962
7 23 0.108923 0.4380798 0.8862637
7 46 0.01514979 0.06093126 0.3328706
7 18 0.1150172 0.4625902 0.4363101
7 3 0.000376448 0.001514044 0.008939703
7 9 0.0635111 0.2554366 0.4177184
7 45 0 0 0
7 0 0.0430233 0.1730363 0.3474219
7 28 0.08592925 0.3456007 0.6346003
7 42 0.02272253 0.09138825 0.9127552
7 48 0 0 0
7 31 0 0 0
7 20 0.02867623 0.1153336 1
7 32 0.0129153 0.05194431 1
7 33 0.01352921 0.0544134 1
7 40 0 0 0
7 4 0 0 0
7 49 0 0 0
7 36 0.05354188 0.2153412 0.969775
29 6 0.1730843 0.7934806 0.5757819
29 11 0.07715362 0.3536998 0.7871884
29 1 0.01937142 0.08880554 0.4036422
29 5 0.1714639 0.786052 0.7246056
29 14 0.1257149 0.5763221 0.8380787
29 22 0.05785045 0.2652072 0.9457704
29 10 0.1611114 0.7385922 0.7705402
29 26 0.1951322 0.894556 0.6835222
29 27 0.05697443 0.2611912 0.7659239
29 19 0.1244468 0.5705088 0.8334281
29 13 0.02713809 0.1244107 0.9039495
29 2 0.1160578 0.5320503 0.93393
29 47 0.02026733 0.09291271 1
29 35 0.04918728 0.2254921 0.695356
29 8 0 0 0
29 43 0.1206769 0.5532261 0.7672601
29 24 0.07439797 0.3410669 0.7379126
29 15 0.02823211 0.1294261 0.3945941
29 34 0.1139137 0.5222211 0.5487046
29 17 0.06429715 0.2947611 0.8078684
29 39 0.02247682 0.1030418 0.4702858
29 30 0.04832241 0.2215272 0.525059
29 25 0.1308644 0.599929 0.6485665
29 44 0 0 0
29 23 0.0749311 0.343511 0.6096848
29 46 0.02421715 0.1110201 0.5320984
29 18 0.1566196 0.7180002 0.5941258
29 3 0.009522981 0.04365675 0.2261471
29 9 0.1223246 0.5607795 0.8045401
29 45 0.008848593 0.04056511 0.4293205
29 0 0.07217596 0.3308804 0.5828354
29 28 0.1037224 0.4755006 0.7660053
29 42 0.01477534 0.06773545 0.5935196
29 48 0 0 0
29 31 0 0 0
29 20 0.02867623 0.1314621 1
29 32 0.007875725 0.03610514 0.6097982
29 33 0.01166983 0.05349868 0.8625659
29 40 0 0 0
29 4 0 0 0
29 49 0 0 0
29 36 0.03114842 0.1427955 0.5641745
6 11 0.07685558 0.2556676 0.7841475
6 1 0.02090499 0.06954248 0.4355971
6 5 0.1990152 0.6620433 0.8410369
6 14 0.1342247 0.4465115 0.8948092
6 22 0.05747668 0.1912018 0.9396597
6 10 0.1894816 0.630329 0.9062252
6 26 0.2251007 0.7488193 0.7884975
6 27 0.05185773 0.1725098 0.6971386
6 19 0.1493192 0.4967248 1
6 13 0.02995011 0.09963194 0.9976158
6 2 0.1066556 0.3548003 0.85827
6 47 0.02026733 0.06742126 1
6 35 0.0700249 0.2329446 0.9899354
6 8 2.47787E-05 8.242874E-05 0.002002203
6 43 0.1447591 0.4815553 0.9203742
6 24 0.1007657 0.335207 0.99944
6 15 0.05334261 0.1774494 0.7455582
6 34 0.1734116 0.5768707 0.8352969
6 17 0.07393591 0.245955 0.9289757
6 39 0.04589078 0.1526601 0.9601795
6 30 0.07616526 0.2533711 0.8275923
6 25 0.1617141 0.5379578 0.8014588
6 44 0.01136385 0.03780295 0.4507308
6 23 0.1142668 0.3801195 0.9297438
6 46 0.04549155 0.1513321 0.9995385
6 18 0.1585969 0.5275879 0.6016265
6 3 0.04026581 0.1339481 0.9562129
6 9 0.1242128 0.413206 0.8169593
6 45 0.01346055 0.04477784 0.6530859
6 0 0.05142691 0.1710766 0.4152827
6 28 0.07519337 0.250138 0.5553142
6 42 0.01403146 0.04667703 0.5636383
6 48 0 0 0
6 31 0 0 0
6 20 0.02210964 0.07354987 0.7710091
6 32 0.01248573 0.04153501 0.96674
6 33 0.009926329 0.0330209 0.7336964
6 40 0 0 0
6 4 0 0 0
6 49 0 0 0
6 36 0.03855056 0.1282422 0.6982453
11 1 0.04015976 0.4097448 0.8368087
11 5 0.09633634 0.9829072 0.4071168
11 14 0.08290725 0.845892 0.5527014
11 22 0.03219966 0.3285289 0.5264174
11 10 0.0716345 0.7308775 0.3426031
11 26 0.07935382 0.8096368 0.2779658
11 27 0.02680105 0.2734476 0.3602943
11 19 0.0478515 0.4882227 0.3204645
11 13 0.01568564 0.1600385 0.5224769
11 2 0.04586789 0.4679841 0.3691041
11 47 0.01147659 0.1170941 0.5662603
11 35 0.02204167 0.2248884 0.3116011
11 8 0 0 0
11 43 0.06119382 0.6243526 0.3890685
11 24 0.04582378 0.4675341 0.4545009
11 15 0.003617786 0.0369118 0.05056502
11 34 0.04346327 0.4434501 0.2093558
11 17 0.04572494 0.4665257 0.574516
11 39 0.005246795 0.05353237 0.1097795
11 30 0.02506004 0.2556843 0.272296
11 25 0.08678585 0.8854647 0.4301125
11 44 0 0 0
11 23 0.01649517 0.1682981 0.1342147
11 46 0.01181773 0.1205747 0.2596587
11 18 0.05067429 0.5170233 0.1922295
11 3 0.001598741 0.01631175 0.03796612
11 9 0.05130969 0.523506 0.3374686
11 45 0 0 0
11 0 0.006517428 0.06649647 0.05262955
11 28 0.02002826 0.2043457 0.1479117
11 42 0.002570099 0.02622239 0.1032399
11 48 0 0 0
11 31 0 0 0
11 20 0.0002108054 0.00215082 0.007351224
11 32 0 0 0
11 33 3.52422E-06 3.595716E-05 0.0002604898
11 40 0 0 0
11 4 0 0 0
11 49 0 0 0
11 36 0 0 0
1 5 0.0441096 0.9191114 0.1864069
1 14 0.02987659 0.6225384 0.1991724
1 22 0.003621064 0.07545208 0.0591991
1 10 0.01601554 0.3337157 0.07659681
1 26 0.02376684 0.4952295 0.08325206
1 27 0 0 0
1 19 0.0009206508 0.0191836 0.006165656
1 13 0.005121838 0.1067237 0.1706046
1 2 0.002262777 0.04714947 0.01820882
1 47 0 0 0
1 35 0 0 0
1 8 0 0 0
1 43 0.009846767 0.205177 0.06260546
1 24 0.007578247 0.1579079 0.07516447
1 15 0 0 0
1 34 2.906754E-05 0.0006056802 0.0001400138
1 17 0.02112338 0.4401477 0.2654069
1 39 0 0 0
1 30 0.001336822 0.02785535 0.01452557
1 25 0.03783143 0.7882934 0.1874934
1 44 0 0 0
1 23 0 0 0
1 46 4.334196E-05 0.0009031161 0.0009523078
1 18 0.002503355 0.05216239 0.009496308
1 3 0 0 0
1 9 0.005458012 0.1137286 0.03589786
1 45 0 0 0
1 0 0 0 0
1 28 0 0 0
1 42 0 0 0
1 48 0 0 0
1 31 0 0 0
1 20 0 0 0
1 32 0 0 0
1 33 0 0 0
1 40 0 0 0
1 4 0 0 0
1 49 0 0 0
1 36 0 0 0
5 14 0.1282484 0.5419769 0.8549682
5 22 0.04648058 0.1964266 0.7598895
5 10 0.1646958 0.6960036 0.7876834
5 26 0.1823103 0.7704421 0.6386085
5 27 0.06359947 0.268771 0.8549863
5 19 0.1353769 0.5721018 0.9066274
5 13 0.02939066 0.1242048 0.9789811
5 2 0.107099 0.4525997 0.8618378
5 47 0.02026733 0.08564963 1
5 35 0.05034934 0.212776 0.7117838
5 8 0 0 0
5 43 0.1383174 0.5845284 0.8794177
5 24 0.07301077 0.3085431 0.7241537
5 15 0.01370065 0.05789885 0.191491
5 34 0.1173477 0.4959105 0.5652454
5 17 0.06023279 0.2545434 0.7568014
5 39 0.02343994 0.09905706 0.4904373
5 30 0.03912271 0.1653323 0.4250974
5 25 0.1347955 0.5696449 0.6680493
5 44 0 0 0
5 23 0.0736812 0.3113763 0.5995149
5 46 0.02919122 0.1233619 0.6413884
5 18 0.1496188 0.632288 0.5675687
5 3 0.01918612 0.08108044 0.4556227
5 9 0.1331332 0.5626201 0.8756295
5 45 0.01756666 0.07423659 0.8523081
5 0 0.06087012 0.2572367 0.4915385
5 28 0.08236242 0.3480631 0.6082587
5 42 0.01428997 0.06038934 0.5740226
5 48 0 0 0
5 31 0 0 0
5 20 0.02195234 0.09277046 0.7655239
5 32 0.009548451 0.0403517 0.7393132
5 33 0.01005667 0.04249941 0.7433301
5 40 0 0 0
5 4 0 0 0
5 49 0 0 0
5 36 0.02340791 0.09892169 0.4239748
14 22 0.04993276 0.3328769 0.8163276
14 10 0.1137782 0.7585024 0.5441617
14 26 0.1265403 0.8435809 0.4432536
14 27 0.03459493 0.2306271 0.4650697
14 19 0.08036151 0.5357302 0.538186
14 13 0.02210405 0.1473567 0.7362695
14 2 0.05896795 0.3931099 0.4745218
14 47 0.02026733 0.1351122 1
14 35 0.02238892 0.1492558 0.3165101
14 8 0 0 0
14 43 0.1078049 0.7186816 0.6854203
14 24 0.05116501 0.3410917 0.5074777
14 15 0.02985894 0.1990547 0.417332
14 34 0.07247895 0.4831811 0.3491198
14 17 0.07154085 0.4769273 0.8988828
14 39 0.002760245 0.01840118 0.05775301
14 30 0.05416515 0.3610921 0.5885447
14 25 0.1218226 0.8121303 0.6037552
14 44 0.001108809 0.007391881 0.04397934
14 23 0.02638906 0.1759227 0.2147174
14 46 0.02241479 0.1494282 0.4924969
14 18 0.08514338 0.5676085 0.3229857
14 3 0.008084907 0.05389805 0.1919964
14 9 0.08240584 0.5493587 0.5419909
14 45 0.01206179 0.08040997 0.5852202
14 0 0.01890422 0.126025 0.1526554
14 28 0.03497104 0.2331345 0.2582663
14 42 0.003332577 0.02221663 0.1338683
14 48 0 0 0
14 31 0 0 0
14 20 0.003278585 0.02185669 0.1143311
14 32 0 0 0
14 33 0.0005777725 0.003851722 0.04270557
14 40 0 0 0
14 4 0 0 0
14 49 0 0 0
14 36 0.003402409 0.02268217 0.06162599
22 10 0.04999273 0.817308 0.239098
22 26 0.0562289 0.9192603 0.1969623
22 27 0.01269121 0.2074828 0.1706116
22 19 0.03334627 0.5451627 0.223322
22 13 0.004724756 0.07724287 0.1573781
22 2 0.02181802 0.3566927 0.1755721
22 47 0 0 0
22 35 0.0263139 0.4301938 0.3719971
22 8 0 0 0
22 43 0.03779886 0.617956 0.240324
22 24 0.04017692 0.6568339 0.3984928
22 15 0.02575315 0.4210263 0.3599462
22 34 0.03778878 0.6177914 0.1820227
22 17 0.04180849 0.6835077 0.5253073
22 39 0.009262172 0.151423 0.1937938
22 30 0.03369665 0.550891 0.3661392
22 25 0.05865837 0.9589786 0.2907121
22 44 0 0 0
22 23 0.02326057 0.3802764 0.1892621
22 46 0.00874017 0.142889 0.1920387
22 18 0.03999332 0.6538324 0.151712
22 3 0 0 0
22 9 0.02455544 0.4014455 0.1615034
22 45 0 0 0
22 0 0.004980522 0.08142426 0.04021872
22 28 0.01312324 0.2145458 0.09691707
22 42 0.001101989 0.01801592 0.04426648
22 48 0 0 0
22 31 0 0 0
22 20 0.00779281 0.1274011 0.2717515
22 32 0 0 0
22 33 0.001428529 0.02335436 0.1055885
22 40 0 0 0
22 4 0 0 0
22 49 0 0 0
22 36 0.004484609 0.0733168 0.08122729
10 26 0.1772947 0.8479393 0.6210395
10 27 0.04692341 0.2244185 0.6308051
10 19 0.1348956 0.6451592 0.9034043
10 13 0.01899142 0.09082943 0.6325902
10 2 0.095067 0.4546727 0.765015
10 47 0.02026733 0.09693167 1
10 35 0.06839264 0.3270985 0.9668603
10 8 0 0 0
10 43 0.1216795 0.5819513 0.7736349
10 24 0.09879084 0.4724826 0.9798521
10 15 0.02756139 0.1318167 0.3852197
10 34 0.1396975 0.6681249 0.672901
10 17 0.05358916 0.2562985 0.6733268
10 39 0.04424355 0.2116017 0.9257143
10 30 0.04893987 0.2340625 0.5317681
10 25 0.1112342 0.5319946 0.5512789
10 44 0.000872841 0.004174498 0.03461999
10 23 0.1010114 0.4831026 0.8218897
10 46 0.021736 0.1039558 0.4775826
10 18 0.1631176 0.7801352 0.6187755
10 3 0.01039788 0.04972949 0.2469239
10 9 0.1269186 0.6070079 0.8347554
10 45 0.0192645 0.09213548 0.934685
10 0 0.0651987 0.3118229 0.5264927
10 28 0.08196888 0.3920289 0.6053523
10 42 0.01082331 0.05176415 0.4347679
10 48 0 0 0
10 31 0 0 0
10 20 0.02115086 0.1011573 0.7375747
10 32 0.01133458 0.05420939 0.877609
10 33 0.008215728 0.039293 0.6072587
10 40 0 0 0
10 4 0 0 0
10 49 0 0 0
10 36 0.03534899 0.169062 0.6402571
26 27 0.06453138 0.2260448 0.8675141
26 19 0.1363182 0.4775044 0.9129314
26 13 0.02996977 0.1049801 0.9982709
26 2 0.1242682 0.4352947 1
26 47 0.02026733 0.07099376 1
26 35 0.07073642 0.2477802 0.9999941
26 8 0 0 0
26 43 0.1316483 0.4611463 0.8370158
26 24 0.09783316 0.3426965 0.9703534
26 15 0.042489 0.1488333 0.5938596
26 34 0.1605699 0.5624549 0.7734402
26 17 0.07444979 0.2607876 0.9354323
26 39 0.04752987 0.1664908 0.9944744
26 30 0.06520763 0.2284136 0.7085295
26 25 0.1532314 0.5367491 0.7594182
26 44 0.001485226 0.005202548 0.05890936
26 23 0.1083913 0.3796804 0.8819377
26 46 0.02772911 0.09713136 0.6092629
26 18 0.1754904 0.6147193 0.6657109
26 3 0.01012264 0.03545824 0.2403874
26 9 0.1128147 0.3951747 0.7419927
26 45 0.003620006 0.0126804 0.1756373
26 0 0.06628532 0.2321886 0.5352674
26 28 0.1169143 0.409535 0.8634291
26 42 0.02161099 0.07570039 0.8681048
26 48 0 0 0
26 31 0 0 0
26 20 0.02867623 0.100449 1
26 32 0.0129153 0.04524056 1
26 33 0.01352921 0.047391 1
26 40 0 0 0
26 4 0.0001437888 0.000503673 0.003812077
26 49 0 0 0
26 36 0.05185285 0.1816336 0.9391826
27 19 0.05713604 0.7680965 0.3826436
27 13 0.01540442 0.2070861 0.5131099
27 2 0.05713533 0.7680869 0.4597746
27 47 0.01362683 0.1831894 0.6723542
27 35 0.02441839 0.3282635 0.3452004
27 8 0 0 0
27 43 0.05400752 0.7260389 0.3433782
27 24 0.02805092 0.3770967 0.2782217
27 15 0.0007110148 0.00955838 0.009937701
27 34 0.04493481 0.6040718 0.216444
27 17 0.0015128 0.02033702 0.01900774
27 39 0.01239323 0.1666059 0.2593054
27 30 0.01333828 0.1793104 0.1449303
27 25 0.04978243 0.6692396 0.2467228
27 44 0 0 0
27 23 0.02130569 0.2864186 0.173356
27 46 0.01413644 0.1900403 0.3106053
27 18 0.04299309 0.5779686 0.1630914
27 3 0.002677887 0.03599961 0.06359316
27 9 0.04460906 0.5996926 0.293398
27 45 0 0 0
27 0 0.01038407 0.1395961 0.08385349
27 28 0.02547912 0.3425233 0.1881671
27 42 0.001417475 0.01905552 0.05693939
27 48 0 0 0
27 31 0 0 0
27 20 0.007919671 0.1064664 0.2761754
27 32 0.004437469 0.05965419 0.3435824
27 33 0.005404193 0.07265015 0.3994465
27 40 0 0 0
27 4 0 0 0
27 49 0 0 0
27 36 0.007414984 0.09968179 0.1343036
19 13 0.01596352 0.1069087 0.5317332
19 2 0.09494518 0.6358538 0.7640347
19 47 0.02026733 0.1357316 1
19 35 0.06031616 0.4039411 0.8526838
19 8 0 0 0
19 43 0.1050001 0.7031921 0.6675873
19 24 0.07101834 0.4756142 0.7043919
19 15 0.0171891 0.1151165 0.2402484
19 34 0.1194994 0.8002948 0.5756099
19 17 0.02140777 0.1433692 0.2689802
19 39 0.03502253 0.234548 0.7327815
19 30 0.03451046 0.2311187 0.3749818
19 25 0.08507641 0.569762 0.4216405
19 44 0 0 0
19 23 0.07122187 0.4769773 0.5795043
19 46 0.02403309 0.1609511 0.5280541
19 18 0.1306015 0.8746464 0.495428
19 3 0.01383611 0.09266127 0.3285731
19 9 0.1039171 0.6959393 0.6834725
19 45 0.01063774 0.07124161 0.5161273
19 0 0.04227277 0.2831034 0.3413612
19 28 0.0647893 0.433898 0.4784786
19 42 0.01140477 0.07637846 0.4581251
19 48 0 0 0
19 31 0 0 0
19 20 0.02061982 0.1380922 0.719056
19 32 0.00923801 0.06186753 0.7152766
19 33 0.008108324 0.05430195 0.5993201
19 40 0 0 0
19 4 0 0 0
19 49 0 0 0
19 36 0.03269443 0.2189566 0.5921765
13 2 0.01866054 0.6215687 0.1501635
13 47 0.0009609493 0.03200851 0.0474137
13 35 0 0 0
13 8 0 0 0
13 43 0.03002168 1 0.190877
13 24 0.01363336 0.454117 0.1352218
13 15 0 0 0
13 34 0.002826956 0.09416379 0.01361701
13 17 0.01485292 0.4947397 0.1866211
13 39 0 0 0
13 30 0.008905822 0.2966463 0.0967684
13 25 0.02775772 0.9245889 0.1375678
13 44 0 0 0
13 23 0 0 0
13 46 0.003744669 0.1247321 0.08227772
13 18 0.009312185 0.3101819 0.03532514
13 3 0 0 0
13 9 0.01717144 0.571968 0.1129382
13 45 0 0 0
13 0 0 0 0
13 28 0 0 0
13 42 0 0 0
13 48 0 0 0
13 31 0 0 0
13 20 0 0 0
13 32 0 0 0
13 33 0 0 0
13 40 0 0 0
13 4 0 0 0
13 49 0 0 0
13 36 0 0 0
2 47 0.01979337 0.1592795 0.9766145
2 35 0.04053252 0.3261698 0.5730044
2 8 0 0 0
2 43 0.07000858 0.5633671 0.4451125
2 24 0.04885565 0.393147 0.4845724
2 15 0.003165862 0.02547606 0.04424857
2 34 0.08754171 0.7044581 0.4216748
2 17 0.01448543 0.1165659 0.1820038
2 39 0.02077124 0.1671485 0.4345996
2 30 0.01987547 0.1599402 0.2159618
2 25 0.06415086 0.5162293 0.3179331
2 44 0 0 0
2 23 0.05605568 0.4510865 0.456103
2 46 0.01613639 0.1298514 0.3545481
2 18 0.1043588 0.8397875 0.3958782
2 3 0.005296179 0.04261895 0.1257711
2 9 0.0871902 0.7016295 0.5734581
2 45 0.0005379522 0.004328962 0.02610064
2 0 0.04782651 0.3848654 0.3862087
2 28 0.07540369 0.6067821 0.5568674
2 42 0.01458562 0.1173722 0.5858986
2 48 0 0 0
2 31 0 0 0
2 20 0.02260099 0.1818728 0.7881436
2 32 0.01119616 0.09009677 0.8668914
2 33 0.01012294 0.08146044 0.7482285
2 40 0 0 0
2 4 0 0 0
2 49 0 0 0
2 36 0.02242546 0.1804602 0.4061802
47 35 0 0 0
47 8 0 0 0
47 43 0.02026733 1 0.1288591
47 24 0.002647446 0.1306263 0.02625857
47 15 0 0 0
47 34 0.02026733 1 0.0976246
47 17 0.0003424091 0.01689463 0.004302236
47 39 0 0 0
47 30 0.007347619 0.362535 0.07983735
47 25 0.01449731 0.7153043 0.07184899
47 44 0 0 0
47 23 0.0007447812 0.03674787 0.006059992
47 46 0.00753451 0.3717563 0.165548
47 18 0.01414456 0.6978995 0.05365645
47 3 0.00458402 0.2261777 0.1088591
47 9 0.02026733 1 0.1333002
47 45 0.0009743107 0.04807296 0.0472721
47 0 0.001447362 0.07141352 0.01168774
47 28 0.009034037 0.4457437 0.0667177
47 42 0.001825936 0.09009255 0.07334711
47 48 0 0 0
47 31 0 0 0
47 20 0 0 0
47 32 0 0 0
47 33 0 0 0
47 40 0 0 0
47 4 0 0 0
47 49 0 0 0
47 36 0 0 0
35 8 0 0 0
35 43 0.02843931 0.4020438 0.1808163
35 24 0.06124695 0.8658423 0.6074749
35 15 0.014378 0.2032604 0.2009581
35 34 0.07073684 1 0.3407284
35 17 0.01063956 0.1504104 0.1336819
35 39 0.04251013 0.6009616 0.8894456
35 30 0.01126414 0.15924 0.1223932
35 25 0.03970049 0.561242 0.1967565
35 44 0 0 0
35 23 0.0622982 0.8807037 0.5068959
35 46 0.00177635 0.02511209 0.03902989
35 18 0.06057581 0.8563544 0.2297902
35 3 0.000155737 0.002201639 0.003698367
35 9 0.02807797 0.3969357 0.1846715
35 45 0 0 0
35 0 0.01530783 0.2164053 0.1236138
35 28 0.03250303 0.4594923 0.2400397
35 42 0.003255839 0.04602749 0.1307858
35 48 0 0 0
35 31 0 0 0
35 20 0.01666104 0.2355355 0.581005
35 32 0.01047055 0.1480211 0.8107091
35 33 0.008355198 0.1181166 0.6175675
35 40 0 0 0
35 4 0 0 0
35 49 0 0 0
35 36 0.0318947 0.4508923 0.5776914
8 43 0 0 0
8 24 0 0 0
8 15 0 0 0
8 34 0 0 0
8 17 0 0 0
8 39 0 0 0
8 30 0 0 0
8 25 0 0 0
8 44 0 0 0
8 23 0 0 0
8 46 0 0 0
8 18 0 0 0
8 3 0 0 0
8 9 0 0 0
8 45 0 0 0
8 0 0 0 0
8 28 0 0 0
8 42 0 0 0
8 48 0 0 0
8 31 0 0 0
8 20 0 0 0
8 32 0 0 0
8 33 0 0 0
8 40 0 0 0
8 4 0 0 0
8 49 0 0 0
8 36 0 0 0
43 24 0.05894255 0.3747549 0.5846187
43 15 0.02233952 0.142034 0.3122347
43 34 0.086653 0.5509372 0.417394
43 17 0.0511128 0.3249737 0.6422123
43 39 0.009797185 0.06229021 0.2049879
43 30 0.04692157 0.2983259 0.5098378
43 25 0.1030287 0.6550531 0.5106122
43 44 0 0 0
43 23 0.03780704 0.240376 0.307621
43 46 0.02756566 0.1752617 0.6056717
43 18 0.1065627 0.6775226 0.4042385
43 3 0.01406471 0.08942302 0.334002
43 9 0.1021661 0.6495689 0.6719558
43 45 0.01597499 0.1015685 0.7750828
43 0 0.02782732 0.1769252 0.2247112
43 28 0.0415073 0.2639022 0.3065375
43 42 0.003536833 0.02248708 0.1420732
43 48 0 0 0
43 31 0 0 0
43 20 0.005901609 0.03752225 0.2058014
43 32 0 0 0
43 33 0.001200496 0.007632719 0.08873368
43 40 0 0 0
43 4 0 0 0
43 49 0 0 0
43 36 0.007572367 0.04814488 0.1371542
24 15 0.02336285 0.2317233 0.3265375
24 34 0.08462803 0.839379 0.4076401
24 17 0.0376891 0.3738175 0.4735487
24 39 0.04262356 0.4227597 0.891819
24 30 0.03580694 0.3551494 0.3890691
24 25 0.07565725 0.7504027 0.374959
24 44 0.0009396034 0.00931941 0.03726802
24 23 0.06431967 0.6379515 0.5233438
24 46 0.01148376 0.1139011 0.2523207
24 18 0.08020647 0.7955239 0.3042578
24 3 1.157474E-06 1.148035E-05 2.748713E-05
24 9 0.04187643 0.4153493 0.2754252
24 45 0 0 0
24 0 0.01058057 0.1049429 0.08544023
24 28 0.02604358 0.258312 0.1923357
24 42 0 0 0
24 48 0 0 0
24 31 0 0 0
24 20 0.01631618 0.1618312 0.5689791
24 32 0.009456282 0.09379166 0.7321768
24 33 0.00762351 0.07561341 0.5634854
24 40 0 0 0
24 4 0 0 0
24 49 0 0 0
24 36 0.03396054 0.3368359 0.6151088
15 34 0.0473729 0.6621208 0.2281879
15 17 0.0253194 0.3538837 0.3181283
15 39 0.01075479 0.1503174 0.2250241
15 30 0.05246008 0.7332232 0.5700179
15 25 0.06436218 0.8995762 0.3189803
15 44 0.01688356 0.2359779 0.6696622
15 23 0.03676632 0.5138749 0.2991531
15 46 0.005606148 0.07835592 0.1231781
15 18 0.02271319 0.3174574 0.08616096
15 3 0 0 0
15 9 0.004008657 0.05602814 0.02636532
15 45 0 0 0
15 0 0 0 0
15 28 0.001661527 0.0232228 0.01227062
15 42 0 0 0
15 48 0 0 0
15 31 0 0 0
15 20 0.005863523 0.0819532 0.2044733
15 32 0 0 0
15 33 0.001111328 0.01553279 0.08214287
15 40 0 0 0
15 4 0 0 0
15 49 0 0 0
15 36 0.01096968 0.1533208 0.1986878
34 17 0.02767361 0.1332995 0.3477081
34 39 0.04779396 0.2302161 1
34 30 0.06047198 0.2912841 0.6570731
34 25 0.09863333 0.4751014 0.4888289
34 44 0.01656948 0.07981262 0.6572047
34 23 0.1088347 0.5242398 0.885545
34 46 0.03482744 0.1677584 0.7652272
34 18 0.1292236 0.6224501 0.4902011
34 3 0.0223557 0.1076839 0.5308923
34 9 0.08336075 0.4015358 0.5482715
34 45 0.002682342 0.01292043 0.1301433
34 0 0.03436692 0.1655401 0.2775198
34 28 0.07413689 0.3571059 0.5475119
34 42 0.02489445 0.1199127 1
34 48 0 0 0
34 31 0 0 0
34 20 0.0239401 0.1153158 0.8348413
34 32 0.01291327 0.06220124 0.9998433
34 33 0.012815 0.06172785 0.9472098
34 40 0 0 0
34 4 0 0 0
34 49 0 0 0
34 36 0.04271747 0.2057634 0.7737184
17 39 7.38155E-05 0.0009274628 0.001544453
17 30 0.04050237 0.5088964 0.4400884
17 25 0.07720464 0.9700461 0.3826279
17 44 0 0 0
17 23 0.01318129 0.1656177 0.1072509
17 46 0.0112701 0.1416044 0.2476263
17 18 0.028732 0.3610063 0.1089929
17 3 0 0 0
17 9 0.01988178 0.2498068 0.1307643
17 45 0 0 0
17 0 0 0 0
17 28 1.708334E-05 0.0002146455 0.000126163
17 42 0 0 0
17 48 0 0 0
17 31 0 0 0
17 20 0.002895752 0.03638399 0.1009809
17 32 0 0 0
17 33 0.0003548924 0.004459084 0.02623158
17 40 0 0 0
17 4 0 0 0
17 49 0 0 0
17 36 0.003596372 0.04518701 0.06513914
39 30 0.005190277 0.1085969 0.05639623
39 25 0.02440951 0.5107238 0.1209741
39 44 0 0 0
39 23 0.04607949 0.9641278 0.3749306
39 46 0 0 0
39 18 0.03636432 0.7608561 0.1379456
39 3 0 0 0
39 9 0.009914465 0.2074418 0.06520837
39 45 0 0 0
39 0 0.007479527 0.1564952 0.06039869
39 28 0.01830336 0.382964 0.1351731
39 42 0 0 0
39 48 0 0 0
39 31 0 0 0
39 20 0.01164406 0.2436305 0.4060528
39 32 0.008461787 0.1770472 0.6551756
39 33 0.006394739 0.1337981 0.4726618
39 40 0 0 0
39 4 0 0 0
39 49 0 0 0
39 36 0.02850988 0.5965165 0.5163841
30 25 0.08381673 0.9107313 0.4153975
30 44 0.01791647 0.1946758 0.7106313
30 23 0.02955726 0.3211616 0.2404958
30 46 0.0235137 0.2554938 0.516642
30 18 0.04060897 0.4412467 0.1540474
30 3 0.0008943209 0.009717464 0.0212379
30 9 0.02320452 0.2521344 0.1526183
30 45 0 0 0
30 0 0 0 0
30 28 0 0 0
30 42 0 0 0
30 48 0 0 0
30 31 0 0 0
30 20 0.003510237 0.03814134 0.1224093
30 32 0 0 0
30 33 0.0003349215 0.003639171 0.02475544
30 40 0 0 0
30 4 0 0 0
30 49 0 0 0
30 36 0.006855073 0.07448548 0.1241622
25 44 0.01374652 0.06812807 0.5452362
25 23 0.05626303 0.2788408 0.4577901
25 46 0.02737843 0.1356881 0.6015579
25 18 0.08027871 0.397863 0.3045319
25 3 0.005050169 0.02502875 0.119929
25 9 0.06484598 0.3213781 0.4264981
25 45 0 0 0
25 0 0.003427462 0.01698657 0.02767745
25 28 0.0196394 0.09733327 0.1450398
25 42 0 0 0
25 48 0 0 0
25 31 0 0 0
25 20 0.0107498 0.05327622 0.3748678
25 32 0 0 0
25 33 0.002834125 0.01404599 0.209482
25 40 0 0 0
25 4 0 0 0
25 49 0 0 0
25 36 0.01825547 0.09047449 0.3306514
44 23 0.008486891 0.3366204 0.06905449
44 46 0.0005542976 0.02198542 0.01217901
44 18 0 0 0
44 3 0 0 0
44 9 0 0 0
44 45 0 0 0
44 0 0 0 0
44 28 0 0 0
44 42 0 0 0
44 48 0 0 0
44 31 0 0 0
44 20 0 0 0
44 32 0 0 0
44 33 0 0 0
44 40 0 0 0
44 4 0 0 0
44 49 0 0 0
44 36 0 0 0
23 46 0.003523696 0.02867093 0.07742252
23 18 0.08996996 0.7320501 0.3412949
23 3 1.367335E-05 0.0001112547 0.0003247081
23 9 0.04795999 0.3902315 0.3154373
23 45 0.00216261 0.01759631 0.1049266
23 0 0.04468753 0.3636048 0.3608608
23 28 0.06265479 0.5097974 0.4627149
23 42 0.01323382 0.1076784 0.5315973
23 48 0 0 0
23 31 0 0 0
23 20 0.02300493 0.187182 0.8022297
23 32 0.0127742 0.1039387 0.9890753
23 33 0.01032395 0.08400188 0.7630859
23 40 0 0 0
23 4 0 0 0
23 49 0 0 0
23 36 0.03932366 0.3199611 0.7122481
46 18 0.02071391 0.4551252 0.07857683
46 3 0.01987517 0.4366964 0.4719858
46 9 0.02128394 0.4676499 0.1399865
46 45 0 0 0
46 0 0 0 0
46 28 0 0 0
46 42 0 0 0
46 48 0 0 0
46 31 0 0 0
46 20 0.0004484436 0.009853185 0.01563816
46 32 0 0 0
46 33 0 0 0
46 40 0 0 0
46 4 0 0 0
46 49 0 0 0
46 36 0.0002910258 0.006394408 0.005271193
18 3 0.01451015 0.05504329 0.3445801
18 9 0.1349625 0.511971 0.8876608
18 45 0.02061069 0.07818526 1
18 0 0.1220263 0.4628986 0.9853871
18 28 0.1162147 0.4408526 0.8582627
18 42 0.01508536 0.05722531 0.6059731
18 48 0 0 0
18 31 0 0 0
18 20 0.02867623 0.1087814 1
18 32 0.01103086 0.04184482 0.8540926
18 33 0.01183559 0.0448975 0.8748176
18 40 0.001547865 0.005871723 0.08812607
18 4 0.01209333 0.04587521 0.3206138
18 49 3.302092E-05 0.0001252626 0.004748123
18 36 0.04491422 0.1703791 0.813507
3 9 0.01647712 0.3912906 0.1083716
3 45 7.881798E-05 0.001871731 0.003824131
3 0 0 0 0
3 28 0.006181118 0.1467862 0.04564847
3 42 0.0005594521 0.0132856 0.02247297
3 48 0 0 0
3 31 0 0 0
3 20 0 0 0
3 32 0 0 0
3 33 0 0 0
3 40 0 0 0
3 4 0 0 0
3 49 0 0 0
3 36 0 0 0
9 45 0.02036746 0.1339587 0.9881988
9 0 0.07008937 0.4609843 0.5659858
9 28 0.0763834 0.5023808 0.5641028
9 42 0.008415075 0.05534674 0.3380302
9 48 0 0 0
9 31 0 0 0
9 20 0.007502104 0.04934204 0.261614
9 32 0 0 0
9 33 0.001145577 0.007534567 0.08467437
9 40 0 0 0
9 4 0 0 0
9 49 0 0 0
9 36 0.001182707 0.007778777 0.02142173
45 0 0.01883774 0.9139791 0.1521185
45 28 0.009872187 0.4789838 0.07290757
45 42 0.0001168256 0.005668202 0.004692836
45 48 0 0 0
45 31 0 0 0
45 20 0 0 0
45 32 0 0 0
45 33 0 0 0
45 40 0 0 0
45 4 0 0 0
45 49 0 0 0
45 36 0 0 0
0 28 0.08065479 0.6513036 0.5956475
0 42 0.01099281 0.08876913 0.4415767
0 48 0 0 0
0 31 0 0 0
0 20 0.0192411 0.1553758 0.6709774
0 32 0.00577619 0.0466439 0.4472363
0 33 0.004577965 0.03696799 0.3383764
0 40 0 0 0
0 4 0.003561608 0.0287607 0.09442404
0 49 0 0 0
0 36 0.01267011 0.1023137 0.2294868
28 42 0.0222749 0.1645034 0.8947739
28 48 0 0 0
28 31 0 0 0
28 20 0.02255523 0.1665737 0.7865478
28 32 0.009093808 0.06715912 0.7041114
28 33 0.01072166 0.07918106 0.7924827
28 40 0 0 0
28 4 0.0004976105 0.003674927 0.01319247
28 49 0 0 0
28 36 0.027962 0.2065035 0.5064606
42 48 0 0 0
42 31 0 0 0
42 20 0.005169026 0.2076377 0.1802547
42 32 0.002916535 0.117156 0.2258202
42 33 0.004385121 0.1761486 0.3241226
42 40 0 0 0
42 4 0 0 0
42 49 0 0 0
42 36 0.006930205 0.2783836 0.125523
48 31 0 0 0
48 20 0 0 0
48 32 0 0 0
48 33 0 0 0
48 40 0 0 0
48 4 0 0 0
48 49 0 0 0
48 36 0 0 0
31 20 0 0 0
31 32 0 0 0
31 33 0 0 0
31 40 0 0 0
31 4 0 0 0
31 49 0 0 0
31 36 0 0 0
20 32 0.00477666 0.1665721 0.3698452
20 33 0.005734193 0.1999633 0.4238381
20 40 0 0 0
20 4 0 0 0
20 49 0 0 0
20 36 0.01733397 0.6044717 0.3139609
32 33 0.004720449 0.3654929 0.3489081
32 40 0 0 0
32 4 0 0 0
32 49 0 0 0
32 36 0.01190388 0.9216888 0.2156086
33 40 0 0 0
33 4 0 0 0
33 49 0 0 0
33 36 0.01237354 0.9145802 0.2241153
40 4 0.01650491 0.9396897 0.4375723
40 49 0.003329233 0.1895464 0.478715
40 36 0 0 0
4 49 0.006673343 0.1769212 0.9595691
4 36 0 0 0
49 36 0 0 0
