2 12 0.005374669 0.3145889 0.2129861
2 3 0 0 0
2 1 0.008531028 0.4993362 0.3063028
2 11 0 0 0
2 4 0 0 0
2 5 0 0 0
2 14 0 0 0
2 10 8.899967E-05 0.005209309 0.002283329
2 13 0 0 0
2 6 0 0 0
2 16 0 0 0
2 15 0 0 0
2 17 0 0 0
2 19 0 0 0
2 9 0.0001627247 0.009524566 0.004086657
2 8 0 0 0
2 7 0 0 0
2 18 0 0 0
12 3 0 0 0
12 1 0.01678236 0.6650472 0.6025631
12 11 0 0 0
12 4 0 0 0
12 5 0.002378348 0.09424856 0.07943533
12 14 0 0 0
12 10 0.002129357 0.08438163 0.05462967
12 13 0 0 0
12 6 0 0 0
12 16 0.002509179 0.09943311 0.05834271
12 15 0.0009390638 0.03721299 0.03125445
12 17 0 0 0
12 19 0 0 0
12 9 0.003052036 0.1209453 0.07664862
12 8 0 0 0
12 7 0 0 0
12 18 0 0 0
3 1 0 0 0
3 11 0 0 0
3 4 0 0 0
3 5 0 0 0
3 14 0 0 0
3 10 0 0 0
3 13 0 0 0
3 6 0 0 0
3 16 0 0 0
3 15 0 0 0
3 17 0 0 0
3 19 0 0 0
3 9 0 0 0
3 8 0 0 0
3 7 0 0 0
3 18 0 0 0
1 11 0 0 0
1 4 0 0 0
1 5 0 0 0
1 14 0 0 0
1 10 0.002919168 0.1048114 0.07489263
1 13 0 0 0
1 6 0 0 0
1 16 0.001193547 0.04285378 0.02775203
1 15 0.001554286 0.05580594 0.05173062
1 17 0 0 0
1 19 0 0 0
1 9 0.002828072 0.1015406 0.07102399
1 8 0 0 0
1 7 0 0 0
1 18 0 0 0
11 4 0.0003664737 0.04925666 0.009634987
11 5 0 0 0
11 14 0 0 0
11 10 0 0 0
11 13 0 0 0
11 6 0 0 0
11 16 0 0 0
11 15 0 0 0
11 17 0 0 0
11 19 0 0 0
11 9 0.000307364 0.0413119 0.007719119
11 8 0 0 0
11 7 0 0 0
11 18 0 0 0
4 5 0 0 0
4 14 0 0 0
4 10 0 0 0
4 13 0 0 0
4 6 0 0 0
4 16 0 0 0
4 15 0 0 0
4 17 0 0 0
4 19 0 0 0
4 9 0 0 0
4 8 0 0 0
4 7 0 0 0
4 18 0 0 0
5 14 0 0 0
5 10 0 0 0
5 13 0.02431064 0.8119601 0.333499
5 6 0 0 0
5 16 0.002500166 0.08350398 0.05813314
5 15 0 0 0
5 17 0.0007439808 0.0248485 0.02206489
5 19 0.0001049642 0.00350574 0.003180656
5 9 0 0 0
5 8 0 0 0
5 7 0 0 0
5 18 0 0 0
14 10 0 0 0
14 13 0 0 0
14 6 0 0 0
14 16 0 0 0
14 15 0 0 0
14 17 0 0 0
14 19 0.0005862299 0.01971801 0.0177641
14 9 0 0 0
14 8 0 0 0
14 7 0.0003428288 0.01153114 0.05127652
14 18 0.0006087599 0.02047581 0.06286182
10 13 3.919541E-05 0.001005577 0.0005376918
10 6 0 0 0
10 16 0.01250116 0.3207233 0.2906735
10 15 0.01716511 0.440379 0.5712987
10 17 0 0 0
10 19 0 0 0
10 9 0.007500512 0.1924292 0.1883673
10 8 0 0 0
10 7 0 0 0
10 18 0 0 0
13 6 0.01061377 0.1456021 0.3929028
13 16 0.01212263 0.166301 0.2818719
13 15 0 0 0
13 17 0.008060197 0.1105717 0.2390483
13 19 0.002820975 0.03869879 0.08548199
13 9 0 0 0
13 8 0 0 0
13 7 0 0 0
13 18 0 0 0
6 16 0 0 0
6 15 0 0 0
6 17 0.0006472812 0.0239612 0.01919699
6 19 0.00244142 0.09037706 0.07398061
6 9 0 0 0
6 8 0 0 0
6 7 0.0007377408 0.02730986 0.1103431
6 18 0 0 0
16 15 0.004423555 0.1028553 0.1472273
16 17 0 0 0
16 19 0 0 0
16 9 0 0 0
16 8 0 0 0
16 7 0 0 0
16 18 0 0 0
15 17 0 0 0
15 19 0 0 0
15 9 0.006876596 0.2288707 0.1726983
15 8 0 0 0
15 7 0 0 0
15 18 0 0 0
17 19 0.01174044 0.3481967 0.3557623
17 9 0 0 0
17 8 0 0 0
17 7 0.0001835608 0.005444024 0.02745499
17 18 0 0 0
19 9 0 0 0
19 8 0 0 0
19 7 0.002187748 0.06629375 0.327219
19 18 0 0 0
9 8 0 0 0
9 7 0 0 0
9 18 0 0 0
8 7 0 0 0
8 18 0 0 0
7 18 0 0 0
