5 2 2638 8106 10744 0.08841397 0.7107789 0.8684656
5 0 0 0 0 0 0 0
5 9 6851 6056 12907 0.08837988 0.7105049 0.9777168
5 17 1 0 1 2.100167E-05 0.0001688369 0.0002536397
5 3 0 0 0 0 0 0
5 18 0 0 0 0 0 0
5 7 1 663 664 0.0124492 0.1000818 0.1083017
5 10 2164 2055 4219 0.06855304 0.5511127 0.5485911
5 11 0 0 0 0 0 0
5 8 1 0 1 0.0004587456 0.003687955 0.005066528
5 12 10 176 186 0.02253707 0.1811803 0.1647191
5 1 0 0 0 0 0 0
5 4 1 0 1 0.002622237 0.02108073 0.01371775
5 14 8 0 8 0.0131836 0.1059858 0.05764133
5 15 23 11 34 0.03572702 0.2872172 0.1312038
5 13 11 1478 1489 0.03078991 0.2475267 0.1333017
5 20 1 3 4 5.83153E-06 4.688092E-05 7.819523E-05
5 6 23 1 24 0.02731957 0.2196279 0.1558944
5 19 0 0 0 0.01117872 0.08986816 0.2427865
5 16 0 0 0 0 0 0
2 0 0 0 0 0 0 0
2 9 5171 4032 9203 0.06122585 0.6014044 0.677321
2 17 62 0 62 0.001905622 0.01871839 0.02301443
2 3 0 0 0 0 0 0
2 18 0 0 0 0 0 0
2 7 1026 1348 2374 0.01959916 0.192517 0.1705027
2 10 5547 1698 7245 0.06582511 0.6465816 0.5267611
2 11 0 0 0 0 0 0
2 8 2 1 3 0.003029803 0.02976091 0.03346208
2 12 2381 366 2747 0.03421568 0.336091 0.2500758
2 1 4 0 4 0.002639792 0.02592994 0.02342141
2 4 2 0 2 0.008167982 0.0802318 0.04272929
2 14 372 1 373 0.02320655 0.2279514 0.1014636
2 15 3332 152 3484 0.04698119 0.4614831 0.1725335
2 13 3604 1663 5267 0.043772 0.42996 0.1895063
2 20 1 21 22 0.0002438061 0.002394839 0.003269206
2 6 1182 0 1182 0.0350999 0.3447765 0.2002916
2 19 634 0 634 0.01634575 0.1605597 0.3550072
2 16 0 0 0 0 0 0
0 9 0 0 0 0 0 0
0 17 0 0 0 0 0 0
0 3 0 0 0 0 0 0
0 18 1022 1175 2197 0.01297122 0.2302384 0.7697777
0 7 0 0 0 0 0 0
0 10 0 0 0 0 0 0
0 11 0 0 0 0 0 0
0 8 0 0 0 0 0 0
0 12 0 0 0 0 0 0
0 1 0 0 0 0 0 0
0 4 841 0 841 0.00438445 0.07782372 0.02293644
0 14 870 250 1120 0.008344629 0.1481167 0.03648438
0 15 0 0 0 0 0 0
0 13 0 0 0 0 0 0
0 20 444 1 445 0.002352528 0.04175723 0.03154514
0 6 0 0 0 0 0 0
0 19 0 0 0 0 0 0
0 16 0 0 0 0 0 0
9 17 7 0 7 0.0004485509 0.004962167 0.005417204
9 3 0 0 0 0 0 0
9 18 0 0 0 0 0 0
9 7 0 0 0 0 0 0
9 10 3714 1216 4930 0.05170976 0.5720476 0.4138039
9 11 0 0 0 0 0 0
9 8 0 0 0 0 0 0
9 12 0 0 0 0 0 0
9 1 0 0 0 0 0 0
9 4 0 0 0 0 0 0
9 14 0 0 0 0 0 0
9 15 18 0 18 0.008502018 0.09405495 0.03122278
9 13 2 0 2 0.003223022 0.03565521 0.01395374
9 20 0 0 0 0 0 0
9 6 18 0 18 0.0057355 0.0634499 0.03272865
9 19 0 0 0 0 0 0
9 16 0 0 0 0 0 0
17 3 157 121 278 0.002107738 0.02545541 0.05106238
17 18 0 0 0 0 0 0
17 7 0 4384 4384 0.03749096 0.4527828 0.3261522
17 10 0 0 0 0 0 0
17 11 0 0 0 0 0 0
17 8 0 2487 2487 0.02688136 0.3246495 0.296886
17 12 0 2 2 0.03217698 0.3886053 0.2351753
17 1 0 3729 3729 0.04669116 0.5638949 0.4142647
17 4 0 278 278 0.04383138 0.5293569 0.2292958
17 14 0 2 2 0.03642752 0.4399396 0.1592683
17 15 0 3 3 0.0464208 0.5606296 0.1704755
17 13 607 194 801 0.06323971 0.7637537 0.2737898
17 20 0 0 0 0.01430621 0.1727778 0.1918325
17 6 0 0 0 0.01944866 0.2348838 0.1109804
17 19 0 27 27 0.01753866 0.2118166 0.3809156
17 16 0 0 0 0 0 0
3 18 0 0 0 0 0 0
3 7 0 0 0 0 0 0
3 10 0 0 0 0 0 0
3 11 0 0 0 0 0 0
3 8 0 0 0 0 0 0
3 12 0 0 0 0 0 0
3 1 0 0 0 0 0 0
3 4 0 0 0 0 0 0
3 14 0 0 0 0 0 0
3 15 0 0 0 0 0 0
3 13 0 0 0 0 0 0
3 20 0 0 0 0 0 0
3 6 0 0 0 0 0 0
3 19 0 0 0 0 0 0
3 16 0 0 0 0 0 0
18 7 0 0 0 0 0 0
18 10 0 0 0 0 0 0
18 11 0 0 0 0 0 0
18 8 0 0 0 0 0 0
18 12 0 0 0 0 0 0
18 1 0 0 0 0 0 0
18 4 0 0 0 0 0 0
18 14 0 0 0 0 0 0
18 15 0 0 0 0 0 0
18 13 0 0 0 0 0 0
18 20 0 0 0 0 0 0
18 6 0 0 0 0 0 0
18 19 0 0 0 0 0 0
18 16 0 0 0 0 0 0
7 10 3 0 3 0.001471214 0.01279881 0.01177329
7 11 0 0 0 0 0 0
7 8 4268 3636 7904 0.06947965 0.6044375 0.7673547
7 12 5555 148 5703 0.05549026 0.482737 0.4055676
7 1 5979 5095 11074 0.07806495 0.6791252 0.6926268
7 4 6223 3079 9302 0.1025511 0.8921425 0.5364773
7 14 6818 181 6999 0.1073327 0.9337397 0.4692799
7 15 6927 409 7336 0.1047295 0.9110933 0.3846082
7 13 5869 1216 7085 0.0621771 0.5409091 0.2691893
7 20 1847 21 1868 0.04402583 0.3830023 0.5903442
7 6 6317 0 6317 0.05404758 0.4701864 0.3084133
7 19 1926 27 1953 0.01893208 0.1646994 0.4111786
7 16 0 0 0 0 0 0
10 11 0 0 0 0 0 0
10 8 0 0 0 0 0 0
10 12 1241 1771 3012 0.03334815 0.2668664 0.2437352
10 1 0 0 0 0 0 0
10 4 1 0 1 0.0001537125 0.001230074 0.0008041185
10 14 1405 9 1414 0.02894203 0.2316066 0.1265403
10 15 4827 582 5409 0.0753966 0.6033562 0.2768862
10 13 2521 208 2729 0.05589561 0.4473009 0.2419943
10 20 0 0 0 0 0 0
10 6 5519 3765 9284 0.0740205 0.5923442 0.4223854
10 19 710 0 710 0.01212544 0.09703302 0.2633478
10 16 0 0 0 0 0 0
11 8 0 0 0 0 0 0
11 12 0 0 0 0 0 0
11 1 0 0 0 0 0 0
11 4 0 0 0 0 0 0
11 14 439 151 590 0.003471735 0.1024911 0.01517912
11 15 0 0 0 0 0 0
11 13 0 0 0 0 0 0
11 20 0 0 0 0 0 0
11 6 0 0 0 0 0 0
11 19 0 0 0 0 0 0
11 16 156 632 788 0.004089199 0.1207196 0.2389762
8 12 821 500 1321 0.03129212 0.3455998 0.2287081
8 1 2220 1662 3882 0.05303174 0.5856988 0.4705211
8 4 6256 2729 8985 0.09054438 1 0.4736662
8 14 4622 93 4715 0.08093114 0.8938285 0.353847
8 15 5854 405 6259 0.08467308 0.9351556 0.3109531
8 13 3748 2 3750 0.04632809 0.5116617 0.2005727
8 20 3316 21 3337 0.04723193 0.521644 0.6333349
8 6 779 0 779 0.04124578 0.4555311 0.235362
8 19 0 0 0 0 0 0
8 16 0 0 0 0 0 0
12 1 111 2546 2657 0.04505583 0.3293044 0.3997553
12 4 3360 296 3656 0.07187545 0.5253239 0.3760032
12 14 5433 69 5502 0.1120253 0.818771 0.4897967
12 15 5463 3132 8595 0.1321163 0.9656125 0.4851833
12 13 5468 1698 7166 0.1313614 0.9600948 0.5687153
12 20 0 21 21 0.008208523 0.05999451 0.1100684
12 6 4211 223 4434 0.09072801 0.6631136 0.5177239
12 19 359 110 469 0.03653732 0.2670442 0.7935402
12 16 0 0 0 0 0 0
1 4 6109 1325 7434 0.09067015 0.8044658 0.4743242
1 14 5861 1804 7665 0.09389917 0.833115 0.4105458
1 15 4545 370 4915 0.07877111 0.6988922 0.2892787
1 13 3443 5 3448 0.0538895 0.4781316 0.233309
1 20 438 0 438 0.02808906 0.2492186 0.3766474
1 6 1348 0 1348 0.04237964 0.3760109 0.2418322
1 19 2185 561 2746 0.0219179 0.1944653 0.4760265
1 16 0 0 0 0 0 0
4 14 3849 912 4761 0.1505374 0.7875088 0.6581796
4 15 2519 412 2931 0.13673 0.7152776 0.5021265
4 13 278 476 754 0.08728244 0.456602 0.3778803
4 20 5719 21 5740 0.0700123 0.3662564 0.9387978
4 6 102 12 114 0.06283577 0.3287137 0.3585616
4 19 313 225 538 0.01558861 0.08154892 0.3385631
4 16 0 0 0 0 0 0
14 15 254 2954 3208 0.1717364 0.7508655 0.6306839
14 13 11 1663 1674 0.1226214 0.5361253 0.5308768
14 20 6 22 28 0.05606707 0.2451364 0.7518056
14 6 101 51 152 0.10397 0.4545775 0.5932871
14 19 6 27 33 0.02759429 0.1206477 0.59931
14 16 0 0 0 0 0 0
15 13 3861 3917 7778 0.196351 0.7210785 0.8500812
15 20 2 21 23 0.04378782 0.1608062 0.5871527
15 6 1882 3586 5468 0.1466767 0.5386549 0.8369855
15 19 96 27 123 0.03412523 0.1253214 0.741153
15 16 0 0 0 0 0 0
13 20 0 21 21 0.01549509 0.06708436 0.2077742
13 6 1677 2995 4672 0.1178364 0.5101606 0.6724135
13 19 863 27 890 0.03914388 0.1694694 0.8501511
13 16 0 0 0 0 0 0
20 6 21 0 21 0.01447923 0.1941525 0.08262324
20 19 0 0 0 0 0 0
20 16 0 0 0 0 0 0
6 19 474 0 474 0.02176356 0.12419 0.4726745
6 16 0 0 0 0 0 0
19 16 0 0 0 0 0 0
