2 12 0.0799832 0.7108821 0.7359679
2 3 0 0 0
2 1 0.1091703 0.9702943 0.7401161
2 11 0 0 0
2 4 0 0 0
2 5 0.002277242 0.02023988 0.01979807
2 14 0 0 0
2 10 0.03851731 0.3423377 0.200353
2 13 0.0004136017 0.003676048 0.002206281
2 6 0 0 0
2 16 0.02216687 0.1970168 0.09753671
2 15 0.02550901 0.2267214 0.1347214
2 17 0.002268161 0.02015917 0.0143983
2 19 0.00557807 0.04957729 0.02090459
2 9 0.01931011 0.1716262 0.08646056
2 8 0 0 0
2 7 0.004872022 0.04330201 0.1000946
2 18 0 0 0
12 3 0 0 0
12 1 0.08811795 0.81082 0.5973923
12 11 0 0 0
12 4 0 0 0
12 5 0.01836391 0.168976 0.1596536
12 14 0 0 0
12 10 0.05461493 0.5025409 0.2840869
12 13 0.01597877 0.1470291 0.08523573
12 6 0.004684338 0.04310308 0.02868287
12 16 0.04847123 0.4460095 0.2132788
12 15 0.05215222 0.4798802 0.2754327
12 17 0.02337967 0.2151288 0.1484143
12 19 0.02508985 0.230865 0.0940277
12 9 0.04608748 0.4240754 0.2063556
12 8 0.0004542388 0.004179692 0.006091246
12 7 0.0182033 0.1674982 0.3739829
12 18 0 0 0
3 1 0 0 0
3 11 0 0 0
3 4 0 0 0
3 5 0 0 0
3 14 0 0 0
3 10 0 0 0
3 13 0 0 0
3 6 0 0 0
3 16 0 0 0
3 15 0 0 0
3 17 0 0 0
3 19 0.01380158 0.2278889 0.05172335
3 9 0 0 0
3 8 0.0023524 0.03884234 0.03154518
3 7 0 0 0
3 18 0 0 0
1 11 0 0 0
1 4 0 0 0
1 5 0.002360453 0.0160026 0.02052149
1 14 0 0 0
1 10 0.07157258 0.4852235 0.3722945
1 13 0 0 0
1 6 0 0 0
1 16 0.05380012 0.3647359 0.2367266
1 15 0.05798246 0.3930898 0.3062241
1 17 0.00353921 0.02399394 0.02246693
1 19 0.02117392 0.1435478 0.07935221
1 9 0.04301295 0.2916047 0.1925895
1 8 0 0 0
1 7 0.01109486 0.07521716 0.2279414
1 18 0 0 0
11 4 0.001241947 0.02227462 0.02430861
11 5 0.0300118 0.5382688 0.2609189
11 14 0 0 0
11 10 0.01306045 0.2342424 0.06793572
11 13 0.03437147 0.6164606 0.1833481
11 6 0.03472749 0.6228458 0.2126414
11 16 0.0334186 0.5993705 0.1470456
11 15 0.003607845 0.06470756 0.0190542
11 17 0.03249278 0.5827657 0.2062644
11 19 0.03388555 0.6077453 0.1269908
11 9 0.04385398 0.7865315 0.1963551
11 8 0.01272856 0.2282898 0.1706873
11 7 0.01226431 0.2199634 0.2519676
11 18 0 0 0
4 5 0 0 0
4 14 0 0 0
4 10 0 0 0
4 13 0 0 0
4 6 0 0 0
4 16 0 0 0
4 15 0 0 0
4 17 0 0 0
4 19 0 0 0
4 9 0 0 0
4 8 0 0 0
4 7 0 0 0
4 18 0 0 0
5 14 0 0 0
5 10 0.03735033 0.3247193 0.1942828
5 13 0.1101947 0.958019 0.5878128
5 6 0.0967833 0.8414222 0.5926179
5 16 0.06414071 0.5576315 0.2822263
5 15 0.03582589 0.3114659 0.1892081
5 17 0.09078822 0.7893016 0.5763243
5 19 0.1112255 0.9669811 0.416833
5 9 0.05785465 0.5029812 0.2590428
5 8 0.04411731 0.3835505 0.5916038
5 7 0.01854802 0.1612542 0.3810651
5 18 0 0 0
14 10 0 0 0
14 13 0 0 0
14 6 0 0 0
14 16 0 0 0
14 15 0 0 0
14 17 0 0 0
14 19 0.003754456 0.08831128 0.01407034
14 9 0 0 0
14 8 0 0 0
14 7 0 0 0
14 18 0.007328727 0.1723843 0.5607457
10 13 0.06818792 0.3546887 0.3637356
10 6 0.05786255 0.3009799 0.3543006
10 16 0.1422233 0.7397937 0.6257983
10 15 0.1196175 0.6222067 0.6317388
10 17 0.05152222 0.2679998 0.3270634
10 19 0.09932334 0.5166438 0.372228
10 9 0.1134863 0.5903143 0.5081323
10 8 0.02374171 0.1234957 0.3183713
10 7 0.01734424 0.09021842 0.3563337
10 18 0 0 0
13 6 0.1419874 0.7574049 0.8694089
13 16 0.1081479 0.5768948 0.475863
13 15 0.07638385 0.4074553 0.4034078
13 17 0.1251463 0.6675692 0.7944295
13 19 0.1797201 0.9586829 0.6735259
13 9 0.1012126 0.5398998 0.4531772
13 8 0.05486022 0.2926415 0.735664
13 7 0.01833282 0.09779298 0.3766438
13 18 0 0 0
6 16 0.08110224 0.4966006 0.3568589
6 15 0.04712032 0.2885244 0.2488576
6 17 0.09598606 0.5877363 0.6093202
6 19 0.1552556 0.950652 0.5818418
6 9 0.07217415 0.4419326 0.323158
6 8 0.06624688 0.4056391 0.8883567
6 7 0.009671958 0.05922278 0.1987083
6 18 0 0 0
16 15 0.1708802 0.7518919 0.9024736
16 17 0.1023587 0.4503897 0.6497739
16 19 0.1374835 0.6049426 0.5152383
16 9 0.185918 0.8180602 0.8324437
16 8 0.01388491 0.06109514 0.1861937
16 7 0.04034204 0.1775095 0.8288184
16 18 0 0 0
15 17 0.07263648 0.3836167 0.4610969
15 19 0.1044104 0.5514249 0.3912923
15 9 0.1634078 0.8630093 0.7316545
15 8 0.003980497 0.02102229 0.05337762
15 7 0.03022618 0.1596342 0.6209903
15 18 0 0 0
17 19 0.1344014 0.8531808 0.5036877
17 9 0.1032593 0.6554909 0.4623412
17 8 0.02704789 0.1717002 0.3627064
17 7 0.03417707 0.2169563 0.7021605
17 18 0 0 0
19 9 0.1290121 0.4834906 0.5776485
19 8 0.06810533 0.2552342 0.9132781
19 7 0.03212737 0.1204018 0.6600499
19 18 0 0 0
9 8 0.0125753 0.05630563 0.1686322
9 7 0.04083033 0.1828168 0.8388503
9 18 0 0 0
8 7 0 0 0
8 18 0 0 0
7 18 0 0 0
