11 14 0 0 0
11 8 0 0 0
11 1 0 0 0
11 12 0 0 0
11 22 0 0 0
11 20 0 0 0
11 0 0 0 0
11 6 0 0 0
11 5 0 0 0
11 2 0 0 0
11 13 0 0 0
11 9 0 0 0
11 3 0 0 0
11 4 0 0 0
11 10 0 0 0
11 16 0 0 0
11 7 0 0 0
11 15 0 0 0
11 17 0 0 0
11 18 0 0 0
11 21 0 0 0
11 23 0 0 0
11 19 0 0 0
14 8 0 0 0
14 1 0 0 0
14 12 0 0 0
14 22 0 0 0
14 20 0 0 0
14 0 0 0 0
14 6 0 0 0
14 5 0 0 0
14 2 0 0 0
14 13 0 0 0
14 9 0 0 0
14 3 0 0 0
14 4 0 0 0
14 10 0 0 0
14 16 0.0001302279 0.0163928 0.04675792
14 7 0 0 0
14 15 0 0 0
14 17 0 0 0
14 18 0 0 0
14 21 0 0 0
14 23 0 0 0
14 19 0 0 0
8 1 0 0 0
8 12 0 0 0
8 22 0 0 0
8 20 0 0 0
8 0 0 0 0
8 6 0 0 0
8 5 0.001345774 0.05002452 0.05227019
8 2 0.007265497 0.2700699 0.2120467
8 13 0 0 0
8 9 0 0 0
8 3 0 0 0
8 4 0 0 0
8 10 0 0 0
8 16 0 0 0
8 7 0.0006249497 0.02323036 0.02708232
8 15 1.283429E-05 0.0004770705 0.001022101
8 17 0.004856659 0.1805296 0.2670324
8 18 0.002907369 0.1080715 0.6385038
8 21 0 0 0
8 23 0 0 0
8 19 0 0 0
1 12 0 0 0
1 22 0 0 0
1 20 0 0 0
1 0 0.03212561 0.6883597 0.6284572
1 6 0 0 0
1 5 0 0 0
1 2 0 0 0
1 13 0 0 0
1 9 0 0 0
1 3 0 0 0
1 4 0.02047611 0.4387442 0.7858832
1 10 0.0189887 0.4068733 0.8981928
1 16 0 0 0
1 7 0 0 0
1 15 0 0 0
1 17 0 0 0
1 18 0 0 0
1 21 0 0 0
1 23 0 0 0
1 19 0 0 0
12 22 0.001373327 0.1498305 0.7734359
12 20 0 0 0
12 0 0 0 0
12 6 0 0 0
12 5 0 0 0
12 2 0 0 0
12 13 7.145665E-07 7.795943E-05 0.0001975276
12 9 0 0 0
12 3 0 0 0
12 4 0 0 0
12 10 0 0 0
12 16 0 0 0
12 7 0 0 0
12 15 0 0 0
12 17 0 0 0
12 18 0 0 0
12 21 0 0 0
12 23 0 0 0
12 19 0 0 0
22 20 0 0 0
22 0 0 0 0
22 6 0 0 0
22 5 0 0 0
22 2 0 0 0
22 13 0 0 0
22 9 0 0 0
22 3 0 0 0
22 4 0 0 0
22 10 0 0 0
22 16 0 0 0
22 7 0 0 0
22 15 0 0 0
22 17 0 0 0
22 18 0 0 0
22 21 0 0 0
22 23 0 0 0
22 19 0 0 0
20 0 0 0 0
20 6 0 0 0
20 5 0.00231442 0.3396887 0.08989266
20 2 0.002085234 0.3060508 0.06085845
20 13 0 0 0
20 9 0 0 0
20 3 0 0 0
20 4 0 0 0
20 10 0 0 0
20 16 0 0 0
20 7 0 0 0
20 15 0 0 0
20 17 0 0 0
20 18 0 0 0
20 21 0 0 0
20 23 0 0 0
20 19 0 0 0
0 6 0 0 0
0 5 0 0 0
0 2 0 0 0
0 13 0 0 0
0 9 0.001087029 0.02126502 0.1132554
0 3 0 0 0
0 4 0.0132832 0.2598527 0.509816
0 10 0.01684508 0.3295319 0.7967967
0 16 0 0 0
0 7 0 0 0
0 15 0 0 0
0 17 0 0 0
0 18 0 0 0
0 21 0 0 0
0 23 0 0 0
0 19 0 0 0
6 5 0 0 0
6 2 0 0 0
6 13 0 0 0
6 9 0 0 0
6 3 0 0 0
6 4 0 0 0
6 10 0 0 0
6 16 0 0 0
6 7 0 0 0
6 15 0 0 0
6 17 0 0 0
6 18 0 0 0
6 21 0 0 0
6 23 0 0 0
6 19 0 0 0
5 2 0.008467561 0.3288822 0.2471294
5 13 0 0 0
5 9 0 0 0
5 3 0 0 0
5 4 0 0 0
5 10 0 0 0
5 16 0 0 0
5 7 0 0 0
5 15 0 0 0
5 17 0 0 0
5 18 0.002638788 0.1024912 0.5795192
5 21 0 0 0
5 23 0 0 0
5 19 0 0 0
2 13 0 0 0
2 9 0 0 0
2 3 0 0 0
2 4 0 0 0
2 10 0 0 0
2 16 0 0 0
2 7 0 0 0
2 15 0 0 0
2 17 0 0 0
2 18 0.003152444 0.09200546 0.6923262
2 21 0 0 0
2 23 0 0 0
2 19 0 0 0
13 9 0 0 0
13 3 0 0 0
13 4 0 0 0
13 10 0 0 0
13 16 0 0 0
13 7 0 0 0
13 15 0 0 0
13 17 0 0 0
13 18 0 0 0
13 21 0 0 0
13 23 0 0 0
13 19 0 0 0
9 3 0 0 0
9 4 0 0 0
9 10 0 0 0
9 16 0 0 0
9 7 0 0 0
9 15 0 0 0
9 17 0 0 0
9 18 0 0 0
9 21 0 0 0
9 23 0 0 0
9 19 0 0 0
3 4 0 0 0
3 10 0 0 0
3 16 0 0 0
3 7 0.01148776 0.3613068 0.4978244
3 15 0.006692054 0.2104749 0.5329438
3 17 0.006858655 0.2157147 0.3771076
3 18 0 0 0
3 21 0 0 0
3 23 0 0 0
3 19 0 0 0
4 10 0.003308476 0.126981 0.1564957
4 16 0 0 0
4 7 0 0 0
4 15 0 0 0
4 17 0 0 0
4 18 0 0 0
4 21 0 0 0
4 23 0 0 0
4 19 0 0 0
10 16 0 0 0
10 7 0 0 0
10 15 0 0 0
10 17 0 0 0
10 18 0 0 0
10 21 0 0 0
10 23 0 0 0
10 19 0 0 0
16 7 0 0 0
16 15 0 0 0
16 17 0 0 0
16 18 0 0 0
16 21 0 0 0
16 23 0 0 0
16 19 0 0 0
7 15 0 0 0
7 17 0.01174171 0.5088293 0.6455912
7 18 0 0 0
7 21 0 0 0
7 23 0 0 0
7 19 0 0 0
15 17 0 0 0
15 18 0 0 0
15 21 0 0 0
15 23 0 0 0
15 19 0 0 0
17 18 0 0 0
17 21 0 0 0
17 23 0 0 0
17 19 0 0 0
18 21 0 0 0
18 23 0 0 0
18 19 0 0 0
21 23 0 0 0
21 19 0 0 0
23 19 0 0 0
