Bladder Bone-Marrow 0.09637669 0.3622573 0.4610387 0.2660449 0.2090425 -0.9635814 0.2642128 -0.04125978 0.04277999 0 -0.9990845
Bladder Bone-Marrow_c-kit 0.110624 0.3650517 0.5906945 0.3030366 0.1872779 0.7491762 0.140874 0.6472168 -0.6537362 0 0.7567226
Bladder Brain 0 0 0 0.3476194 0.098299 0.8644188 0.2310591 0.4465332 -0.4589525 0 0.8884608
Bladder Embryonic-Mesenchyme 0.1134834 0.3676862 0.7162415 0.3086419 0.1584429 0.8504537 0.05474683 0.5231934 -0.5239792 0 0.8517311
Bladder Embryonic-Stem-Cell 0.006408777 0.02312608 0.2486981 0.2771233 0.0257693 0.6003637 0.1373632 0.7878418 -0.7953814 0 0.6061092
Bladder Fetal_Brain 0.007320508 0.02721547 1 0.2689834 0.007320508 -0.5465135 0.7996448 0.2487793 -0.4143054 0 -0.9101379
Bladder Fetal_Intestine 0.04458804 0.1401355 0.5225164 0.318178 0.0853333 0.003039747 0.8055432 0.5925293 -0.9999868 0 0.005130053
Bladder Fetal-Liver 0.05249507 0.2152599 0.3327869 0.2438683 0.1577438 -0.9115743 0.3575915 0.2028808 -0.2172455 0 -0.976117
Bladder Fetal_Lung 0.03327137 0.09476933 0.475013 0.3510774 0.07004307 0.07000765 0.9561391 -0.2844238 0.9710183 0 0.239005
Bladder Fetal_Stomache 0.08193889 0.3049357 0.5038825 0.2687088 0.1626151 0.03808563 0.3085682 0.9504395 -0.9991981 0 0.04003947
Bladder Fetal_Kidney 0.006492639 0.0220767 0.943335 0.2940947 0.006882644 -0.5963449 0.01955031 0.8024902 -0.8026436 0 -0.5964589
Bladder Kidney 0.08393778 0.3358862 0.6742671 0.2498995 0.1244874 -0.3415606 0.532914 0.7741699 -0.9149112 0 -0.4036551
Bladder Liver 0.02534864 0.07811221 0.4862165 0.3245157 0.05213447 0.5228482 0.1864399 -0.8317872 0.8466316 0 0.5321793
Bladder Lung 0.1346579 0.5730633 0.2995834 0.2349792 0.449484 -0.7041171 0.6375031 0.3127441 -0.4059252 0 -0.9139063
Bladder MammaryGland.Involution 0.2176603 0.9485485 0.6303612 0.2294667 0.3452946 -0.8573598 0.4773145 0.192627 -0.21921 0 -0.9756777
Bladder MammaryGland.Lactation 0.01727351 0.06243308 0.4560638 0.2766725 0.03787521 -0.09317226 0.2467114 0.9645996 -0.9953675 0 -0.09614418
Bladder MammaryGland.Pregnancy 0.02410794 0.06204879 0.1945118 0.388532 0.1239408 0.9101382 0.3903213 -0.1389161 0.1508844 0 0.9885514
Bladder MammaryGland.Virgin 0.1436389 0.6134486 0.4179954 0.2341499 0.3436376 -0.7341484 0.6233062 0.2692871 -0.3443666 0 -0.9388353
Bladder Mesenchymal-Stem-Cell-Cultured 0 0 0 0.3126754 0.02126136 -0.03431653 0.01693172 0.9992676 -0.9994109 0 -0.03432145
Bladder Bone_Marrow_Mesenchyme 0.08093556 0.3399825 0.3831805 0.2380581 0.2112205 -0.896821 0.4058658 0.1760254 -0.1926021 0 -0.9812769
Bladder Muscle 0.1470999 0.552914 0.5114115 0.2660449 0.2876352 -0.9635814 0.2642128 -0.04125978 0.04277999 0 -0.9990845
Bladder Neonatal-Calvaria 0.03518457 0.09001853 0.3867854 0.3908592 0.09096663 0.8916428 0.4143829 -0.1823731 0.2003874 0 0.9797167
Bladder Neonatal-Heart 0.06884778 0.2587826 0.3791833 0.2660449 0.1815686 -0.9635814 0.2642128 -0.04125978 0.04277999 0 -0.9990845
Bladder Neonatal-Muscle 0.1914436 0.7845373 0.5185506 0.2440211 0.3691899 -0.9082302 0.4183932 -0.008056597 0.008870305 0 -0.9999607
Bladder Neonatal-Rib 0.2067972 0.9287363 0.5176708 0.2226651 0.3994763 -0.7351614 0.5184321 0.4367676 -0.5107682 0 -0.8597184
Bladder Neonatal-Skin 0.007998459 0.03006432 0.128864 0.2660449 0.06206901 -0.9635814 0.2642128 -0.04125978 0.04277999 0 -0.9990845
Bladder Ovary 0.02531998 0.08277135 0.5488224 0.3059027 0.04613511 -0.2866079 0.934703 -0.2102051 0.5914112 0 -0.8063701
Bladder Pancreas 0.0228299 0.08442575 0.1926083 0.2704139 0.1185301 -0.5953505 0.184557 0.7819824 -0.7956502 0 -0.6057563
Bladder Peripheral_Blood 0.08298483 0.2663127 0.5054538 0.3116068 0.1641789 0.8295746 0.09618837 0.5500488 -0.5526112 0 0.8334392
Bladder Placenta 0.1339644 0.4987762 0.6177688 0.2685861 0.2168519 -0.8666018 0.2341107 0.4406739 -0.4532703 0 -0.8913732
Bladder Prostate 0 0 0 0.3126754 0.00443001 -0.03431653 0.01693172 0.9992676 -0.9994109 0 -0.03432145
Bladder Small-Intestine 0.1615559 0.662057 0.5667159 0.2440211 0.2850738 -0.9082302 0.4183932 -0.008056597 0.008870305 0 -0.9999607
Bladder Spleen 0.02187858 0.07105394 0.5213523 0.307915 0.04196505 -0.3953069 0.1755831 -0.9016114 0.9158393 0 -0.401545
Bladder Stomach 0 0 0 0.3126754 0.009461557 -0.03431653 0.01693172 0.9992676 -0.9994109 0 -0.03432145
Bladder Testis 0.008244049 0.02847069 0.1945651 0.2895627 0.04237167 -0.726849 0.006400601 -0.6867675 0.6867816 0 -0.7268639
Bladder Thymus 8.387057E-06 2.723822E-05 0.0003844759 0.307915 0.02181426 -0.3953069 0.1755831 -0.9016114 0.9158393 0 -0.401545
Bladder Trophoblast-Stem-Cell 0.02053181 0.07817846 0.2964827 0.2626275 0.06925129 0.4608215 0.1830594 0.8684082 -0.8833349 0 0.4687424
Bladder Uterus 0.1182016 0.4076267 0.6417015 0.2899751 0.1842003 -0.9706191 0.1686458 -0.1716308 0.1741248 0 -0.9847236
Bone-Marrow Bone-Marrow_c-kit 0.149851 0.7149218 0.8579928 0.2096047 0.1746529 0.7975191 0.412553 0.4401855 -0.4832246 0 0.8754964
Bone-Marrow Brain 0.006539647 0.02685001 0.06688112 0.2435622 0.09778017 0.2898928 0.9568548 0.01977537 -0.06805798 0 0.9976814
Bone-Marrow Embryonic-Mesenchyme 0.05329393 0.236823 0.3417432 0.2250369 0.1559473 -0.6908644 0.3535969 -0.6306153 0.6741679 0 -0.7385781
Bone-Marrow Embryonic-Stem-Cell 0 0 0 0.2411797 0.02497469 -0.01288601 0.06498964 0.9978027 -0.9999166 0 -0.01291331
Bone-Marrow Fetal_Brain 0 0 0 0.242224 0.0211509 0.4454116 0.1355221 0.8850098 -0.8932506 0 0.449559
Bone-Marrow Fetal_Intestine 0.005545157 0.02800496 0.05739421 0.1980063 0.09661528 -0.2517277 0.9150362 0.3151856 -0.7813774 0 -0.6240588
Bone-Marrow Fetal-Liver 0.1065912 0.5125492 0.6484664 0.2079629 0.1643743 -0.1421206 0.6999072 0.6999512 -0.9800029 0 -0.1989833
Bone-Marrow Fetal_Lung 0.0002112737 0.001062126 0.003373592 0.1989159 0.06262574 -0.236237 0.833621 0.4992675 -0.9039186 0 -0.4277045
Bone-Marrow Fetal_Stomache 0.03729696 0.1721384 0.1729454 0.2166684 0.2156575 -0.229911 0.9653705 -0.123291 0.4725919 0 -0.8812814
Bone-Marrow Fetal_Kidney 0 0 0 0.2435056 0.03003541 -0.03431653 0.01693172 0.9992676 -0.9994109 0 -0.03432145
Bone-Marrow Kidney 0.005848276 0.0265784 0.04902136 0.2200387 0.1193006 -0.8579246 0.1398184 0.4943847 -0.4992892 0 -0.8664355
Bone-Marrow Liver 0.004965696 0.0210253 0.08617533 0.2361771 0.05762317 0.66641 0.7311029 0.1462403 -0.2143446 0 0.9767581
Bone-Marrow Lung 0.09509725 0.3978648 0.2917379 0.239019 0.3259681 0.6727782 0.04415651 -0.7385253 0.7392464 0 0.673435
Bone-Marrow MammaryGland.Involution 0.0761449 0.3782863 0.171352 0.2012891 0.4443771 -0.2058316 0.7627705 0.6130371 -0.9479917 0 -0.318295
Bone-Marrow MammaryGland.Lactation 0.005396916 0.02253299 0.1155078 0.2395118 0.0467234 0.1825098 0.1201907 0.9758301 -0.9829557 0 0.1838425
Bone-Marrow MammaryGland.Pregnancy 0.02473464 0.1159843 0.25859 0.2132586 0.09565196 0.7994495 0.51468 0.3098145 -0.3613492 0 0.9324306
Bone-Marrow MammaryGland.Virgin 0.1361417 0.651923 0.5904261 0.208831 0.2305822 0.9912576 0.1237902 -0.04565432 0.0460082 0 0.9989411
Bone-Marrow Mesenchymal-Stem-Cell-Cultured 0 0 0 0.2435056 0.02126136 -0.03431653 0.01693172 0.9992676 -0.9994109 0 -0.03432145
Bone-Marrow Bone_Marrow_Mesenchyme 0.1173626 0.5685505 0.5579892 0.2064243 0.2103314 -0.7678667 0.5056555 0.3933106 -0.4558878 0 -0.8900372
Bone-Marrow Muscle 0.05272353 0.2553337 0.1816515 0.2064888 0.2902455 -0.9765598 0.2147636 -0.01440432 0.01474846 0 -0.9998912
Bone-Marrow Neonatal-Calvaria 0.01034107 0.04741453 0.1016036 0.2180992 0.1017786 -0.05880699 0.554172 0.8303223 -0.9975013 0 -0.07064733
Bone-Marrow Neonatal-Heart 0.1260583 0.6344327 0.6616967 0.1986945 0.1905076 0.981639 0.1312345 0.1384277 -0.1396354 0 0.990203
Bone-Marrow Neonatal-Muscle 0.09548934 0.4895884 0.2256534 0.19504 0.4231682 -0.3070882 0.7745396 0.5529785 -0.8742391 0 -0.4854954
Bone-Marrow Neonatal-Rib 0.07525718 0.2974518 0.1661315 0.2530063 0.4529978 0.02910873 0.4738451 -0.880127 0.9994535 0 0.03305526
Bone-Marrow Neonatal-Skin 0.00966918 0.03838544 0.2467414 0.2518971 0.03918751 0.2448011 0.9597811 -0.1374511 0.4895859 0 0.871955
Bone-Marrow Ovary 0.003672132 0.01760196 0.0723947 0.2086206 0.05072377 -0.361742 0.9042685 -0.2268066 0.5312074 0 -0.8472418
Bone-Marrow Pancreas 0.06248476 0.3004611 0.4210488 0.2079629 0.1484027 -0.1421206 0.6999072 0.6999512 -0.9800029 0 -0.1989833
Bone-Marrow Peripheral_Blood 0.1590617 0.7558403 0.8201881 0.2104435 0.1939332 0.8845918 0.4277607 0.185791 -0.2055456 0 0.9786475
Bone-Marrow Placenta 0.1674144 0.827534 0.5834583 0.2023052 0.2869346 -0.6709905 0.7270972 0.1452637 -0.2115897 0 -0.9773586
Bone-Marrow Prostate 0 0 0 0.2435056 0.00443001 -0.03431653 0.01693172 0.9992676 -0.9994109 0 -0.03432145
Bone-Marrow Small-Intestine 0.1056081 0.4626525 0.4884529 0.2282666 0.2162093 -0.773301 0.09613223 -0.626709 0.6296251 0 -0.7768992
Bone-Marrow Spleen 0.02484476 0.1019878 0.7041707 0.2436053 0.0352823 0.2867104 0.06498738 -0.9558105 0.9578353 0 0.2873178
Bone-Marrow Stomach 0 0 0 0.2334701 0.007670777 -0.3573058 0.0458512 0.9328613 -0.9338435 0 -0.357682
Bone-Marrow Testis 0 0 0 0.2312995 0.07504564 -0.03449543 0.2367942 0.9709473 -0.9993695 0 -0.03550521
Bone-Marrow Thymus 1.607382E-05 7.600906E-05 0.001902705 0.2114725 0.00844788 -0.2396524 0.9689537 0.06079102 -0.2458761 0 -0.9693013
Bone-Marrow Trophoblast-Stem-Cell 0.01653254 0.06659991 0.3194582 0.2482367 0.05175181 0.1639711 0.974362 -0.1540527 0.6847208 0 0.7288055
Bone-Marrow Uterus 0.1018213 0.4927577 0.4593334 0.2066357 0.221672 -0.8593448 0.3274403 -0.3928223 0.4157414 0 -0.9094829
Bone-Marrow_c-kit Brain 0.01564057 0.07043085 0.1591225 0.2220699 0.09829265 0.4472664 0.8787194 0.166748 -0.3493286 0 0.9370003
Bone-Marrow_c-kit Embryonic-Mesenchyme 0.03584417 0.200733 0.1704561 0.1785664 0.2102839 0.8018684 0.4818779 0.3532715 -0.4031683 0 0.9151258
Bone-Marrow_c-kit Embryonic-Stem-Cell 0.0004749992 0.002452757 0.01744904 0.1936593 0.02722208 0.5880368 0.08416376 0.8044434 -0.8073078 0 0.5901307
Bone-Marrow_c-kit Fetal_Brain 0 0 0 0.203005 0.02092147 0.5024322 0.0140817 0.864502 -0.8645877 0 0.502482
Bone-Marrow_c-kit Fetal_Intestine 0 0 0 0.2186438 0.1135259 -0.03431653 0.01693172 0.9992676 -0.9994109 0 -0.03432145
Bone-Marrow_c-kit Fetal-Liver 0.07375333 0.3833477 0.4363625 0.1923928 0.1690185 0.7843979 0.5788224 0.2229004 -0.2733453 0 0.961916
Bone-Marrow_c-kit Fetal_Lung 0 0 0 0.2186438 0.1001585 -0.03431653 0.01693172 0.9992676 -0.9994109 0 -0.03432145
Bone-Marrow_c-kit Fetal_Stomache 0.02001372 0.09956576 0.1031944 0.2010101 0.1939419 -0.0995509 0.5691827 -0.8161622 0.9926431 0 -0.1210771
Bone-Marrow_c-kit Fetal_Kidney 0 0 0 0.2186438 0.03003541 -0.03431653 0.01693172 0.9992676 -0.9994109 0 -0.03432145
Bone-Marrow_c-kit Kidney 0.02308437 0.1004593 0.1604165 0.2297882 0.1439027 0.9764408 0.03371843 -0.2131347 0.213256 0 0.9769964
Bone-Marrow_c-kit Liver 0.01095255 0.06078123 0.2325683 0.1801963 0.04709391 0.8340199 0.4448185 0.326416 -0.3644578 0 0.9312199
Bone-Marrow_c-kit Lung 0.1557028 0.8914981 0.3453675 0.1746529 0.4508322 0.7975191 0.412553 0.4401855 -0.4832246 0 0.8754964
Bone-Marrow_c-kit MammaryGland.Involution 0.1006476 0.4679821 0.2264914 0.2150672 0.4443771 -0.2058316 0.7627705 0.6130371 -0.9479917 0 -0.318295
Bone-Marrow_c-kit MammaryGland.Lactation 0.007052429 0.03200294 0.1541651 0.2203681 0.04574594 0.1077844 0.05883846 0.9924316 -0.994154 0 0.1079714
Bone-Marrow_c-kit MammaryGland.Pregnancy 0.03988016 0.184972 0.3732847 0.215601 0.1068358 0.9987285 0.04119844 -0.02905274 0.02907743 0 0.9995772
Bone-Marrow_c-kit MammaryGland.Virgin 0.1271049 0.5872064 0.5138874 0.216457 0.2473401 0.2282016 0.7282153 -0.6462402 0.9429368 0 0.3329717
Bone-Marrow_c-kit Mesenchymal-Stem-Cell-Cultured 0 0 0 0.2186438 0.02126136 -0.03431653 0.01693172 0.9992676 -0.9994109 0 -0.03432145
Bone-Marrow_c-kit Bone_Marrow_Mesenchyme 0.1237198 0.554095 0.6546698 0.2232826 0.1889804 0.572682 0.769754 -0.2819824 0.4417429 0 0.8971417
Bone-Marrow_c-kit Muscle 0.1540268 0.6701761 0.5188409 0.2298304 0.2968672 -0.910355 0.2849989 0.3000488 -0.3130309 0 -0.949743
Bone-Marrow_c-kit Neonatal-Calvaria 0.01992563 0.09036188 0.2190599 0.2205092 0.09095971 -0.2041099 0.7009797 0.6833496 -0.958171 0 -0.2861964
Bone-Marrow_c-kit Neonatal-Heart 0.1393461 0.7114332 0.7520178 0.1958668 0.1852963 0.9719496 0.06734289 0.2253418 -0.2258545 0 0.974161
Bone-Marrow_c-kit Neonatal-Muscle 0.1181876 0.547977 0.3021797 0.2156798 0.3911169 -0.4816274 0.7766558 0.4060059 -0.6445304 0 -0.7645788
Bone-Marrow_c-kit Neonatal-Rib 0.09599525 0.4609097 0.2119111 0.2082735 0.4529978 0.02910873 0.4738451 -0.880127 0.9994535 0 0.03305526
Bone-Marrow_c-kit Neonatal-Skin 0.01676877 0.0702064 0.3736596 0.2388496 0.04487713 -0.2396524 0.9689537 0.06079102 -0.2458761 0 -0.9693013
Bone-Marrow_c-kit Ovary 0.004045526 0.01766928 0.07706607 0.2289581 0.05249426 -0.1675483 0.8781943 -0.4479981 0.9366388 0 -0.3502967
Bone-Marrow_c-kit Pancreas 0.03710708 0.2091588 0.2827888 0.177411 0.1312184 0.7672997 0.481485 0.423584 -0.4832928 0 0.8754588
Bone-Marrow_c-kit Peripheral_Blood 0.1527364 0.8150992 0.9267887 0.1873838 0.1648017 0.8528498 0.126538 0.5065918 -0.5106969 0 0.8597608
Bone-Marrow_c-kit Placenta 0.1547066 0.8857941 0.6069723 0.1746529 0.2548824 0.7975191 0.412553 0.4401855 -0.4832246 0 0.8754964
Bone-Marrow_c-kit Prostate 0 0 0 0.2186438 0.00443001 -0.03431653 0.01693172 0.9992676 -0.9994109 0 -0.03432145
Bone-Marrow_c-kit Small-Intestine 0.1057581 0.5349137 0.4652201 0.1977105 0.2273292 -0.5609938 0.02659846 -0.8273926 0.8276854 0 -0.5611923
Bone-Marrow_c-kit Spleen 0.02659449 0.1224547 0.7562121 0.2171782 0.03516803 0.1977139 0.1513461 -0.9685059 0.9797922 0 0.2000179
Bone-Marrow_c-kit Stomach 0 0 0 0.2199134 0.009811202 0.04742682 0.01380628 0.9987793 -0.9988745 0 0.04743133
Bone-Marrow_c-kit Testis 0 0 0 0.228116 0.07356784 0.09868176 0.4314393 0.8967285 -0.9939993 0 0.1093861
Bone-Marrow_c-kit Thymus 0.0003211042 0.001355044 0.0250773 0.2369696 0.01280458 -0.4978393 0.8666613 -0.03247076 0.06508508 0 -0.9978797
Bone-Marrow_c-kit Trophoblast-Stem-Cell 0 0 0 0.1917663 0.07783467 0.6600751 0.02648859 0.7507324 -0.750996 0 0.6603068
Bone-Marrow_c-kit Uterus 0.1009035 0.5305555 0.5024251 0.1901846 0.2008329 0.9520207 0.1953235 0.2355957 -0.2402226 0 0.9707178
Brain Embryonic-Mesenchyme 0.03932817 0.4416229 0.1660383 0.08905374 0.2368621 -0.723532 0.2552686 0.6413574 -0.6633335 0 -0.7483239
Brain Embryonic-Stem-Cell 0 0 0 0.1000417 0.02578857 -0.03431653 0.01693172 0.9992676 -0.9994109 0 -0.03432145
Brain Fetal_Brain 0.005286788 0.0580915 0.6913995 0.09100794 0.007646503 -0.5486528 0.7398273 0.3894043 -0.5787843 0 -0.8154806
Brain Fetal_Intestine 0 0 0 0.1000417 0.1135259 -0.03431653 0.01693172 0.9992676 -0.9994109 0 -0.03432145
Brain Fetal-Liver 0 0 0 0.08735596 0.1656464 -0.2539085 0.6263164 0.7370605 -0.9454719 0 -0.3257038
Brain Fetal_Lung 0 0 0 0.1000417 0.1001585 -0.03431653 0.01693172 0.9992676 -0.9994109 0 -0.03432145
Brain Fetal_Stomache 0.003292695 0.03904544 0.01771157 0.08432981 0.1859064 -0.4505797 0.4979419 0.7409668 -0.8544257 0 -0.5195737
Brain Fetal_Kidney 0 0 0 0.1000417 0.03003541 -0.03431653 0.01693172 0.9992676 -0.9994109 0 -0.03432145
Brain Kidney 0.02676611 0.2880917 0.2288725 0.09290832 0.1169477 -0.8273259 0.1620431 0.5378418 -0.5450453 0 -0.8384066
Brain Liver 0.03006927 0.3001485 0.7446703 0.1001813 0.04037931 0.9139482 0.3517611 0.2023925 -0.2162106 0 0.9763467
Brain Lung 0.04738255 0.5420206 0.1347046 0.08741836 0.3517514 -0.6500251 0.1790187 0.7385254 -0.7506517 0 -0.6606982
Brain MammaryGland.Involution 0.04490145 0.438513 0.1226203 0.1023948 0.3661828 -0.870749 0.0742869 -0.486084 0.4874308 0 -0.8731616
Brain MammaryGland.Lactation 0 0 0 0.1000417 0.04248219 -0.03431653 0.01693172 0.9992676 -0.9994109 0 -0.03432145
Brain MammaryGland.Pregnancy 0.02385608 0.2432422 0.2507039 0.0980754 0.09515641 0.8018684 0.4818779 0.3532715 -0.4031683 0 0.9151258
Brain MammaryGland.Virgin 0.04410983 0.4283824 0.1736931 0.1029683 0.2539527 -0.5259146 0.5663887 -0.6345215 0.7699212 0 -0.6381388
Brain Mesenchymal-Stem-Cell-Cultured 0 0 0 0.1000417 0.02126136 -0.03431653 0.01693172 0.9992676 -0.9994109 0 -0.03432145
Brain Bone_Marrow_Mesenchyme 0 0 0 0.08655371 0.2236385 -0.5536234 0.4388299 0.7077637 -0.7876554 0 -0.616116
Brain Muscle 0.03789005 0.4258366 0.1154974 0.08897793 0.3280597 0.1562996 0.8167491 0.5554199 -0.9626113 0 0.2708865
Brain Neonatal-Calvaria 6.964502E-05 0.0006573652 0.0007904089 0.1059457 0.08811265 -0.8219627 0.3314869 -0.4631348 0.4908898 0 -0.8712217
Brain Neonatal-Heart 0 0 0 0.09142636 0.1990483 -0.7852139 0.03178525 0.6184082 -0.6187209 0 -0.7856109
Brain Neonatal-Muscle 0.05374265 0.511294 0.1476605 0.1051111 0.3639608 -0.8704078 0.4922572 0.008544893 -0.009816642 0 -0.9999518
Brain Neonatal-Rib 0.06954502 0.7547458 0.1733761 0.09214363 0.4011223 -0.7492541 0.4729397 0.4636231 -0.5261897 0 -0.8503672
Brain Neonatal-Skin 0 0 0 0.09440427 0.07507864 -0.2180506 0.1634182 0.9621582 -0.9752688 0 -0.2210218
Brain Ovary 0 0 0 0.1000417 0.1047971 -0.03431653 0.01693172 0.9992676 -0.9994109 0 -0.03432145
Brain Pancreas 0 0 0 0.09384783 0.1298555 -0.1059383 0.3307763 0.9377441 -0.9936792 0 -0.1122573
Brain Peripheral_Blood 0.01454997 0.1442394 0.08752254 0.1008738 0.1662425 -0.8193694 0.01752277 -0.572998 0.573086 0 -0.8194952
Brain Placenta 0.02453062 0.2476155 0.09063856 0.09906739 0.2706422 0.6885715 0.7170579 -0.1081543 0.1551682 0 0.9878881
Brain Prostate 0 0 0 0.1000417 0.00443001 -0.03431653 0.01693172 0.9992676 -0.9994109 0 -0.03432145
Brain Small-Intestine 0.0367739 0.3416212 0.1337346 0.1076452 0.2749768 -0.8877465 0.4183166 -0.1921387 0.2115363 0 -0.9773701
Brain Spleen 0.001178963 0.0117243 0.02275413 0.1005572 0.05181311 -0.638986 0.277216 -0.7175292 0.746798 0 -0.6650509
Brain Stomach 0 0 0 0.1000417 0.009461557 -0.03431653 0.01693172 0.9992676 -0.9994109 0 -0.03432145
Brain Testis 0 0 0 0.1000417 0.0689667 -0.03431653 0.01693172 0.9992676 -0.9994109 0 -0.03432145
Brain Thymus 0 0 0 0.1000417 0.01889537 -0.03431653 0.01693172 0.9992676 -0.9994109 0 -0.03432145
Brain Trophoblast-Stem-Cell 0 0 0 0.08743368 0.06183509 -0.4006758 0.4257755 0.8112793 -0.8966108 0 -0.4428194
Brain Uterus 0.02879395 0.3029422 0.09336887 0.09504764 0.3083891 0.3759543 0.8882605 0.263916 -0.5745548 0 0.8184661
Embryonic-Mesenchyme Embryonic-Stem-Cell 0 0 0 0.2463681 0.02578857 -0.03431653 0.01693172 0.9992676 -0.9994109 0 -0.03432145
Embryonic-Mesenchyme Fetal_Brain 0.003440513 0.01386441 0.2954254 0.2481543 0.01164596 -0.4535864 0.4524471 0.7678223 -0.8609888 0 -0.508624
Embryonic-Mesenchyme Fetal_Intestine 0.03121739 0.1195762 0.3076151 0.2610669 0.101482 -0.4816274 0.7766558 0.4060059 -0.6445304 0 -0.7645788
Embryonic-Mesenchyme Fetal-Liver 0.08361682 0.3060607 0.6011708 0.2732034 0.1390899 -0.3367673 0.8663158 0.3688965 -0.7385366 0 -0.6742134
Embryonic-Mesenchyme Fetal_Lung 0.03503545 0.1987543 0.3353918 0.1762752 0.1044612 -0.921174 0.01351751 -0.388916 0.3889515 0 -0.9212582
Embryonic-Mesenchyme Fetal_Stomache 0.1384535 0.5616906 0.8589156 0.2464942 0.1611957 0.0169663 0.1090042 0.9938965 -0.9998543 0 0.017068
Embryonic-Mesenchyme Fetal_Kidney 0 0 0 0.2463681 0.03003541 -0.03431653 0.01693172 0.9992676 -0.9994109 0 -0.03432145
Embryonic-Mesenchyme Kidney 0.02276692 0.1096394 0.1372656 0.2076527 0.1658603 0.8619642 0.4375255 0.2561036 -0.2848108 0 0.9585837
Embryonic-Mesenchyme Liver 0.0249214 0.1065 0.6175378 0.2340037 0.04035608 0.8006144 0.5265778 -0.2858887 0.3362895 0 0.9417587
Embryonic-Mesenchyme Lung 0.04886474 0.2901503 0.1071735 0.1684119 0.4559407 0.7772095 0.1053434 0.6203613 -0.6238324 0 0.7815582
Embryonic-Mesenchyme MammaryGland.Involution 0.1270771 0.6817387 0.3375821 0.1864014 0.3764331 0.6076496 0.005010491 0.7941895 -0.7941994 0 0.6076573
Embryonic-Mesenchyme MammaryGland.Lactation 0.01724885 0.07365727 0.3528294 0.2341771 0.04888722 0.23438 0.1128214 0.9655762 -0.9717807 0 0.2358861
Embryonic-Mesenchyme MammaryGland.Pregnancy 0.02634748 0.1252948 0.2768861 0.2102839 0.09515641 0.8018684 0.4818779 0.3532715 -0.4031683 0 0.9151258
Embryonic-Mesenchyme MammaryGland.Virgin 0.07702412 0.4562025 0.3027344 0.1688376 0.2544281 0.8055048 0.1354378 0.5769043 -0.5822694 0 0.8129959
Embryonic-Mesenchyme Mesenchymal-Stem-Cell-Cultured 0 0 0 0.2463681 0.02126136 -0.03431653 0.01693172 0.9992676 -0.9994109 0 -0.03432145
Embryonic-Mesenchyme Bone_Marrow_Mesenchyme 0.05132264 0.2078059 0.2510343 0.2469739 0.2044448 0.0862444 0.9309801 -0.3547364 0.9716945 0 0.2362408
Embryonic-Mesenchyme Muscle 0.1039059 0.6154191 0.3318531 0.1688376 0.3131081 0.8055048 0.1354378 0.5769043 -0.5822694 0 0.8129959
Embryonic-Mesenchyme Neonatal-Calvaria 0.01352667 0.08213104 0.1413457 0.1646962 0.09569923 0.8528498 0.126538 0.5065918 -0.5106969 0 0.8597608
Embryonic-Mesenchyme Neonatal-Heart 0.0235615 0.1510863 0.1199185 0.1559473 0.1964792 -0.6908644 0.3535969 -0.6306153 0.6741679 0 -0.7385781
Embryonic-Mesenchyme Neonatal-Muscle 0.1437048 0.921496 0.3862035 0.1559473 0.3720962 -0.6908644 0.3535969 -0.6306153 0.6741679 0 -0.7385781
Embryonic-Mesenchyme Neonatal-Rib 0.06166723 0.3744301 0.1386181 0.1646962 0.4448714 0.8528498 0.126538 0.5065918 -0.5106969 0 0.8597608
Embryonic-Mesenchyme Neonatal-Skin 0.01273821 0.05194037 0.3317209 0.2452468 0.03840038 0.3704263 0.9170428 -0.1477051 0.3703844 0 0.9288785
Embryonic-Mesenchyme Ovary 0.0306334 0.1377866 0.5735937 0.2223249 0.0534061 -0.3659588 0.7862993 -0.4978028 0.8057072 0 -0.5923141
Embryonic-Mesenchyme Pancreas 0.06116899 0.2778472 0.4541515 0.2201534 0.1346885 0.4162662 0.2338276 0.8786621 -0.9037148 0 0.4281349
Embryonic-Mesenchyme Peripheral_Blood 0.0349627 0.2238656 0.1992565 0.1561772 0.1754658 -0.7757705 0.1610866 -0.6101075 0.6181808 0 -0.7860359
Embryonic-Mesenchyme Placenta 0.09150714 0.462379 0.3606839 0.197905 0.2537045 0.8291088 0.3764795 0.41333 -0.446156 0 0.8949552
Embryonic-Mesenchyme Prostate 0 0 0 0.2463681 0.00443001 -0.03431653 0.01693172 0.9992676 -0.9994109 0 -0.03432145
Embryonic-Mesenchyme Small-Intestine 0.09655637 0.6269222 0.4491672 0.1540165 0.2149676 -0.8193694 0.01752277 -0.572998 0.573086 0 -0.8194952
Embryonic-Mesenchyme Spleen 0.00535008 0.03430697 0.1008216 0.1559473 0.05306482 -0.6908644 0.3535969 -0.6306153 0.6741679 0 -0.7385781
Embryonic-Mesenchyme Stomach 0 0 0 0.2463681 0.009461557 -0.03431653 0.01693172 0.9992676 -0.9994109 0 -0.03432145
Embryonic-Mesenchyme Testis 0 0 0 0.2418877 0.07090051 0.123305 0.3881031 0.9133301 -0.9910094 0 0.1337921
Embryonic-Mesenchyme Thymus 0 0 0 0.2463681 0.01889537 -0.03431653 0.01693172 0.9992676 -0.9994109 0 -0.03432145
Embryonic-Mesenchyme Trophoblast-Stem-Cell 0.02844665 0.1247459 0.4497009 0.2280367 0.06325682 -0.09268808 0.2525478 -0.9631348 0.9954013 0 -0.09579327
Embryonic-Mesenchyme Uterus 0.1271739 0.6804133 0.5671195 0.1869069 0.2242454 0.8499032 0.3046689 0.4299316 -0.4513916 0 0.8923259
Embryonic-Stem-Cell Fetal_Brain 0 0 0 0.02578857 0.016386 -0.03431653 0.01693172 0.9992676 -0.9994109 0 -0.03432145
Embryonic-Stem-Cell Fetal_Intestine 0 0 0 0.02578857 0.1135259 -0.03431653 0.01693172 0.9992676 -0.9994109 0 -0.03432145
Embryonic-Stem-Cell Fetal-Liver 0 0 0 0.02578857 0.216347 -0.03431653 0.01693172 0.9992676 -0.9994109 0 -0.03432145
Embryonic-Stem-Cell Fetal_Lung 0 0 0 0.02578857 0.1001585 -0.03431653 0.01693172 0.9992676 -0.9994109 0 -0.03432145
Embryonic-Stem-Cell Fetal_Stomache 0 0 0 0.02578857 0.165272 -0.03431653 0.01693172 0.9992676 -0.9994109 0 -0.03432145
Embryonic-Stem-Cell Fetal_Kidney 0 0 0 0.02476868 0.02197982 -0.2036511 0.1137582 0.9724121 -0.9787658 0 -0.2049817
Embryonic-Stem-Cell Kidney 0.002066297 0.07351884 0.01665655 0.02810567 0.1240531 0.8112907 0.1253597 -0.571045 0.5755855 0 0.8177416
Embryonic-Stem-Cell Liver 0 0 0 0.02578857 0.06097553 -0.03431653 0.01693172 0.9992676 -0.9994109 0 -0.03432145
Embryonic-Stem-Cell Lung 0.005509616 0.232312 0.01203965 0.02371645 0.4576226 0.6467048 0.2282642 0.7277832 -0.7475182 0 0.6642413
Embryonic-Stem-Cell MammaryGland.Involution 0.001641352 0.06041895 0.004490333 0.02716617 0.36553 0.9105859 0.244492 -0.3332519 0.3436822 0 0.939086
Embryonic-Stem-Cell MammaryGland.Lactation 0 0 0 0.02578857 0.04248219 -0.03431653 0.01693172 0.9992676 -0.9994109 0 -0.03432145
Embryonic-Stem-Cell MammaryGland.Pregnancy 0.00100321 0.0379464 0.007809589 0.02643756 0.1284588 0.91781 0.3192009 -0.236084 0.249116 0 0.9684736
Embryonic-Stem-Cell MammaryGland.Virgin 0.001022415 0.03730006 0.004180007 0.02741056 0.2445966 0.8880645 0.2201754 -0.4035644 0.4137169 0 0.9104056
Embryonic-Stem-Cell Mesenchymal-Stem-Cell-Cultured 0 0 0 0.02578857 0.02126136 -0.03431653 0.01693172 0.9992676 -0.9994109 0 -0.03432145
Embryonic-Stem-Cell Bone_Marrow_Mesenchyme 0.0007597234 0.02819203 0.004196397 0.02694816 0.1810418 0.8463787 0.3864631 -0.366455 0.3973253 0 0.9176778
Embryonic-Stem-Cell Muscle 0.00172888 0.06819388 0.005268781 0.02535242 0.3281367 0.05644158 0.06422738 0.9963379 -0.9983993 0 0.05655836
Embryonic-Stem-Cell Neonatal-Calvaria 0.008148976 0.3405096 0.09518732 0.02393171 0.08560988 0.8923963 0.4454681 0.0720215 -0.08044418 0 0.9967591
Embryonic-Stem-Cell Neonatal-Heart 0.0009996134 0.03695366 0.004860728 0.02705046 0.205651 0.6739088 0.08305895 0.7341309 -0.7366763 0 0.6762455
Embryonic-Stem-Cell Neonatal-Muscle 0.005600774 0.2106369 0.01261331 0.02658972 0.4440369 -0.5536234 0.4388299 0.7077637 -0.7876554 0 -0.616116
Embryonic-Stem-Cell Neonatal-Rib 0.01452804 0.3912595 0.03220921 0.03713147 0.4510524 -0.3526624 0.363979 -0.8620606 0.9255465 0 -0.378634
Embryonic-Stem-Cell Neonatal-Skin 0 0 0 0.02578857 0.08375925 -0.03431653 0.01693172 0.9992676 -0.9994109 0 -0.03432145
Embryonic-Stem-Cell Ovary 0 0 0 0.02578857 0.1047971 -0.03431653 0.01693172 0.9992676 -0.9994109 0 -0.03432145
Embryonic-Stem-Cell Pancreas 0 0 0 0.02578857 0.1415802 -0.03431653 0.01693172 0.9992676 -0.9994109 0 -0.03432145
Embryonic-Stem-Cell Peripheral_Blood 0 0 0 0.02578857 0.2376874 -0.03431653 0.01693172 0.9992676 -0.9994109 0 -0.03432145
Embryonic-Stem-Cell Placenta 9.404423E-05 0.004429518 0.0003435605 0.02123125 0.2737341 0.4654669 0.336495 0.8186035 -0.8692963 0 0.4942914
Embryonic-Stem-Cell Prostate 0 0 0 0.02578857 0.00443001 -0.03431653 0.01693172 0.9992676 -0.9994109 0 -0.03432145
Embryonic-Stem-Cell Small-Intestine 0.0002674039 0.01142391 0.001155438 0.02340738 0.2314308 0.4692509 0.2328714 0.8518066 -0.8758869 0 0.4825164
Embryonic-Stem-Cell Spleen 0 0 0 0.02578857 0.04097946 -0.03431653 0.01693172 0.9992676 -0.9994109 0 -0.03432145
Embryonic-Stem-Cell Stomach 0 0 0 0.02578857 0.009461557 -0.03431653 0.01693172 0.9992676 -0.9994109 0 -0.03432145
Embryonic-Stem-Cell Testis 0 0 0 0.02722208 0.0428905 0.5880368 0.08416376 0.8044434 -0.8073078 0 0.5901307
Embryonic-Stem-Cell Thymus 0 0 0 0.02578857 0.01889537 -0.03431653 0.01693172 0.9992676 -0.9994109 0 -0.03432145
Embryonic-Stem-Cell Trophoblast-Stem-Cell 0 0 0 0.02578857 0.06465857 -0.03431653 0.01693172 0.9992676 -0.9994109 0 -0.03432145
Embryonic-Stem-Cell Uterus 0.0008413615 0.03163 0.003137679 0.02660011 0.2681477 0.8729863 0.3654684 -0.322998 0.3470024 0 0.9378642
Fetal_Brain Fetal_Intestine 0 0 0 0.016386 0.1135259 -0.03431653 0.01693172 0.9992676 -0.9994109 0 -0.03432145
Fetal_Brain Fetal-Liver 0 0 0 0.01324601 0.1734069 -0.1794031 0.5374759 0.8239746 -0.9771079 0 -0.2127446
Fetal_Brain Fetal_Lung 0 0 0 0.016386 0.1001585 -0.03431653 0.01693172 0.9992676 -0.9994109 0 -0.03432145
Fetal_Brain Fetal_Stomache 0.002630191 0.3515144 0.01196619 0.007482457 0.2198019 -0.5161462 0.7759842 0.3625488 -0.5747879 0 -0.8183025
Fetal_Brain Fetal_Kidney 0 0 0 0.016386 0.03003541 -0.03431653 0.01693172 0.9992676 -0.9994109 0 -0.03432145
Fetal_Brain Kidney 0.0006425281 0.03144529 0.003589546 0.02043321 0.1789998 0.358859 0.2264027 0.9055176 -0.9296573 0 0.3684256
Fetal_Brain Liver 0.003177144 0.2604988 0.03434381 0.01219639 0.09250996 -0.2307896 0.6650902 0.7102051 -0.9510447 0 -0.3090533
Fetal_Brain Lung 0.007320508 1 0.01583578 0.007320508 0.4622765 -0.5465135 0.7996448 0.2487793 -0.4143054 0 -0.9101379
Fetal_Brain MammaryGland.Involution 0.002182906 0.1686438 0.006348157 0.01294388 0.3438645 -0.593954 0.7176823 -0.3635254 0.5220286 0 -0.852928
Fetal_Brain MammaryGland.Lactation 0 0 0 0.016386 0.04248219 -0.03431653 0.01693172 0.9992676 -0.9994109 0 -0.03432145
Fetal_Brain MammaryGland.Pregnancy 0 0 0 0.02345158 0.1438093 0.6600751 0.02648859 0.7507324 -0.750996 0 0.6603068
Fetal_Brain MammaryGland.Virgin 0.005143034 0.302794 0.02306134 0.01698526 0.2230154 -0.2275589 0.4114488 -0.8825683 0.9683306 0 -0.2496715
Fetal_Brain Mesenchymal-Stem-Cell-Cultured 0 0 0 0.016386 0.02126136 -0.03431653 0.01693172 0.9992676 -0.9994109 0 -0.03432145
Fetal_Brain Bone_Marrow_Mesenchyme 0 0 0 0.01747043 0.2734071 0.1398998 0.3400812 0.9299316 -0.9888723 0 0.1487669
Fetal_Brain Muscle 0 0 0 0.02172014 0.3287862 0.1909757 0.7422501 0.642334 -0.9585317 0 0.284986
Fetal_Brain Neonatal-Calvaria 0 0 0 0.02244938 0.1079576 0.6076496 0.005010491 0.7941895 -0.7941994 0 0.6076573
Fetal_Brain Neonatal-Heart 0 0 0 0.02244938 0.2117713 0.6076496 0.005010491 0.7941895 -0.7941994 0 0.6076573
Fetal_Brain Neonatal-Muscle 0.00204743 0.2547274 0.005939899 0.008037729 0.344691 -0.5280538 0.8422956 0.1081544 -0.2006515 0 -0.9796627
Fetal_Brain Neonatal-Rib 0.002449542 0.1021794 0.005514011 0.02397296 0.4442396 0.5212047 0.6638112 -0.536377 0.7171773 0 0.6968908
Fetal_Brain Neonatal-Skin 0 0 0 0.01770992 0.08902182 0.1710274 0.1756515 0.9694824 -0.9847935 0 0.1737285
Fetal_Brain Ovary 0 0 0 0.016386 0.1047971 -0.03431653 0.01693172 0.9992676 -0.9994109 0 -0.03432145
Fetal_Brain Pancreas 0 0 0 0.01598456 0.1220296 -0.03449543 0.2367942 0.9709473 -0.9993695 0 -0.03550521
Fetal_Brain Peripheral_Blood 0 0 0 0.01966923 0.2172669 0.2450287 0.3779277 0.8928223 -0.9643426 0 0.264657
Fetal_Brain Placenta 0.0005168387 0.06173956 0.001708051 0.008371272 0.3025898 -0.4431272 0.8415803 0.308838 -0.5717823 0 -0.8204054
Fetal_Brain Prostate 0 0 0 0.016386 0.00443001 -0.03431653 0.01693172 0.9992676 -0.9994109 0 -0.03432145
Fetal_Brain Small-Intestine 0.001945166 0.2610092 0.005104342 0.007452483 0.3810807 -0.5386219 0.8234294 0.1784668 -0.3145241 0 -0.9492495
Fetal_Brain Spleen 0 0 0 0.016386 0.04097946 -0.03431653 0.01693172 0.9992676 -0.9994109 0 -0.03432145
Fetal_Brain Stomach 0 0 0 0.016386 0.009461557 -0.03431653 0.01693172 0.9992676 -0.9994109 0 -0.03432145
Fetal_Brain Testis 0 0 0 0.016386 0.0689667 -0.03431653 0.01693172 0.9992676 -0.9994109 0 -0.03432145
Fetal_Brain Thymus 0 0 0 0.016386 0.01889537 -0.03431653 0.01693172 0.9992676 -0.9994109 0 -0.03432145
Fetal_Brain Trophoblast-Stem-Cell 0 0 0 0.01806795 0.06582465 0.2224071 0.1744011 0.9592285 -0.9741578 0 0.2258686
Fetal_Brain Uterus 0 0 0 0.02358959 0.2860764 0.2913826 0.7180327 0.6320801 -0.9081488 0 0.4186475
Fetal_Intestine Fetal-Liver 0.0340408 0.3475376 0.2447395 0.09794853 0.1390899 -0.3367673 0.8663158 0.3688965 -0.7385366 0 -0.6742134
Fetal_Intestine Fetal_Lung 0.0334768 0.3371775 0.5121936 0.09928539 0.06535966 -0.409431 0.8415786 0.352295 -0.6522354 0 -0.7580165
Fetal_Intestine Fetal_Stomache 0.01536901 0.1545396 0.07489318 0.09945031 0.2052124 -0.441782 0.731206 0.5197754 -0.761959 0 -0.6476254
Fetal_Intestine Fetal_Kidney 0 0 0 0.1135259 0.03003541 -0.03431653 0.01693172 0.9992676 -0.9994109 0 -0.03432145
Fetal_Intestine Kidney 0 0 0 0.1135259 0.166235 -0.03431653 0.01693172 0.9992676 -0.9994109 0 -0.03432145
Fetal_Intestine Liver 0 0 0 0.1135259 0.06097553 -0.03431653 0.01693172 0.9992676 -0.9994109 0 -0.03432145
Fetal_Intestine Lung 0.02040952 0.2073779 0.04364321 0.09841706 0.4676448 -0.139706 0.9901677 0.007080094 -0.05061357 0 -0.9987183
Fetal_Intestine MammaryGland.Involution 0.02356032 0.1881821 0.06522134 0.1251996 0.3612364 -0.9087644 0.09008268 0.4074707 -0.4091341 0 -0.9124743
Fetal_Intestine MammaryGland.Lactation 0.007475669 0.08461501 0.1024906 0.0883492 0.07294006 0.02749461 0.7712104 0.6359863 -0.9990668 0 0.04319112
Fetal_Intestine MammaryGland.Pregnancy 1.159479E-05 9.957207E-05 0.0001157126 0.1164462 0.1002034 0.7364487 0.6442702 0.2062989 -0.2697429 0 0.9629323
Fetal_Intestine MammaryGland.Virgin 0.01921708 0.2087721 0.05876086 0.09204809 0.3270388 0.1642103 0.9266605 -0.3381348 0.8995359 0 0.4368468
Fetal_Intestine Mesenchymal-Stem-Cell-Cultured 0 0 0 0.1135259 0.02126136 -0.03431653 0.01693172 0.9992676 -0.9994109 0 -0.03432145
Fetal_Intestine Bone_Marrow_Mesenchyme 0.02254073 0.2474086 0.1101816 0.09110733 0.2045779 0.038936 0.9439164 -0.3278808 0.9930229 0 0.1179219
Fetal_Intestine Muscle 0.04882093 0.530475 0.1191723 0.09203248 0.4096669 0.00869377 0.9284571 -0.371338 0.9997261 0 0.0234056
Fetal_Intestine Neonatal-Calvaria 0 0 0 0.1118567 0.1228132 -0.1226607 0.08250041 0.9890137 -0.9923967 0 -0.1230802
Fetal_Intestine Neonatal-Heart 0.004007778 0.04398963 0.01807898 0.09110733 0.2216816 0.038936 0.9439164 -0.3278808 0.9930229 0 0.1179219
Fetal_Intestine Neonatal-Muscle 0.06997339 0.5732049 0.1712529 0.122074 0.4085968 0.8527418 0.1486557 -0.5007324 0.5063586 0 0.862323
Fetal_Intestine Neonatal-Rib 0.02084472 0.2117998 0.05068149 0.09841706 0.4112886 -0.139706 0.9901677 0.007080094 -0.05061357 0 -0.9987183
Fetal_Intestine Neonatal-Skin 0.003245489 0.03540753 0.08685436 0.09166098 0.03736702 0.02119813 0.9660275 -0.2575683 0.9966303 0 0.08202369
Fetal_Intestine Ovary 0.02551071 0.2494441 0.5207337 0.1022703 0.04898994 -0.3118843 0.8761975 -0.3674317 0.7623821 0 -0.6471272
Fetal_Intestine Pancreas 0.02045264 0.1772742 0.1689783 0.1153729 0.1210371 0.01518935 0.2113384 0.9772949 -0.9998792 0 0.01554036
Fetal_Intestine Peripheral_Blood 0.0121604 0.1334733 0.04434354 0.09110733 0.2742316 0.038936 0.9439164 -0.3278808 0.9930229 0 0.1179219
Fetal_Intestine Placenta 0.01001767 0.1080962 0.03883716 0.09267366 0.2579404 0.132208 0.9148272 -0.3815918 0.9448953 0 0.3273726
Fetal_Intestine Prostate 0 0 0 0.1135259 0.00443001 -0.03431653 0.01693172 0.9992676 -0.9994109 0 -0.03432145
Fetal_Intestine Small-Intestine 0.04210316 0.4496688 0.09615372 0.09363148 0.4378734 0.1277896 0.9917104 -0.01342773 0.1045016 0 0.9945248
Fetal_Intestine Spleen 0 0 0 0.1135259 0.04097946 -0.03431653 0.01693172 0.9992676 -0.9994109 0 -0.03432145
Fetal_Intestine Stomach 0 0 0 0.1135259 0.009461557 -0.03431653 0.01693172 0.9992676 -0.9994109 0 -0.03432145
Fetal_Intestine Testis 0 0 0 0.1135259 0.0689667 -0.03431653 0.01693172 0.9992676 -0.9994109 0 -0.03432145
Fetal_Intestine Thymus 0 0 0 0.1135259 0.01889537 -0.03431653 0.01693172 0.9992676 -0.9994109 0 -0.03432145
Fetal_Intestine Trophoblast-Stem-Cell 0 0 0 0.1135259 0.06465857 -0.03431653 0.01693172 0.9992676 -0.9994109 0 -0.03432145
Fetal_Intestine Uterus 0.06158579 0.7217088 0.2220806 0.0853333 0.2773127 0.003039747 0.8055432 0.5925293 -0.9999868 0 0.005130053
Fetal-Liver Fetal_Lung 0.02135078 0.1535034 0.3403247 0.1390899 0.06273651 -0.3367673 0.8663158 0.3688965 -0.7385366 0 -0.6742134
Fetal-Liver Fetal_Stomache 0.06653721 0.3984786 0.3348642 0.1669781 0.1986991 -0.1758396 0.9732747 0.147705 -0.6431914 0 -0.7657055
Fetal-Liver Fetal_Kidney 0 0 0 0.216347 0.03003541 -0.03431653 0.01693172 0.9992676 -0.9994109 0 -0.03432145
Fetal-Liver Kidney 0 0 0 0.1934203 0.1528604 -0.105826 0.196116 0.9748535 -0.9941594 0 -0.1079217
Fetal-Liver Liver 0 0 0 0.1772104 0.07932965 -0.19514 0.379112 0.904541 -0.9775115 0 -0.2108822
Fetal-Liver Lung 0.129532 0.9707154 0.2789463 0.1334397 0.4643618 -0.5161462 0.7759842 0.3625488 -0.5747879 0 -0.8183025
Fetal-Liver MammaryGland.Involution 0.1027436 0.4525719 0.2584455 0.2270216 0.3975446 0.6739088 0.08305895 0.7341309 -0.7366763 0 0.6762455
Fetal-Liver MammaryGland.Lactation 0.01209738 0.06979699 0.1440815 0.1733223 0.08396205 0.6988637 0.6761867 0.2331543 -0.3164718 0 0.9486019
Fetal-Liver MammaryGland.Pregnancy 0 0 0 0.1727865 0.1699516 -0.2427395 0.4951165 0.8342285 -0.9601784 0 -0.2793878
Fetal-Liver MammaryGland.Virgin 0.066404 0.3697009 0.1934392 0.1796155 0.3432809 0.5734559 0.7567877 0.3137207 -0.4799443 0 0.877299
Fetal-Liver Mesenchymal-Stem-Cell-Cultured 0 0 0 0.216347 0.02126136 -0.03431653 0.01693172 0.9992676 -0.9994109 0 -0.03432145
Fetal-Liver Bone_Marrow_Mesenchyme 0.1048192 0.705649 0.4699481 0.148543 0.2230442 -0.4357999 0.8678618 0.2385255 -0.4801182 0 -0.8772038
Fetal-Liver Muscle 0.1284284 0.6271902 0.4287383 0.2047678 0.2995495 -0.8996198 0.2105367 -0.3825683 0.3913398 0 -0.9202462
Fetal-Liver Neonatal-Calvaria 0 0 0 0.1741017 0.1076518 -0.2468787 0.4445057 0.861084 -0.9612715 0 -0.2756031
Fetal-Liver Neonatal-Heart 0.08581081 0.5181183 0.4293284 0.1656201 0.1998722 0.8698965 0.4384984 -0.2258301 0.2512763 0 0.9679154
Fetal-Liver Neonatal-Muscle 0.08215373 0.3870825 0.2275487 0.2122383 0.361038 -0.3858955 0.882067 -0.2702637 0.5736573 0 -0.8190954
Fetal-Liver Neonatal-Rib 0.03378746 0.1458137 0.08226638 0.2317166 0.4107081 -0.5609559 0.7050626 -0.4338379 0.6117759 0 -0.7910311
Fetal-Liver Neonatal-Skin 0.03405887 0.2114583 0.7099534 0.1610666 0.04797338 -0.6976079 0.7092099 0.1018067 -0.1444072 0 -0.9895183
Fetal-Liver Ovary 0.02348364 0.1759869 0.3173391 0.1334397 0.07400172 -0.5161462 0.7759842 0.3625488 -0.5747879 0 -0.8183025
Fetal-Liver Pancreas 0.06517716 0.4239253 0.5498783 0.1537468 0.1185301 -0.5953505 0.184557 0.7819824 -0.7956502 0 -0.6057563
Fetal-Liver Peripheral_Blood 0.07264947 0.4391163 0.3493503 0.1654447 0.2079559 0.8241363 0.5603839 0.08227534 -0.0993384 0 0.9950537
Fetal-Liver Placenta 0.11157 0.7304971 0.4236887 0.1527317 0.2633302 -0.7864031 0.5636668 0.2526855 -0.3059138 0 -0.9520592
Fetal-Liver Prostate 0 0 0 0.216347 0.00443001 -0.03431653 0.01693172 0.9992676 -0.9994109 0 -0.03432145
Fetal-Liver Small-Intestine 0.06514952 0.4225155 0.2698737 0.1541944 0.2414075 -0.5769202 0.2675785 0.7717285 -0.8009337 0 -0.598753
Fetal-Liver Spleen 0.001937101 0.01093007 0.0498759 0.1772267 0.03883841 0.4021066 0.07695094 -0.9123535 0.9150668 0 0.4033024
Fetal-Liver Stomach 0 0 0 0.216347 0.009461557 -0.03431653 0.01693172 0.9992676 -0.9994109 0 -0.03432145
Fetal-Liver Testis 0 0 0 0.2141932 0.06818033 -0.01288601 0.06498964 0.9978027 -0.9999166 0 -0.01291331
Fetal-Liver Thymus 0 0 0 0.216347 0.01889537 -0.03431653 0.01693172 0.9992676 -0.9994109 0 -0.03432145
Fetal-Liver Trophoblast-Stem-Cell 0.01441515 0.08857979 0.1754868 0.1627363 0.08214378 0.9912576 0.1237902 -0.04565432 0.0460082 0 0.9989411
Fetal-Liver Uterus 0.07273884 0.4469736 0.3466651 0.1627363 0.2098245 0.9912576 0.1237902 -0.04565432 0.0460082 0 0.9989411
Fetal_Lung Fetal_Stomache 0.03185456 0.4158446 0.1436108 0.07660207 0.2218117 -0.07449497 0.8618228 -0.5017089 0.9891555 0 -0.1468722
Fetal_Lung Fetal_Kidney 0 0 0 0.1001585 0.03003541 -0.03431653 0.01693172 0.9992676 -0.9994109 0 -0.03432145
Fetal_Lung Kidney 0 0 0 0.1001585 0.166235 -0.03431653 0.01693172 0.9992676 -0.9994109 0 -0.03432145
Fetal_Lung Liver 0 0 0 0.1001585 0.06097553 -0.03431653 0.01693172 0.9992676 -0.9994109 0 -0.03432145
Fetal_Lung Lung 0.03030645 0.470848 0.06360295 0.06436567 0.4764944 -0.2031419 0.8149745 0.5427246 -0.9365445 0 -0.3505487
Fetal_Lung MammaryGland.Involution 0.0330772 0.4804699 0.07595538 0.06884344 0.435482 -0.006008167 0.9999769 -0.003173867 0.4670912 0 -0.8842092
Fetal_Lung MammaryGland.Lactation 0.004554631 0.0518492 0.1108772 0.0878438 0.04107814 0.6204634 0.05940288 -0.7819824 0.7833657 0 0.6215611
Fetal_Lung MammaryGland.Pregnancy 0 0 0 0.07345502 0.1573366 -0.3525499 0.6460472 0.677002 -0.8869438 0 -0.4618775
Fetal_Lung MammaryGland.Virgin 0.01442564 0.2035169 0.04516853 0.07088179 0.3193736 0.132208 0.9148272 -0.3815918 0.9448953 0 0.3273726
Fetal_Lung Mesenchymal-Stem-Cell-Cultured 0 0 0 0.1001585 0.02126136 -0.03431653 0.01693172 0.9992676 -0.9994109 0 -0.03432145
Fetal_Lung Bone_Marrow_Mesenchyme 0.01859692 0.2659013 0.09152585 0.0699392 0.2031877 0.05252966 0.9753958 -0.2141113 0.9711985 0 0.238272
Fetal_Lung Muscle 0.02838589 0.4140531 0.07368687 0.06855615 0.3852232 -0.06939369 0.9935133 -0.09008794 0.7922189 0 -0.610237
Fetal_Lung Neonatal-Calvaria 0 0 0 0.09705725 0.1241955 -0.1153257 0.02846082 0.9929199 -0.9933223 0 -0.1153724
Fetal_Lung Neonatal-Heart 0.002743839 0.03863686 0.01242164 0.0710161 0.2208918 -0.03921622 0.9379733 -0.3444824 0.9935824 0 -0.1131104
Fetal_Lung Neonatal-Muscle 0.03664275 0.403536 0.08424142 0.09080417 0.4349731 0.8053408 0.5522257 -0.2155762 0.2585793 0 0.96599
Fetal_Lung Neonatal-Rib 0.02951252 0.4585133 0.07980064 0.06436567 0.3698281 -0.2031419 0.8149745 0.5427246 -0.9365445 0 -0.3505487
Fetal_Lung Neonatal-Skin 9.597828E-05 0.00156121 0.001947428 0.06147686 0.04928464 -0.3028654 0.8592073 0.4123535 -0.805964 0 -0.5919645
Fetal_Lung Ovary 0.02268072 0.3364424 0.4357182 0.0674134 0.05205365 -0.08888455 0.9958456 -0.01977534 0.2171734 0 -0.976133
Fetal_Lung Pancreas 0.01565865 0.1555087 0.1293707 0.100693 0.1210371 0.01518935 0.2113384 0.9772949 -0.9998792 0 0.01554036
Fetal_Lung Peripheral_Blood 0.01053235 0.1483093 0.03890933 0.0710161 0.2706895 -0.03921622 0.9379733 -0.3444824 0.9935824 0 -0.1131104
Fetal_Lung Placenta 0.007477293 0.1054896 0.02898846 0.07088179 0.2579404 0.132208 0.9148272 -0.3815918 0.9448953 0 0.3273726
Fetal_Lung Prostate 0 0 0 0.1001585 0.00443001 -0.03431653 0.01693172 0.9992676 -0.9994109 0 -0.03432145
Fetal_Lung Small-Intestine 0.03465502 0.4176295 0.1149491 0.0829803 0.3014815 0.5238153 0.306765 -0.7946777 0.8349339 0 0.5503502
Fetal_Lung Spleen 0 0 0 0.1001585 0.04097946 -0.03431653 0.01693172 0.9992676 -0.9994109 0 -0.03432145
Fetal_Lung Stomach 0 0 0 0.1001585 0.009461557 -0.03431653 0.01693172 0.9992676 -0.9994109 0 -0.03432145
Fetal_Lung Testis 0 0 0 0.1009866 0.06818033 -0.01288601 0.06498964 0.9978027 -0.9999166 0 -0.01291331
Fetal_Lung Thymus 0 0 0 0.1001585 0.01889537 -0.03431653 0.01693172 0.9992676 -0.9994109 0 -0.03432145
Fetal_Lung Trophoblast-Stem-Cell 0 0 0 0.1001585 0.06465857 -0.03431653 0.01693172 0.9992676 -0.9994109 0 -0.03432145
Fetal_Lung Uterus 0.02997433 0.3265204 0.1094026 0.09179925 0.273982 0.8241363 0.5603839 0.08227534 -0.0993384 0 0.9950537
Fetal_Stomache Fetal_Kidney 0 0 0 0.165272 0.03003541 -0.03431653 0.01693172 0.9992676 -0.9994109 0 -0.03432145
Fetal_Stomache Kidney 0 0 0 0.165272 0.166235 -0.03431653 0.01693172 0.9992676 -0.9994109 0 -0.03432145
Fetal_Stomache Liver 0 0 0 0.165272 0.06097553 -0.03431653 0.01693172 0.9992676 -0.9994109 0 -0.03432145
Fetal_Stomache Lung 0.08398134 0.4160246 0.1842736 0.2018663 0.4557427 0.8018684 0.4818779 0.3532715 -0.4031683 0 0.9151258
Fetal_Stomache MammaryGland.Involution 0.1116657 0.5531666 0.2487539 0.2018663 0.4489003 0.8018684 0.4818779 0.3532715 -0.4031683 0 0.9151258
Fetal_Stomache MammaryGland.Lactation 0.02367795 0.1462061 0.5727927 0.1619492 0.04133773 0.01518935 0.2113384 0.9772949 -0.9998792 0 0.01554036
Fetal_Stomache MammaryGland.Pregnancy 0.001335785 0.006900965 0.01342716 0.1935649 0.09948377 0.6988637 0.6761867 0.2331543 -0.3164718 0 0.9486019
Fetal_Stomache MammaryGland.Virgin 0.06295568 0.3281362 0.284126 0.1918584 0.2215766 -0.139226 0.5358366 -0.8327636 0.9863108 0 -0.1648969
Fetal_Stomache Mesenchymal-Stem-Cell-Cultured 0 0 0 0.165272 0.02126136 -0.03431653 0.01693172 0.9992676 -0.9994109 0 -0.03432145
Fetal_Stomache Bone_Marrow_Mesenchyme 0.07872446 0.3561499 0.3906855 0.2210431 0.2015034 0.07000765 0.9561391 -0.2844238 0.9710183 0 0.239005
Fetal_Stomache Muscle 0.106586 0.6041146 0.3361175 0.1764334 0.3171093 -0.08044404 0.8831413 0.4621582 -0.9851871 0 -0.1714833
Fetal_Stomache Neonatal-Calvaria 0.0001506856 0.000779802 0.002081341 0.1932358 0.07239836 0.6401166 0.7681991 -0.01098627 0.01716039 0 0.9998527
Fetal_Stomache Neonatal-Heart 0.0426399 0.2173629 0.2010442 0.1961692 0.2120921 -0.1779872 0.5646526 -0.8059082 0.9764694 0 -0.2156561
Fetal_Stomache Neonatal-Muscle 0.1330289 0.7807614 0.2926572 0.1703836 0.4545555 0.4350219 0.4403432 0.7854004 -0.8747767 0 0.4845262
Fetal_Stomache Neonatal-Rib 0.1154788 0.653258 0.3199894 0.1767737 0.3608832 -0.1234356 0.8634983 0.4890137 -0.9695885 0 -0.2447412
Fetal_Stomache Neonatal-Skin 0.01335877 0.06035956 0.3372495 0.22132 0.03961096 -0.2369422 0.9421574 -0.2370606 0.7072834 0 -0.7069302
Fetal_Stomache Ovary 0.01233418 0.05982613 0.2276815 0.2061671 0.05417296 -0.05710969 0.998087 0.02368165 -0.3830429 0 -0.9237305
Fetal_Stomache Pancreas 0.03559543 0.2197938 0.294087 0.1619492 0.1210371 0.01518935 0.2113384 0.9772949 -0.9998792 0 0.01554036
Fetal_Stomache Peripheral_Blood 0.04112191 0.2405205 0.1779934 0.1709705 0.2310306 -0.06470911 0.8149356 0.5759277 -0.9937472 0 -0.1116538
Fetal_Stomache Placenta 0.05563418 0.251616 0.2156862 0.2211075 0.2579404 0.132208 0.9148272 -0.3815918 0.9448953 0 0.3273726
Fetal_Stomache Prostate 0 0 0 0.165272 0.00443001 -0.03431653 0.01693172 0.9992676 -0.9994109 0 -0.03432145
Fetal_Stomache Small-Intestine 0.08319741 0.5137254 0.3769311 0.1619492 0.2207231 0.01518935 0.2113384 0.9772949 -0.9998792 0 0.01554036
Fetal_Stomache Spleen 0 0 0 0.165272 0.04097946 -0.03431653 0.01693172 0.9992676 -0.9994109 0 -0.03432145
Fetal_Stomache Stomach 0 0 0 0.165272 0.009461557 -0.03431653 0.01693172 0.9992676 -0.9994109 0 -0.03432145
Fetal_Stomache Testis 0 0 0 0.165272 0.0689667 -0.03431653 0.01693172 0.9992676 -0.9994109 0 -0.03432145
Fetal_Stomache Thymus 0 0 0 0.165272 0.01889537 -0.03431653 0.01693172 0.9992676 -0.9994109 0 -0.03432145
Fetal_Stomache Trophoblast-Stem-Cell 0.01393454 0.07262928 0.2341234 0.1918584 0.05951791 -0.139226 0.5358366 -0.8327636 0.9863108 0 -0.1648969
Fetal_Stomache Uterus 0.1024128 0.507471 0.4364693 0.2018102 0.2346393 -0.284698 0.9192991 0.2717285 -0.6904376 0 -0.723392
Fetal_Kidney Kidney 0.006882644 1 0.05896568 0.006882644 0.1167229 -0.5963449 0.01955031 0.8024902 -0.8026436 0 -0.5964589
Fetal_Kidney Liver 0 0 0 0.03003541 0.06097553 -0.03431653 0.01693172 0.9992676 -0.9994109 0 -0.03432145
Fetal_Kidney Lung 0 0 0 0.02995975 0.3943033 -0.01288601 0.06498964 0.9978027 -0.9999166 0 -0.01291331
Fetal_Kidney MammaryGland.Involution 0.001299104 0.0506308 0.003499813 0.02565837 0.3711924 -0.03449543 0.2367942 0.9709473 -0.9993695 0 -0.03550521
Fetal_Kidney MammaryGland.Lactation 0 0 0 0.03003541 0.04248219 -0.03431653 0.01693172 0.9992676 -0.9994109 0 -0.03432145
Fetal_Kidney MammaryGland.Pregnancy 0.005626518 0.7347783 0.03382168 0.007657437 0.1663583 0.6435109 0.009261083 -0.7653809 0.7654137 0 0.6435385
Fetal_Kidney MammaryGland.Virgin 0.0007200029 0.09402663 0.002435891 0.007657437 0.2955809 0.6435109 0.009261083 -0.7653809 0.7654137 0 0.6435385
Fetal_Kidney Mesenchymal-Stem-Cell-Cultured 0 0 0 0.03003541 0.02126136 -0.03431653 0.01693172 0.9992676 -0.9994109 0 -0.03432145
Fetal_Kidney Bone_Marrow_Mesenchyme 0 0 0 0.03003541 0.2641216 -0.03431653 0.01693172 0.9992676 -0.9994109 0 -0.03432145
Fetal_Kidney Muscle 0 0 0 0.03003541 0.3263401 -0.03431653 0.01693172 0.9992676 -0.9994109 0 -0.03432145
Fetal_Kidney Neonatal-Calvaria 0 0 0 0.01100531 0.118063 -0.4880287 0.006581897 0.8728027 -0.8728217 0 -0.4880393
Fetal_Kidney Neonatal-Heart 0 0 0 0.02756433 0.2226031 -0.0522557 0.1195248 0.9914551 -0.9986139 0 -0.05263302
Fetal_Kidney Neonatal-Muscle 0.006384055 0.9275585 0.01436083 0.006882644 0.4445464 -0.5963449 0.01955031 0.8024902 -0.8026436 0 -0.5964589
Fetal_Kidney Neonatal-Rib 0.002474991 0.06515816 0.005033256 0.03798436 0.4917277 -0.1747123 0.0008545975 -0.9846191 0.9846195 0 -0.1747124
Fetal_Kidney Neonatal-Skin 0 0 0 0.03003541 0.08375925 -0.03431653 0.01693172 0.9992676 -0.9994109 0 -0.03432145
Fetal_Kidney Ovary 0 0 0 0.03003541 0.1047971 -0.03431653 0.01693172 0.9992676 -0.9994109 0 -0.03432145
Fetal_Kidney Pancreas 0 0 0 0.03003541 0.1415802 -0.03431653 0.01693172 0.9992676 -0.9994109 0 -0.03432145
Fetal_Kidney Peripheral_Blood 0 0 0 0.03003541 0.2376874 -0.03431653 0.01693172 0.9992676 -0.9994109 0 -0.03432145
Fetal_Kidney Placenta 0 0 0 0.02827374 0.2874949 -0.009749388 0.1570104 0.9875488 -0.9999513 0 -0.009871829
Fetal_Kidney Prostate 0 0 0 0.03003541 0.00443001 -0.03431653 0.01693172 0.9992676 -0.9994109 0 -0.03432145
Fetal_Kidney Small-Intestine 0 0 0 0.03003541 0.2341587 -0.03431653 0.01693172 0.9992676 -0.9994109 0 -0.03432145
Fetal_Kidney Spleen 0 0 0 0.03003541 0.04097946 -0.03431653 0.01693172 0.9992676 -0.9994109 0 -0.03432145
Fetal_Kidney Stomach 0 0 0 0.03003541 0.009461557 -0.03431653 0.01693172 0.9992676 -0.9994109 0 -0.03432145
Fetal_Kidney Testis 0.003312418 0.2450578 0.04040819 0.01351688 0.08197394 0.6907889 0.175574 -0.7014161 0.7124836 0 0.7016888
Fetal_Kidney Thymus 0 0 0 0.03003541 0.01889537 -0.03431653 0.01693172 0.9992676 -0.9994109 0 -0.03432145
Fetal_Kidney Trophoblast-Stem-Cell 0 0 0 0.03003541 0.06465857 -0.03431653 0.01693172 0.9992676 -0.9994109 0 -0.03432145
Fetal_Kidney Uterus 0.002659092 0.3472562 0.007285059 0.007657437 0.3650062 0.6435109 0.009261083 -0.7653809 0.7654137 0 0.6435385
Kidney Liver 0.01540677 0.1119725 0.2911856 0.1375943 0.05291047 0.9330035 0.170988 -0.3166504 0.3213834 0 0.9469492
Kidney Lung 0.04122927 0.2118316 0.08989871 0.1946323 0.4586192 -0.05710969 0.998087 0.02368165 -0.3830429 0 -0.9237305
Kidney MammaryGland.Involution 0.03846852 0.2138866 0.08592249 0.1798547 0.4477118 0.212586 0.9602497 -0.1809082 0.6480854 0 0.7615677
Kidney MammaryGland.Lactation 0 0 0 0.166235 0.04248219 -0.03431653 0.01693172 0.9992676 -0.9994109 0 -0.03432145
Kidney MammaryGland.Pregnancy 0.07087196 0.3693581 0.6327072 0.1918788 0.1120138 -0.981361 0.1832556 -0.05786134 0.05885809 0 -0.9982663
Kidney MammaryGland.Virgin 0.07089861 0.6295128 0.2381251 0.1126246 0.2977368 -0.7640168 0.2424735 0.5979004 -0.6162918 0 -0.7875179
Kidney Mesenchymal-Stem-Cell-Cultured 0 0 0 0.166235 0.02126136 -0.03431653 0.01693172 0.9992676 -0.9994109 0 -0.03432145
Kidney Bone_Marrow_Mesenchyme 0.0009070564 0.006892057 0.004326785 0.1316089 0.2096375 -0.7934193 0.4131072 0.4470215 -0.4908643 0 -0.871236
Kidney Muscle 0.03185891 0.2150037 0.09338443 0.1481784 0.3411587 0.5253893 0.61812 0.5847168 -0.7438352 0 0.668363
Kidney Neonatal-Calvaria 0.03034009 0.2264122 0.3150832 0.1340038 0.09629231 -0.7492541 0.4729397 0.4636231 -0.5261897 0 -0.8503672
Kidney Neonatal-Heart 0.003973527 0.03006662 0.02241312 0.1321574 0.1772858 -0.8919033 0.2595013 0.3703613 -0.3834989 0 -0.9235413
Kidney Neonatal-Muscle 0.07666521 0.5070416 0.1778978 0.151201 0.4309508 0.560816 0.5807595 -0.590088 0.7248569 0 0.6888995
Kidney Neonatal-Rib 0.0899566 0.7184531 0.2124468 0.1252087 0.4234312 -0.8666018 0.2341107 0.4406739 -0.4532703 0 -0.8913732
Kidney Neonatal-Skin 0 0 0 0.166235 0.08375925 -0.03431653 0.01693172 0.9992676 -0.9994109 0 -0.03432145
Kidney Ovary 0 0 0 0.152054 0.1082523 -0.153338 0.1360763 0.9787598 -0.9879493 0 -0.1547777
Kidney Pancreas 0 0 0 0.1610998 0.1300199 -0.0522557 0.1195248 0.9914551 -0.9986139 0 -0.05263302
Kidney Peripheral_Blood 0.01867657 0.1612567 0.09065113 0.1158189 0.2060269 -0.5041463 0.4260328 0.7512207 -0.8303463 0 -0.5572478
Kidney Placenta 0.006527908 0.05658545 0.02643486 0.1153637 0.2469432 -0.6016312 0.4004183 0.6911621 -0.75427 0 -0.6565644
Kidney Prostate 0 0 0 0.166235 0.00443001 -0.03431653 0.01693172 0.9992676 -0.9994109 0 -0.03432145
Kidney Small-Intestine 0.04146521 0.2929651 0.1449667 0.1415363 0.2860326 0.9665388 0.1141228 -0.2297364 0.2312472 0 0.972895
Kidney Spleen 0.007722519 0.06489182 0.161081 0.1190061 0.04794184 -0.3935424 0.3776963 0.8381348 -0.905182 0 -0.4250241
Kidney Stomach 0 0 0 0.166235 0.009461557 -0.03431653 0.01693172 0.9992676 -0.9994109 0 -0.03432145
Kidney Testis 0.03248214 0.2032904 0.5943478 0.159782 0.05465174 0.4560041 0.4915081 0.7419434 -0.8519536 0 0.5236173
Kidney Thymus 0 0 0 0.1497527 0.01715528 -0.03082402 0.3282385 0.9440918 -0.9994674 0 -0.032632
Kidney Trophoblast-Stem-Cell 0 0 0 0.166235 0.06465857 -0.03431653 0.01693172 0.9992676 -0.9994109 0 -0.03432145
Kidney Uterus 0.04015227 0.259865 0.1774723 0.154512 0.2262453 0.9661945 0.2553725 -0.03540043 0.03661446 0 0.9993294
Liver Lung 0.02685832 0.2766904 0.05583469 0.09706995 0.4810328 -0.1644258 0.8407397 0.5158692 -0.9527732 0 -0.3036826
Liver MammaryGland.Involution 0.03122593 0.7706709 0.07915191 0.04051786 0.3945064 0.6386738 0.5821614 -0.5031737 0.6188541 0 0.785506
Liver MammaryGland.Lactation 0 0 0 0.06097553 0.04248219 -0.03431653 0.01693172 0.9992676 -0.9994109 0 -0.03432145
Liver MammaryGland.Pregnancy 0.01546532 0.3131661 0.1625252 0.04938376 0.09515641 0.8018684 0.4818779 0.3532715 -0.4031683 0 0.9151258
Liver MammaryGland.Virgin 0.03024339 0.7302791 0.1219079 0.04141347 0.248084 0.6159688 0.5400888 -0.5734862 0.6814173 0 0.7318951
Liver Mesenchymal-Stem-Cell-Cultured 0 0 0 0.06097553 0.02126136 -0.03431653 0.01693172 0.9992676 -0.9994109 0 -0.03432145
Liver Bone_Marrow_Mesenchyme 0 0 0 0.09442873 0.2255768 -0.4972265 0.5159902 0.6975098 -0.8142823 0 -0.580469
Liver Muscle 0.02290068 0.5553412 0.07456043 0.04123714 0.3071425 0.8644188 0.2310591 0.4465332 -0.4589525 0 0.8884608
Liver Neonatal-Calvaria 2.864133E-06 6.872141E-05 2.780389E-05 0.04167745 0.103012 0.5428462 0.6229665 -0.5632324 0.7200172 0 0.6939561
Liver Neonatal-Heart 0 0 0 0.07344379 0.1961335 -0.7666698 0.09476373 0.6350098 -0.6378803 0 -0.7701355
Liver Neonatal-Muscle 0.02939163 0.7239307 0.06788602 0.04060006 0.4329555 0.7719433 0.5437232 -0.3293457 0.3924218 0 0.9197854
Liver Neonatal-Rib 0.01525277 0.2910915 0.03368883 0.05239854 0.4527544 -0.887806 0.0301607 -0.4592285 0.4594375 0 -0.8882101
Liver Neonatal-Skin 0 0 0 0.06097553 0.08375925 -0.03431653 0.01693172 0.9992676 -0.9994109 0 -0.03432145
Liver Ovary 0 0 0 0.06097553 0.1047971 -0.03431653 0.01693172 0.9992676 -0.9994109 0 -0.03432145
Liver Pancreas 0 0 0 0.07241731 0.1233433 -0.1560896 0.2395605 0.958252 -0.9869917 0 -0.160771
Liver Peripheral_Blood 0.01080141 0.2491544 0.05794604 0.0433523 0.1864047 0.8581765 0.3378911 0.3864745 -0.4106254 0 0.9118041
Liver Placenta 0.01504521 0.3682961 0.05575413 0.04085085 0.2698492 0.8053408 0.5522257 -0.2155762 0.2585793 0 0.96599
Liver Prostate 0 0 0 0.06097553 0.00443001 -0.03431653 0.01693172 0.9992676 -0.9994109 0 -0.03432145
Liver Small-Intestine 0.02627121 0.4834944 0.1030342 0.05433611 0.2549755 0.177797 0.1020663 -0.9787598 0.983898 0 0.1787304
Liver Spleen 0.001081165 0.01973655 0.0229636 0.05477983 0.04708168 -0.5550334 0.3116511 -0.7712403 0.8116639 0 -0.5841248
Liver Stomach 0 0 0 0.06097553 0.009461557 -0.03431653 0.01693172 0.9992676 -0.9994109 0 -0.03432145
Liver Testis 0 0 0 0.06097553 0.0689667 -0.03431653 0.01693172 0.9992676 -0.9994109 0 -0.03432145
Liver Thymus 0 0 0 0.05959193 0.0202267 0.1493689 0.02250491 0.9885254 -0.9887758 0 0.1494068
Liver Trophoblast-Stem-Cell 0 0 0 0.06097553 0.06465857 -0.03431653 0.01693172 0.9992676 -0.9994109 0 -0.03432145
Liver Uterus 0.01819666 0.4454414 0.06287821 0.04085085 0.2893953 0.8053408 0.5522257 -0.2155762 0.2585793 0 0.96599
Lung MammaryGland.Involution 0.1301559 0.2584743 0.3860937 0.5035546 0.3371096 -0.6875053 0.6344571 -0.3532715 0.4570383 0 -0.889447
Lung MammaryGland.Lactation 0.02526211 0.05121095 0.3629972 0.4932951 0.06959312 0.6420821 0.488235 0.5910645 -0.677273 0 0.7357318
Lung MammaryGland.Pregnancy 0.05526054 0.1240423 0.5017207 0.4454974 0.110142 0.9097187 0.06916691 0.4094238 -0.4104066 0 0.9119026
Lung MammaryGland.Virgin 0.1389633 0.3199976 0.5751691 0.4342634 0.2416042 0.9866806 0.04926628 0.1550293 -0.1552178 0 0.9878803
Lung Mesenchymal-Stem-Cell-Cultured 0 0 0 0.389893 0.02126136 -0.03431653 0.01693172 0.9992676 -0.9994109 0 -0.03432145
Lung Bone_Marrow_Mesenchyme 0.1542462 0.3826509 0.8519923 0.4030991 0.1810418 0.8463787 0.3864631 -0.366455 0.3973253 0 0.9176778
Lung Muscle 0.1824414 0.3991141 0.6597326 0.4571157 0.2765383 -0.8334999 0.5442109 0.09545904 -0.1137841 0 -0.9935055
Lung Neonatal-Calvaria 0.03617844 0.0853563 0.4074914 0.4238521 0.08878334 0.928566 0.210203 0.3059082 -0.3128991 0 0.9497864
Lung Neonatal-Heart 0.08078595 0.1971875 0.4304509 0.409691 0.1876775 -0.9692079 0.1036025 0.2233887 -0.2245973 0 -0.9744517
Lung Neonatal-Muscle 0.3010649 0.9628832 0.6741539 0.3126702 0.4465819 0.4887364 0.0784578 -0.8688965 0.8715832 0 0.4902475
Lung Neonatal-Rib 0.2981021 0.9525819 0.6475863 0.3129411 0.4603279 0.5216219 0.03878053 -0.852295 0.8529366 0 0.5220146
Lung Neonatal-Skin 0 0 0 0.3392923 0.06599566 0.3182127 0.3321207 -0.8879395 0.9413748 0 0.3373625
Lung Ovary 0.03696538 0.07979588 0.6353621 0.4632492 0.05818001 0.006528119 0.993844 0.1105957 -0.9982625 0 0.05892432
Lung Pancreas 0.07063631 0.2106261 0.6005802 0.3353636 0.1176134 -0.5698659 0.1450315 0.8088379 -0.8174811 0 -0.5759555
Lung Peripheral_Blood 0.09998038 0.2027474 0.5176136 0.4931277 0.1931564 -0.8593448 0.3274403 -0.3928223 0.4157414 0 -0.9094829
Lung Placenta 0.1897604 0.4983363 0.8514711 0.3807878 0.2228619 0.91737 0.02551773 -0.3972168 0.3973462 0 0.9176688
Lung Prostate 0 0 0 0.4056889 0.004238005 0.04742682 0.01380628 0.9987793 -0.9988745 0 0.04743133
Lung Small-Intestine 0.1017354 0.2154795 0.4705411 0.4721347 0.2162093 -0.773301 0.09613223 -0.626709 0.6296251 0 -0.7768992
Lung Spleen 0.02691905 0.07700581 0.7654411 0.3495717 0.03516803 0.1977139 0.1513461 -0.9685059 0.9797922 0 0.2000179
Lung Stomach 0 0 0 0.3161451 0.006770974 -0.4550163 0.0438203 0.8894043 -0.8902594 0 -0.4554538
Lung Testis 0.01726022 0.03881552 0.4663867 0.4446733 0.0370084 0.7733744 0.239034 0.5871582 -0.6046873 0 0.796463
Lung Thymus 0.0007448906 0.001579956 0.08506048 0.471463 0.008757187 -0.2864366 0.9540818 0.08764649 -0.2925977 0 -0.9562356
Lung Trophoblast-Stem-Cell 0.0121823 0.02580548 0.2094759 0.472082 0.05815612 -0.2286641 0.783072 -0.5783693 0.9299572 0 -0.3676679
Lung Uterus 0.05607226 0.1407292 0.1921417 0.3984408 0.2918277 -0.8043286 0.273325 0.5275878 -0.5484727 0 -0.8361685
MammaryGland.Involution MammaryGland.Lactation 0.02298796 0.0589571 0.4893376 0.3899099 0.04697771 0.2542328 0.3291109 0.9094238 -0.9630755 0 0.2692313
MammaryGland.Involution MammaryGland.Pregnancy 0 0 0 0.455296 0.1179639 0.2268827 0.9462007 0.230713 -0.7130005 0 0.7011635
MammaryGland.Involution MammaryGland.Virgin 0.1067007 0.2877993 0.4487016 0.3707469 0.2377988 -0.7389506 0.06949527 -0.670166 0.6717902 0 -0.7407416
MammaryGland.Involution Mesenchymal-Stem-Cell-Cultured 0 0 0 0.3566169 0.02168521 0.1493689 0.02250491 0.9885254 -0.9887758 0 0.1494068
MammaryGland.Involution Bone_Marrow_Mesenchyme 0.1268547 0.3261733 0.6887264 0.388918 0.1841873 0.7594639 0.5133107 -0.3996582 0.465692 0 0.8849469
MammaryGland.Involution Muscle 0.2260276 0.6732169 0.8119307 0.3357426 0.2783829 -0.9670164 0.1364421 -0.2150878 0.2171183 0 -0.9761453
MammaryGland.Involution Neonatal-Calvaria 0.03084951 0.09281635 0.3479293 0.3323715 0.08866601 -0.8506195 0.2934397 -0.4362793 0.4563698 0 -0.8897902
MammaryGland.Involution Neonatal-Heart 0 0 0 0.4031144 0.1992105 -0.5419809 0.5277042 0.6540527 -0.7699918 0 -0.6380538
MammaryGland.Involution Neonatal-Muscle 0.2535163 0.8598468 0.6789424 0.2948389 0.3733988 -0.4574611 0.4804061 -0.748291 0.8531945 0 -0.5215929
MammaryGland.Involution Neonatal-Rib 0.2720055 0.9241402 0.6114005 0.2943335 0.4448892 -0.5025507 0.4764175 -0.7214355 0.8205411 0 -0.5715876
MammaryGland.Involution Neonatal-Skin 0.01214445 0.02728591 0.312585 0.4450815 0.03885169 0.1639711 0.974362 -0.1540527 0.6847208 0 0.7288055
MammaryGland.Involution Ovary 0.04010327 0.09854714 0.4292575 0.406945 0.09342474 0.5184171 0.2251652 0.8249512 -0.8466937 0 0.5320805
MammaryGland.Involution Pancreas 0.08658459 0.2380573 0.7448396 0.3637133 0.116246 -0.5336693 0.183975 0.8254395 -0.8397737 0 -0.5429367
MammaryGland.Involution Peripheral_Blood 0.148997 0.4891437 0.7238594 0.3046077 0.2058369 -0.6520805 0.5176145 -0.5539551 0.6474358 0 -0.7621199
MammaryGland.Involution Placenta 0.1713541 0.3938148 0.6581395 0.4351133 0.2603613 0.2837969 0.8933558 -0.3483887 0.7753172 0 0.6315721
MammaryGland.Involution Prostate 0 0 0 0.3590809 0.00443001 -0.03431653 0.01693172 0.9992676 -0.9994109 0 -0.03432145
MammaryGland.Involution Small-Intestine 0.09609547 0.2155962 0.4007227 0.4457196 0.2398054 0.6120812 0.4070648 0.6779785 -0.7422586 0 0.6701135
MammaryGland.Involution Spleen 0.007465672 0.02063369 0.1943941 0.3618195 0.03840484 -0.4230307 0.1366509 0.895752 -0.9042343 0 -0.4270366
MammaryGland.Involution Stomach 0 0 0 0.3569623 0.008537605 -0.163272 0.004171492 0.9865723 -0.9865808 0 -0.1632735
MammaryGland.Involution Testis 0.009627687 0.02206511 0.2184597 0.4363308 0.04407076 0.8636836 0.4053569 0.2995605 -0.3276899 0 0.9447854
MammaryGland.Involution Thymus 0.002380549 0.005806397 0.2599906 0.4099873 0.009156288 -0.3339235 0.9356198 0.114502 -0.3243597 0 -0.9459339
MammaryGland.Involution Trophoblast-Stem-Cell 0.002251601 0.006369037 0.03871649 0.353523 0.05815612 -0.2286641 0.783072 -0.5783693 0.9299572 0 -0.3676679
MammaryGland.Involution Uterus 0.1153595 0.3408664 0.612248 0.3384303 0.1884196 -0.9557953 0.2169299 -0.1984863 0.2033281 0 -0.9791106
MammaryGland.Lactation MammaryGland.Pregnancy 0.00135863 0.01668729 0.01389982 0.08141704 0.09774441 0.7487279 0.6140265 0.2497559 -0.3164329 0 0.9486149
MammaryGland.Lactation MammaryGland.Virgin 0.02263571 0.4602558 0.07191096 0.04918071 0.3147741 0.3112836 0.3075646 0.8991699 -0.9449755 0 0.327141
MammaryGland.Lactation Mesenchymal-Stem-Cell-Cultured 0 0 0 0.04248219 0.02126136 -0.03431653 0.01693172 0.9992676 -0.9994109 0 -0.03432145
MammaryGland.Lactation Bone_Marrow_Mesenchyme 0.01828195 0.2328986 0.09603507 0.07849745 0.1903674 0.7252495 0.6309031 -0.2756347 0.3552628 0 0.9347665
MammaryGland.Lactation Muscle 0.02228367 0.4956839 0.06599938 0.0449554 0.3376345 0.200275 0.2885672 0.9362793 -0.9778786 0 0.2091733
MammaryGland.Lactation Neonatal-Calvaria 0.0007068391 0.008348783 0.009364839 0.08466373 0.07547798 0.7231213 0.6889757 0.0490723 -0.06770606 0 0.9977053
MammaryGland.Lactation Neonatal-Heart 0.01183358 0.1702242 0.05874967 0.06951763 0.2014238 0.6819028 0.4654856 0.564209 -0.6374843 0 0.7704633
MammaryGland.Lactation Neonatal-Muscle 0.02597431 0.3515716 0.05986643 0.07388057 0.433871 0.8006144 0.5265778 -0.2858887 0.3362895 0 0.9417587
MammaryGland.Lactation Neonatal-Rib 0.01173569 0.2312867 0.02382774 0.05074089 0.4925223 0.2289817 0.05414301 0.9719238 -0.9733515 0 0.229318
MammaryGland.Lactation Neonatal-Skin 0.0003604476 0.004246756 0.00586118 0.08487597 0.06149744 0.4055425 0.7871991 0.4645996 -0.7533654 0 0.6576022
MammaryGland.Lactation Ovary 0.005926948 0.129009 0.05223012 0.04594212 0.1134776 0.6907889 0.175574 -0.7014161 0.7124836 0 0.7016888
MammaryGland.Lactation Pancreas 0 0 0 0.04140404 0.1266817 -0.009749388 0.1570104 0.9875488 -0.9999513 0 -0.009871829
MammaryGland.Lactation Peripheral_Blood 0.00852195 0.1827967 0.03907537 0.04661983 0.21809 0.1834841 0.3883131 0.9030762 -0.9799774 0 0.1991086
MammaryGland.Lactation Placenta 0.0004980387 0.009189621 0.002162384 0.05419578 0.2303193 0.8714871 0.07827833 -0.4841309 0.485621 0 0.8741695
MammaryGland.Lactation Prostate 0 0 0 0.04248219 0.00443001 -0.03431653 0.01693172 0.9992676 -0.9994109 0 -0.03432145
MammaryGland.Lactation Small-Intestine 0.02605039 0.3526014 0.07313652 0.07388057 0.3561886 0.8006144 0.5265778 -0.2858887 0.3362895 0 0.9417587
MammaryGland.Lactation Spleen 0 0 0 0.04248219 0.04097946 -0.03431653 0.01693172 0.9992676 -0.9994109 0 -0.03432145
MammaryGland.Lactation Stomach 0 0 0 0.04248219 0.009461557 -0.03431653 0.01693172 0.9992676 -0.9994109 0 -0.03432145
MammaryGland.Lactation Testis 0 0 0 0.04248219 0.0689667 -0.03431653 0.01693172 0.9992676 -0.9994109 0 -0.03432145
MammaryGland.Lactation Thymus 0 0 0 0.04248219 0.01889537 -0.03431653 0.01693172 0.9992676 -0.9994109 0 -0.03432145
MammaryGland.Lactation Trophoblast-Stem-Cell 0 0 0 0.04248219 0.06465857 -0.03431653 0.01693172 0.9992676 -0.9994109 0 -0.03432145
MammaryGland.Lactation Uterus 0.02046354 0.4695177 0.05474074 0.04358416 0.3738264 0.06631152 0.3776181 0.923584 -0.9974325 0 0.07161369
MammaryGland.Pregnancy MammaryGland.Virgin 0.0338513 0.3054094 0.09118009 0.1108391 0.3712576 0.3513747 0.9099087 0.220459 -0.5314713 0 0.8470763
MammaryGland.Pregnancy Mesenchymal-Stem-Cell-Cultured 0 0 0 0.1723912 0.02126136 -0.03431653 0.01693172 0.9992676 -0.9994109 0 -0.03432145
MammaryGland.Pregnancy Bone_Marrow_Mesenchyme 0.01451003 0.1107735 0.07694986 0.1309883 0.1885647 0.8851232 0.3907774 -0.2526855 0.2745134 0 0.9615833
MammaryGland.Pregnancy Muscle 0.05399403 0.5500568 0.151876 0.09816082 0.3555138 0.7313333 0.5472814 0.4069824 -0.4862693 0 0.873809
MammaryGland.Pregnancy Neonatal-Calvaria 0.03120735 0.2723202 0.3517551 0.114598 0.08871896 -0.8354717 0.4005559 -0.3762208 0.4105993 0 -0.9118159
MammaryGland.Pregnancy Neonatal-Heart 0.01032445 0.09559728 0.05285319 0.1079994 0.195342 0.9912576 0.1237902 -0.04565432 0.0460082 0 0.9989411
MammaryGland.Pregnancy Neonatal-Muscle 0.02672529 0.163804 0.05934546 0.1631541 0.4503343 0.3126585 0.1656906 -0.9353028 0.9484119 0 0.3170407
MammaryGland.Pregnancy Neonatal-Rib 0.01012851 0.06551952 0.02305707 0.1545876 0.4392799 0.07596776 0.6041871 -0.793213 0.9954451 0 0.09533598
MammaryGland.Pregnancy Neonatal-Skin 0 0 0 0.1731222 0.08208757 -0.06643912 0.06958211 0.9953613 -0.9977797 0 -0.06660055
MammaryGland.Pregnancy Ovary 6.544014E-05 0.0005964106 0.0005857581 0.1097233 0.1117187 0.9947048 0.07283287 -0.07250978 0.07270286 0 0.9973536
MammaryGland.Pregnancy Pancreas 0 0 0 0.1749004 0.1231924 -0.09317226 0.2467114 0.9645996 -0.9953675 0 -0.09614418
MammaryGland.Pregnancy Peripheral_Blood 0.04057547 0.3309121 0.2034851 0.1226171 0.1994027 -0.9490953 0.2319304 0.2131348 -0.2191093 0 -0.9757003
MammaryGland.Pregnancy Placenta 0.03181677 0.3343629 0.1230897 0.09515641 0.2584844 0.8018684 0.4818779 0.3532715 -0.4031683 0 0.9151258
MammaryGland.Pregnancy Prostate 0 0 0 0.1723912 0.00443001 -0.03431653 0.01693172 0.9992676 -0.9994109 0 -0.03432145
MammaryGland.Pregnancy Small-Intestine 0.0552659 0.5511066 0.2095468 0.1002817 0.2637401 0.7672997 0.481485 0.423584 -0.4832928 0 0.8754588
MammaryGland.Pregnancy Spleen 0.01698161 0.1179055 0.302917 0.1440273 0.05606027 -0.7003639 0.5280859 0.4802246 -0.5655084 0 -0.8247426
MammaryGland.Pregnancy Stomach 0 0 0 0.1723912 0.009461557 -0.03431653 0.01693172 0.9992676 -0.9994109 0 -0.03432145
MammaryGland.Pregnancy Testis 0.003745914 0.02943775 0.0832549 0.1272486 0.04499332 -0.8263933 0.08658498 -0.5563965 0.558494 0 -0.8295086
MammaryGland.Pregnancy Thymus 0 0 0 0.1358182 0.01487903 0.3363048 0.7215278 0.6052246 -0.874115 0 0.4857189
MammaryGland.Pregnancy Trophoblast-Stem-Cell 0 0 0 0.1723912 0.06465857 -0.03431653 0.01693172 0.9992676 -0.9994109 0 -0.03432145
MammaryGland.Pregnancy Uterus 0.06436174 0.6247181 0.2813596 0.1030253 0.2287526 0.9139482 0.3517611 0.2023925 -0.2162106 0 0.9763467
MammaryGland.Virgin Mesenchymal-Stem-Cell-Cultured 0 0 0 0.2953609 0.02126136 -0.03431653 0.01693172 0.9992676 -0.9994109 0 -0.03432145
MammaryGland.Virgin Bone_Marrow_Mesenchyme 0.09547514 0.3901619 0.5185438 0.2447065 0.1841217 0.834505 0.4339051 -0.3395996 0.3769314 0 0.9262412
MammaryGland.Virgin Muscle 0.1704367 0.74068 0.5900177 0.2301083 0.288867 -0.9906095 0.06919342 -0.11792 0.1182033 0 -0.9929894
MammaryGland.Virgin Neonatal-Calvaria 0.02874168 0.1209276 0.3212348 0.2376767 0.0894725 -0.8640354 0.2198672 -0.4528809 0.464241 0 -0.8857089
MammaryGland.Virgin Neonatal-Heart 0.08856729 0.3880252 0.4548594 0.2282514 0.1947136 0.9947048 0.07283287 -0.07250978 0.07270286 0 0.9973536
MammaryGland.Virgin Neonatal-Muscle 0.1627774 0.6967621 0.3826528 0.2336197 0.4253919 0.9971997 0.06237281 0.04125981 -0.0413403 0 0.9991451
MammaryGland.Virgin Neonatal-Rib 0.1662426 0.7075307 0.3571824 0.2349617 0.4654278 0.9959385 0.03048917 0.08471677 -0.08475618 0 0.9964017
MammaryGland.Virgin Neonatal-Skin 0.01720103 0.05303609 0.4535118 0.3243269 0.03792853 0.3502206 0.8994312 -0.2614746 0.5982548 0 0.8013059
MammaryGland.Virgin Ovary 0.03442047 0.1493538 0.4531078 0.2304627 0.0759653 -0.03811739 0.6533411 -0.7561035 0.9987317 0 -0.050349
MammaryGland.Virgin Pancreas 0.03686497 0.1418436 0.2636976 0.2598988 0.1398002 0.915449 0.3998916 0.04516598 -0.04927758 0 0.9987851
MammaryGland.Virgin Peripheral_Blood 0.1286603 0.323483 0.5884766 0.3977345 0.2186329 -0.3070882 0.7745396 0.5529785 -0.8742391 0 -0.4854954
MammaryGland.Virgin Placenta 0.1496422 0.6489755 0.6085229 0.2305822 0.2459105 0.9912576 0.1237902 -0.04565432 0.0460082 0 0.9989411
MammaryGland.Virgin Prostate 0 0 0 0.2953609 0.00443001 -0.03431653 0.01693172 0.9992676 -0.9994109 0 -0.03432145
MammaryGland.Virgin Small-Intestine 0.1386016 0.5913202 0.597356 0.2343935 0.2320252 -0.9290074 0.1985987 -0.3122558 0.3186021 0 -0.9478886
MammaryGland.Virgin Spleen 0.01895657 0.05425597 0.372942 0.3493914 0.0508298 -0.4006758 0.4257755 0.8112793 -0.8966108 0 -0.4428194
MammaryGland.Virgin Stomach 0 0 0 0.2953609 0.009461557 -0.03431653 0.01693172 0.9992676 -0.9994109 0 -0.03432145
MammaryGland.Virgin Testis 0.007897552 0.03043973 0.1910174 0.2594488 0.04134468 0.9362653 0.2746794 0.2189941 -0.2277545 0 0.9737186
MammaryGland.Virgin Thymus 0.003997604 0.01004352 0.4595499 0.3980283 0.008698956 -0.3039544 0.9395002 0.1579589 -0.461129 0 -0.8873331
MammaryGland.Virgin Trophoblast-Stem-Cell 0.009566255 0.03616263 0.1166499 0.2645343 0.08200822 0.9131559 0.2871377 0.2893066 -0.3020251 0 0.9532999
MammaryGland.Virgin Uterus 0.1206835 0.4989151 0.6619902 0.2418919 0.1823041 -0.9610947 0.02431775 -0.2751465 0.2752279 0 -0.961379
Mesenchymal-Stem-Cell-Cultured Bone_Marrow_Mesenchyme 0 0 0 0.02126136 0.2641216 -0.03431653 0.01693172 0.9992676 -0.9994109 0 -0.03432145
Mesenchymal-Stem-Cell-Cultured Muscle 0 0 0 0.02126136 0.3263401 -0.03431653 0.01693172 0.9992676 -0.9994109 0 -0.03432145
Mesenchymal-Stem-Cell-Cultured Neonatal-Calvaria 0 0 0 0.02126136 0.1243298 -0.03431653 0.01693172 0.9992676 -0.9994109 0 -0.03432145
Mesenchymal-Stem-Cell-Cultured Neonatal-Heart 0 0 0 0.02126136 0.223608 -0.03431653 0.01693172 0.9992676 -0.9994109 0 -0.03432145
Mesenchymal-Stem-Cell-Cultured Neonatal-Muscle 0 0 0 0.0196503 0.428232 0.6076496 0.005010491 0.7941895 -0.7941994 0 0.6076573
Mesenchymal-Stem-Cell-Cultured Neonatal-Rib 0.001307963 0.09721535 0.002953454 0.01345429 0.4428588 -0.7852139 0.03178525 0.6184082 -0.6187209 0 -0.7856109
Mesenchymal-Stem-Cell-Cultured Neonatal-Skin 0 0 0 0.02000918 0.09313226 0.569857 0.03388599 0.8210449 -0.8215167 0 0.5701845
Mesenchymal-Stem-Cell-Cultured Ovary 0 0 0 0.02126136 0.1047971 -0.03431653 0.01693172 0.9992676 -0.9994109 0 -0.03432145
Mesenchymal-Stem-Cell-Cultured Pancreas 0 0 0 0.02126136 0.1415802 -0.03431653 0.01693172 0.9992676 -0.9994109 0 -0.03432145
Mesenchymal-Stem-Cell-Cultured Peripheral_Blood 0 0 0 0.02126136 0.2376874 -0.03431653 0.01693172 0.9992676 -0.9994109 0 -0.03432145
Mesenchymal-Stem-Cell-Cultured Placenta 0 0 0 0.02126136 0.2975727 -0.03431653 0.01693172 0.9992676 -0.9994109 0 -0.03432145
Mesenchymal-Stem-Cell-Cultured Prostate 0 0 0 0.02126136 0.00443001 -0.03431653 0.01693172 0.9992676 -0.9994109 0 -0.03432145
Mesenchymal-Stem-Cell-Cultured Small-Intestine 0 0 0 0.02126136 0.2341587 -0.03431653 0.01693172 0.9992676 -0.9994109 0 -0.03432145
Mesenchymal-Stem-Cell-Cultured Spleen 0 0 0 0.02126136 0.04097946 -0.03431653 0.01693172 0.9992676 -0.9994109 0 -0.03432145
Mesenchymal-Stem-Cell-Cultured Stomach 0 0 0 0.02126136 0.009461557 -0.03431653 0.01693172 0.9992676 -0.9994109 0 -0.03432145
Mesenchymal-Stem-Cell-Cultured Testis 0 0 0 0.02126136 0.0689667 -0.03431653 0.01693172 0.9992676 -0.9994109 0 -0.03432145
Mesenchymal-Stem-Cell-Cultured Thymus 0 0 0 0.02126136 0.01889537 -0.03431653 0.01693172 0.9992676 -0.9994109 0 -0.03432145
Mesenchymal-Stem-Cell-Cultured Trophoblast-Stem-Cell 0.001386532 0.1170112 0.01767501 0.01184956 0.07844592 0.9665388 0.1141228 -0.2297364 0.2312472 0 0.972895
Mesenchymal-Stem-Cell-Cultured Uterus 0 0 0 0.02126136 0.4098195 -0.03431653 0.01693172 0.9992676 -0.9994109 0 -0.03432145
Bone_Marrow_Mesenchyme Muscle 0.162107 0.817224 0.5344133 0.198363 0.3033364 -0.8169603 0.1170167 0.5646973 -0.5686036 0 -0.8226116
Bone_Marrow_Mesenchyme Neonatal-Calvaria 0.01452469 0.07849574 0.1539996 0.185038 0.09431645 0.8729863 0.3654684 -0.322998 0.3470024 0 0.9378642
Bone_Marrow_Mesenchyme Neonatal-Heart 0.1354007 0.718638 0.6765547 0.188413 0.2001327 0.8457319 0.4606755 -0.269287 0.3033986 0 0.9528638
Bone_Marrow_Mesenchyme Neonatal-Muscle 0.1561195 0.8724703 0.3688431 0.1789396 0.4232681 0.8253589 0.3577943 -0.4367675 0.4677312 0 0.8838708
Bone_Marrow_Mesenchyme Neonatal-Rib 0.1356536 0.762789 0.2999094 0.177839 0.4523152 0.7932578 0.3743346 -0.4802245 0.5178775 0 0.8554547
Bone_Marrow_Mesenchyme Neonatal-Skin 0.01939583 0.1053049 0.4268357 0.1841873 0.04544097 0.7594639 0.5133107 -0.3996582 0.465692 0 0.8849469
Bone_Marrow_Mesenchyme Ovary 0.04248595 0.2081886 0.6806914 0.2040744 0.06241588 0.08873329 0.9879004 0.1271973 -0.8201542 0 0.5721425
Bone_Marrow_Mesenchyme Pancreas 0.06136514 0.2706778 0.5278906 0.2267092 0.116246 -0.5336693 0.183975 0.8254395 -0.8397737 0 -0.5429367
Bone_Marrow_Mesenchyme Peripheral_Blood 0.09800548 0.4721953 0.5062745 0.2075528 0.1935817 -0.8241999 0.3972785 0.4035644 -0.4397573 0 -0.8981166
Bone_Marrow_Mesenchyme Placenta 0.1042609 0.5728903 0.4299372 0.1819909 0.2425025 0.8279799 0.2163673 -0.517334 0.5298859 0 0.8480689
Bone_Marrow_Mesenchyme Prostate 0 0 0 0.2641216 0.00443001 -0.03431653 0.01693172 0.9992676 -0.9994109 0 -0.03432145
Bone_Marrow_Mesenchyme Small-Intestine 0.1391052 0.7443863 0.4875084 0.1868724 0.2853391 0.8432437 0.1029132 -0.5275879 0.5304042 0 0.8477449
Bone_Marrow_Mesenchyme Spleen 0.008407938 0.03968451 0.1316441 0.2118695 0.06386869 -0.7064975 0.6648971 0.2424316 -0.3245686 0 -0.9458621
Bone_Marrow_Mesenchyme Stomach 0 0 0 0.2641216 0.009461557 -0.03431653 0.01693172 0.9992676 -0.9994109 0 -0.03432145
Bone_Marrow_Mesenchyme Testis 0.004853177 0.02180342 0.07384327 0.2225879 0.06572267 0.7581268 0.6517286 0.02221683 -0.02929233 0 0.9995709
Bone_Marrow_Mesenchyme Thymus 0 0 0 0.2517668 0.01891837 -0.3232228 0.1158166 0.939209 -0.9455721 0 -0.3254126
Bone_Marrow_Mesenchyme Trophoblast-Stem-Cell 0.0003017175 0.001589237 0.004036655 0.1898505 0.07474442 0.8970173 0.3423693 -0.279541 0.2975217 0 0.9547151
Bone_Marrow_Mesenchyme Uterus 0.07310909 0.3488493 0.3615681 0.2095722 0.2022001 -0.8704078 0.4922572 0.008544893 -0.009816642 0 -0.9999518
Muscle Neonatal-Calvaria 0.0227236 0.07356867 0.2454616 0.3088761 0.09257497 -0.2307896 0.6650902 0.7102051 -0.9510447 0 -0.3090533
Muscle Neonatal-Heart 0.09454273 0.3309298 0.5106031 0.2856882 0.1851589 -0.6461747 0.3569682 0.6745605 -0.7221375 0 -0.6917496
Muscle Neonatal-Muscle 0.2540711 0.9593567 0.6735957 0.2648349 0.3771864 -0.5497462 0.7719841 0.3190918 -0.5019994 0 -0.864868
Muscle Neonatal-Rib 0.2486116 0.931724 0.6409886 0.2668297 0.3878566 -0.5909894 0.6221924 0.5134277 -0.6558323 0 -0.7549066
Muscle Neonatal-Skin 0.02567385 0.07323656 0.5089294 0.3505605 0.05044677 0.8527418 0.1486557 -0.5007324 0.5063586 0 0.862323
Muscle Ovary 0.02764114 0.100528 0.3318349 0.2749596 0.08329789 -0.8115365 0.5675482 0.138916 -0.1687225 0 -0.9856636
Muscle Pancreas 0.08131184 0.2746698 0.6860013 0.2960349 0.1185301 -0.5953505 0.184557 0.7819824 -0.7956502 0 -0.6057563
Muscle Peripheral_Blood 0.1562075 0.473466 0.7449827 0.3299234 0.2096794 0.9764408 0.03371843 -0.2131347 0.213256 0 0.9769964
Muscle Placenta 0.170104 0.4430809 0.5973048 0.3839118 0.2847859 -0.03782064 0.9981959 -0.04663092 0.7766597 0 -0.6299204
Muscle Prostate 0 0 0 0.3263401 0.00443001 -0.03431653 0.01693172 0.9992676 -0.9994109 0 -0.03432145
Muscle Small-Intestine 0.1664911 0.5338439 0.7746826 0.3118722 0.2149152 -0.8263933 0.08658498 -0.5563965 0.558494 0 -0.8295086
Muscle Spleen 0.02409714 0.07585617 0.6910362 0.3176688 0.03487102 0.1436112 0.1704008 -0.9748535 0.9893225 0 0.1457427
Muscle Stomach 0 0 0 0.3103035 0.007670777 -0.3573058 0.0458512 0.9328613 -0.9338435 0 -0.357682
Muscle Testis 0 0 0 0.3355189 0.07937599 0.003944125 0.4551992 0.8903809 -0.9999902 0 0.004429662
Muscle Thymus 0.0001191083 0.0003424879 0.01409919 0.3477738 0.00844788 -0.2396524 0.9689537 0.06079102 -0.2458761 0 -0.9693013
Muscle Trophoblast-Stem-Cell 0.01687144 0.04366595 0.2945334 0.3863753 0.05728194 -0.2834482 0.8532509 -0.4377442 0.8393934 0 -0.5435243
Muscle Uterus 0.1626356 0.5803995 0.8829282 0.2802133 0.1842003 -0.9706191 0.1686458 -0.1716308 0.1741248 0 -0.9847236
Neonatal-Calvaria Neonatal-Heart 0.01491939 0.1736644 0.08163553 0.0859093 0.1827561 -0.6765515 0.6786352 0.2858886 -0.3892419 0 -0.9211356
Neonatal-Calvaria Neonatal-Muscle 0.01349539 0.170425 0.03420428 0.07918673 0.3945529 0.2530107 0.9278019 0.27417 -0.734896 0 0.6781798
Neonatal-Calvaria Neonatal-Rib 0.03649651 0.4215865 0.08883774 0.08656943 0.4108221 0.4365456 0.8086815 0.3942871 -0.6702749 0 0.7421129
Neonatal-Calvaria Neonatal-Skin 0 0 0 0.1243298 0.08375925 -0.03431653 0.01693172 0.9992676 -0.9994109 0 -0.03432145
Neonatal-Calvaria Ovary 8.01881E-06 0.0001040261 0.0001254661 0.07708459 0.06391218 -0.4357999 0.8678618 0.2385255 -0.4801182 0 -0.8772038
Neonatal-Calvaria Pancreas 0 0 0 0.1243298 0.1415802 -0.03431653 0.01693172 0.9992676 -0.9994109 0 -0.03432145
Neonatal-Calvaria Peripheral_Blood 0.002216114 0.02231099 0.01031039 0.09932837 0.2149398 -0.1617888 0.5817435 0.7971191 -0.9800175 0 -0.1989111
Neonatal-Calvaria Placenta 0.01375524 0.1351486 0.04971183 0.1017786 0.2766996 -0.05880699 0.554172 0.8303223 -0.9975013 0 -0.07064733
Neonatal-Calvaria Prostate 0 0 0 0.1243298 0.00443001 -0.03431653 0.01693172 0.9992676 -0.9994109 0 -0.03432145
Neonatal-Calvaria Small-Intestine 0.02689465 0.3009193 0.1108738 0.08937497 0.24257 0.9081396 0.2540685 0.3327637 -0.3440534 0 0.9389501
Neonatal-Calvaria Spleen 0 0 0 0.1243298 0.04097946 -0.03431653 0.01693172 0.9992676 -0.9994109 0 -0.03432145
Neonatal-Calvaria Stomach 0 0 0 0.1243298 0.009461557 -0.03431653 0.01693172 0.9992676 -0.9994109 0 -0.03432145
Neonatal-Calvaria Testis 0.005394425 0.05911066 0.148855 0.09125976 0.03623945 0.8995521 0.221955 0.3762207 -0.3858449 0 0.9225637
Neonatal-Calvaria Thymus 0 0 0 0.1243298 0.01889537 -0.03431653 0.01693172 0.9992676 -0.9994109 0 -0.03432145
Neonatal-Calvaria Trophoblast-Stem-Cell 0 0 0 0.1243298 0.06465857 -0.03431653 0.01693172 0.9992676 -0.9994109 0 -0.03432145
Neonatal-Calvaria Uterus 0.02356592 0.2516903 0.1279364 0.09363063 0.1842003 -0.9706191 0.1686458 -0.1716308 0.1741248 0 -0.9847236
Neonatal-Heart Neonatal-Muscle 0.1144771 0.5436604 0.2728049 0.2105673 0.41963 0.3723862 0.7584178 0.5349121 -0.8207085 0 0.5713472
Neonatal-Heart Neonatal-Rib 0.1106878 0.5120304 0.2342567 0.2161743 0.4725065 -0.328724 0.1702439 0.9289551 -0.942717 0 -0.3335938
Neonatal-Heart Neonatal-Skin 0.01416936 0.06478461 0.3420293 0.2187149 0.04142733 0.09598455 0.9937561 -0.05688472 0.5098355 0 0.8602719
Neonatal-Heart Ovary 0.01507016 0.06869094 0.287082 0.2193907 0.05249426 -0.1675483 0.8781943 -0.4479981 0.9366388 0 -0.3502967
Neonatal-Heart Pancreas 0.04324313 0.2333729 0.2820044 0.1852963 0.153342 0.9719496 0.06734289 0.2253418 -0.2258545 0 0.974161
Neonatal-Heart Peripheral_Blood 0.1048973 0.5944487 0.5532572 0.1764614 0.1895994 -0.7295102 0.3915715 0.560791 -0.6094576 0 -0.7928187
Neonatal-Heart Placenta 0.1031507 0.4986232 0.3881803 0.2068711 0.265729 0.6005741 0.5835285 -0.5466309 0.6731139 0 0.7395388
Neonatal-Heart Prostate 0 0 0 0.223608 0.00443001 -0.03431653 0.01693172 0.9992676 -0.9994109 0 -0.03432145
Neonatal-Heart Small-Intestine 0.1077458 0.545137 0.4983404 0.1976491 0.2162093 -0.773301 0.09613223 -0.626709 0.6296251 0 -0.7768992
Neonatal-Heart Spleen 0.0101367 0.05675007 0.1874322 0.1786201 0.05408198 -0.6848918 0.444456 0.5773926 -0.6445547 0 -0.7645582
Neonatal-Heart Stomach 0 0 0 0.223608 0.009461557 -0.03431653 0.01693172 0.9992676 -0.9994109 0 -0.03432145
Neonatal-Heart Testis 0 0 0 0.2262219 0.07090051 0.123305 0.3881031 0.9133301 -0.9910094 0 0.1337921
Neonatal-Heart Thymus 0 0 0 0.2180807 0.01846379 -0.2472899 0.07461375 0.9660645 -0.9687648 0 -0.2479811
Neonatal-Heart Trophoblast-Stem-Cell 0 0 0 0.1924618 0.08349317 0.8235253 0.02670997 0.5666504 -0.5668526 0 0.8238192
Neonatal-Heart Uterus 0.05468813 0.2911283 0.2873375 0.1878489 0.1903272 0.9783048 0.09918419 0.1818848 -0.1827861 0 0.9831527
Neonatal-Muscle Neonatal-Rib 0.3221597 0.9772651 0.7780131 0.3296544 0.4140801 -0.7547564 0.6039485 -0.2561035 0.321325 0 -0.946969
Neonatal-Muscle Neonatal-Skin 0.02674608 0.06039992 0.4165155 0.4428164 0.06421387 -0.08198612 0.6926979 0.7165527 -0.9935179 0 -0.1136758
Neonatal-Muscle Ovary 0.04024988 0.1067637 0.8895538 0.3769997 0.04524728 -0.2636377 0.9229329 -0.2805175 0.7286909 0 -0.6848428
Neonatal-Muscle Pancreas 0.08320382 0.1796022 0.4916463 0.4632673 0.1692351 -0.04202883 0.07446051 -0.9963379 0.9991115 0 -0.04214583
Neonatal-Muscle Peripheral_Blood 0.03626077 0.08774272 0.1483705 0.4132625 0.2443935 0.1003278 0.5634024 -0.8200683 0.9925993 0 0.1214354
Neonatal-Muscle Placenta 0.1303954 0.3035142 0.4978943 0.4296189 0.2618938 0.1802237 0.9576949 -0.2243652 0.7796274 0 0.6262437
Neonatal-Muscle Prostate 0 0 0 0.470021 0.00443001 -0.03431653 0.01693172 0.9992676 -0.9994109 0 -0.03432145
Neonatal-Muscle Small-Intestine 0.1835599 0.3900544 0.8653534 0.4706008 0.2121213 -0.153338 0.1360763 0.9787598 -0.9879493 0 -0.1547777
Neonatal-Muscle Spleen 0.02116973 0.05034795 0.323686 0.4204685 0.06540205 -0.4930255 0.654247 0.5734863 -0.7582981 0 -0.651908
Neonatal-Muscle Stomach 0 0 0 0.4577676 0.007670777 -0.3573058 0.0458512 0.9328613 -0.9338435 0 -0.357682
Neonatal-Muscle Testis 0.01606232 0.03800662 0.4468025 0.422619 0.03594948 0.8722557 0.1570865 0.4631348 -0.4689569 0 0.883221
Neonatal-Muscle Thymus 0.003201049 0.008969721 0.3679808 0.3568727 0.008698956 -0.3039544 0.9395002 0.1579589 -0.461129 0 -0.8873331
Neonatal-Muscle Trophoblast-Stem-Cell 0.02720104 0.0679414 0.4987402 0.4003603 0.0545395 -0.1192054 0.7995705 -0.588623 0.9801037 0 -0.1984863
Neonatal-Muscle Uterus 0.1456394 0.3675056 0.5896173 0.3962917 0.2470067 -0.5782421 0.7016864 0.4162598 -0.5842358 0 -0.8115839
Neonatal-Rib Neonatal-Skin 0.00906711 0.02069831 0.226243 0.4380603 0.04007686 0.1960732 0.9743326 -0.1105957 0.4912884 0 0.870997
Neonatal-Rib Ovary 0.03068482 0.06461126 0.3373252 0.4749144 0.0909651 0.4518901 0.03573929 0.8913574 -0.8919272 0 0.452179
Neonatal-Rib Pancreas 0.07007042 0.1588198 0.5911611 0.4411945 0.1185301 -0.5953505 0.184557 0.7819824 -0.7956502 0 -0.6057563
Neonatal-Rib Peripheral_Blood 0.08897072 0.1948614 0.4727813 0.4565846 0.1881858 0.9695891 0.1804953 0.1652832 -0.1680432 0 0.9857796
Neonatal-Rib Placenta 0.06553151 0.1445235 0.2491359 0.4534316 0.2630352 0.1134267 0.86125 -0.4953612 0.9747724 0 0.2232013
Neonatal-Rib Prostate 0 0 0 0.4905341 0.00443001 -0.03431653 0.01693172 0.9992676 -0.9994109 0 -0.03432145
Neonatal-Rib Small-Intestine 0.1825542 0.3740213 0.7970515 0.4880852 0.2290369 -0.163272 0.004171492 0.9865723 -0.9865808 0 -0.1632735
Neonatal-Rib Spleen 0.02462026 0.065189 0.3574282 0.377675 0.06888168 -0.4691041 0.6936396 0.5466309 -0.75887 0 -0.6512421
Neonatal-Rib Stomach 0 0 0 0.4523244 0.005879655 -0.5698377 0.06613297 0.8190918 -0.8208889 0 -0.571088
Neonatal-Rib Testis 0.02377304 0.05380401 0.659936 0.4418451 0.03602325 0.8292333 0.1667517 0.5334473 -0.5410222 0 0.8410084
Neonatal-Rib Thymus 0.002939564 0.007856944 0.2872475 0.3741358 0.01023356 -0.3607619 0.8970848 0.255127 -0.5773952 0 -0.8164648
Neonatal-Rib Trophoblast-Stem-Cell 0.0154108 0.03478846 0.2742028 0.442986 0.05620221 -0.2358376 0.8535384 -0.4645996 0.8916947 0 -0.4526374
Neonatal-Rib Uterus 0.1252523 0.2763922 0.5526515 0.4531686 0.2266388 -0.9810124 0.07238287 0.1799317 -0.1804049 0 -0.9835925
Neonatal-Skin Ovary 0.0002209579 0.004703037 0.003226976 0.04698196 0.06847212 -0.6620184 0.7457306 0.07495122 -0.1124975 0 -0.993652
Neonatal-Skin Pancreas 0.03672 1 0.14208 0.03672 0.258446 0.1479281 0.9520444 -0.2678223 0.8753508 0 0.4834884
Neonatal-Skin Peripheral_Blood 0.01562971 0.2750587 0.06516126 0.05682318 0.2398621 0.4183583 0.8377915 0.3508301 -0.6425573 0 0.7662376
Neonatal-Skin Placenta 0.03128215 0.71213 0.1176874 0.04392758 0.2658072 0.3292878 0.7402437 -0.5861816 0.8718547 0 0.4897648
Neonatal-Skin Prostate 0 0 0 0.08375925 0.00443001 -0.03431653 0.01693172 0.9992676 -0.9994109 0 -0.03432145
Neonatal-Skin Small-Intestine 0.01113214 0.2012176 0.04131757 0.05532391 0.2694288 -0.910355 0.2849989 0.3000488 -0.3130309 0 -0.949743
Neonatal-Skin Spleen 0 0 0 0.08375925 0.04097946 -0.03431653 0.01693172 0.9992676 -0.9994109 0 -0.03432145
Neonatal-Skin Stomach 0 0 0 0.08011737 0.009168332 -0.1153257 0.02846082 0.9929199 -0.9933223 0 -0.1153724
Neonatal-Skin Testis 0 0 0 0.08375925 0.0689667 -0.03431653 0.01693172 0.9992676 -0.9994109 0 -0.03432145
Neonatal-Skin Thymus 0 0 0 0.08375925 0.01889537 -0.03431653 0.01693172 0.9992676 -0.9994109 0 -0.03432145
Neonatal-Skin Trophoblast-Stem-Cell 0 0 0 0.05239425 0.07599438 -0.818154 0.007431732 0.5749512 -0.574967 0 -0.8181766
Neonatal-Skin Uterus 0.01438869 0.3911938 0.04366805 0.03678149 0.3295015 0.1642103 0.9266605 -0.3381348 0.8995359 0 0.4368468
Ovary Pancreas 0.01135694 0.1041639 0.09383024 0.1090295 0.1210371 0.01518935 0.2113384 0.9772949 -0.9998792 0 0.01554036
Ovary Peripheral_Blood 0.01566868 0.1809316 0.07800064 0.08660003 0.2008789 -0.5310066 0.6611362 0.5300292 -0.7064551 0 -0.7077578
Ovary Placenta 0.01789497 0.2729385 0.06937639 0.06556412 0.2579404 0.132208 0.9148272 -0.3815918 0.9448953 0 0.3273726
Ovary Prostate 0 0 0 0.1047971 0.00443001 -0.03431653 0.01693172 0.9992676 -0.9994109 0 -0.03432145
Ovary Small-Intestine 0.001612424 0.02221968 0.003785038 0.07256737 0.4259994 0.0654659 0.7548796 -0.652588 0.9950059 0 0.09981637
Ovary Spleen 0 0 0 0.1047971 0.04097946 -0.03431653 0.01693172 0.9992676 -0.9994109 0 -0.03432145
Ovary Stomach 0 0 0 0.1047971 0.009461557 -0.03431653 0.01693172 0.9992676 -0.9994109 0 -0.03432145
Ovary Testis 0 0 0 0.08573332 0.09624173 -0.7499 0.5507818 0.3664551 -0.4390528 0 -0.8984613
Ovary Thymus 0 0 0 0.1047971 0.01889537 -0.03431653 0.01693172 0.9992676 -0.9994109 0 -0.03432145
Ovary Trophoblast-Stem-Cell 0 0 0 0.1047971 0.06465857 -0.03431653 0.01693172 0.9992676 -0.9994109 0 -0.03432145
Ovary Uterus 0.02300009 0.5083199 0.07728112 0.04524728 0.2976159 -0.2636377 0.9229329 -0.2805175 0.7286909 0 -0.6848428
Pancreas Peripheral_Blood 0.03343404 0.2404635 0.1572322 0.13904 0.2126411 0.8205126 0.5707601 -0.0314941 0.03835521 0 0.9992642
Pancreas Placenta 0.06024311 0.4716345 0.2345983 0.1277326 0.2567926 0.7584661 0.3879262 -0.5236817 0.5681753 0 0.8229076
Pancreas Prostate 0 0 0 0.1415802 0.00443001 -0.03431653 0.01693172 0.9992676 -0.9994109 0 -0.03432145
Pancreas Small-Intestine 0.016434 0.1345811 0.07608187 0.1221123 0.2160042 -0.2184915 0.2148015 0.9519043 -0.9746549 0 -0.2237135
Pancreas Spleen 0 0 0 0.137354 0.03864813 -0.2136004 0.03431214 0.9763184 -0.9768936 0 -0.2137263
Pancreas Stomach 0 0 0 0.1249925 0.008946633 -0.377844 0.1576228 0.9123535 -0.9239029 0 -0.3826271
Pancreas Testis 0 0 0 0.1415802 0.0689667 -0.03431653 0.01693172 0.9992676 -0.9994109 0 -0.03432145
Pancreas Thymus 0 0 0 0.1415802 0.01889537 -0.03431653 0.01693172 0.9992676 -0.9994109 0 -0.03432145
Pancreas Trophoblast-Stem-Cell 0.01583336 0.1259467 0.2182565 0.1257148 0.07254472 0.7209578 0.3982132 -0.5671386 0.6182743 0 0.7859625
Pancreas Uterus 0.06428718 0.4854888 0.2551848 0.1324174 0.251924 0.8018684 0.4818779 0.3532715 -0.4031683 0 0.9151258
Peripheral_Blood Placenta 0.1163758 0.6671584 0.4284149 0.174435 0.2716426 0.9392399 0.05321702 0.3391114 -0.3395925 0 0.9405726
Peripheral_Blood Prostate 0 0 0 0.2376874 0.00443001 -0.03431653 0.01693172 0.9992676 -0.9994109 0 -0.03432145
Peripheral_Blood Small-Intestine 0.08497905 0.4957823 0.3930406 0.171404 0.2162093 -0.773301 0.09613223 -0.626709 0.6296251 0 -0.7768992
Peripheral_Blood Spleen 0.02187563 0.08858494 0.5147903 0.2469452 0.04249425 0.2427989 0.2711997 -0.9313965 0.9676614 0 0.2522525
Peripheral_Blood Stomach 0 0 0 0.2302812 0.0103407 0.1493689 0.02250491 0.9885254 -0.9887758 0 0.1494068
Peripheral_Blood Testis 0 0 0 0.2276365 0.0713322 0.01518935 0.2113384 0.9772949 -0.9998792 0 0.01554036
Peripheral_Blood Thymus 0.002412835 0.01053716 0.1997684 0.2289833 0.01207816 -0.07506518 0.7594332 0.6462402 -0.9933213 0 -0.115381
Peripheral_Blood Trophoblast-Stem-Cell 0.002353303 0.00933216 0.04533623 0.2521712 0.05190777 0.1006832 0.7267872 -0.6794434 0.9891982 0 0.1465842
Peripheral_Blood Uterus 0.09196673 0.5164683 0.4996307 0.1780685 0.1840694 0.9499839 0.005177998 0.3122559 -0.3122601 0 0.9499967
Placenta Prostate 0 0 0 0.2975727 0.00443001 -0.03431653 0.01693172 0.9992676 -0.9994109 0 -0.03432145
Placenta Small-Intestine 0.1088197 0.4887266 0.4058765 0.2226596 0.2681103 -0.865567 0.2820429 0.4138183 -0.4313295 0 -0.9021944
Placenta Spleen 0.01418432 0.04955204 0.2409161 0.2862509 0.05887658 -0.6772301 0.1317631 -0.723877 0.7302438 0 -0.6831866
Placenta Stomach 0 0 0 0.2929718 0.01029359 0.2073021 0.003277564 0.9782715 -0.9782767 0 0.2073032
Placenta Testis 0 0 0 0.2870216 0.07614437 0.01436153 0.3574081 0.9338379 -0.9998817 0 0.01537722
Placenta Thymus 0.001331014 0.004462314 0.1727293 0.298279 0.007705781 -0.1583029 0.9843528 0.07739256 -0.4392102 0 -0.8983843
Placenta Trophoblast-Stem-Cell 0.01358797 0.04822667 0.2339036 0.2817521 0.05809216 -0.03600485 0.484988 0.8737793 -0.9991521 0 -0.04117094
Placenta Uterus 0.1333953 0.5237763 0.5556915 0.25468 0.2400528 0.8332879 0.4108835 0.369873 -0.4057014 0 0.9140057
Prostate Small-Intestine 0 0 0 0.004636745 0.2146342 -0.009749388 0.1570104 0.9875488 -0.9999513 0 -0.009871829
Prostate Spleen 0 0 0 0.00443001 0.04097946 -0.03431653 0.01693172 0.9992676 -0.9994109 0 -0.03432145
Prostate Stomach 0 0 0 0.00443001 0.009461557 -0.03431653 0.01693172 0.9992676 -0.9994109 0 -0.03432145
Prostate Testis 0 0 0 0.00443001 0.0689667 -0.03431653 0.01693172 0.9992676 -0.9994109 0 -0.03432145
Prostate Thymus 0 0 0 0.00443001 0.01889537 -0.03431653 0.01693172 0.9992676 -0.9994109 0 -0.03432145
Prostate Trophoblast-Stem-Cell 0 0 0 0.00443001 0.06465857 -0.03431653 0.01693172 0.9992676 -0.9994109 0 -0.03432145
Prostate Uterus 0 0 0 0.00443001 0.4098195 -0.03431653 0.01693172 0.9992676 -0.9994109 0 -0.03432145
Small-Intestine Spleen 0.01797782 0.07384658 0.4746714 0.2434483 0.03787426 0.07928432 0.05449619 -0.9953613 0.9968426 0 0.07940231
Small-Intestine Stomach 0 0 0 0.2341587 0.009461557 -0.03431653 0.01693172 0.9992676 -0.9994109 0 -0.03432145
Small-Intestine Testis 0.0017463 0.008205128 0.04616649 0.2128303 0.03782613 0.7935495 0.2732548 0.5437012 -0.5652122 0 0.8249456
Small-Intestine Thymus 1.085119E-05 2.948642E-05 0.0005475979 0.3680063 0.01981597 -0.3468727 0.573759 -0.7419434 0.9058871 0 -0.4235194
Small-Intestine Trophoblast-Stem-Cell 0.01006363 0.04426899 0.1362586 0.2273292 0.07385688 -0.5609938 0.02659846 -0.8273926 0.8276854 0 -0.5611923
Small-Intestine Uterus 0.09261417 0.3787759 0.4915316 0.2445092 0.1884196 -0.9557953 0.2169299 -0.1984863 0.2033281 0 -0.9791106
Spleen Stomach 0 0 0 0.04097946 0.009461557 -0.03431653 0.01693172 0.9992676 -0.9994109 0 -0.03432145
Spleen Testis 0 0 0 0.04097946 0.0689667 -0.03431653 0.01693172 0.9992676 -0.9994109 0 -0.03432145
Spleen Thymus 0.002060035 0.02590362 0.1819713 0.07952692 0.01132066 -0.4412155 0.8957481 0.05444333 -0.1224651 0 -0.9924728
Spleen Trophoblast-Stem-Cell 0 0 0 0.04097946 0.06465857 -0.03431653 0.01693172 0.9992676 -0.9994109 0 -0.03432145
Spleen Uterus 0.01954714 0.4485689 0.05130909 0.04357667 0.3809683 -0.3566344 0.2782502 0.8918457 -0.928514 0 -0.3712974
Stomach Testis 0 0 0 0.009461557 0.0689667 -0.03431653 0.01693172 0.9992676 -0.9994109 0 -0.03432145
Stomach Thymus 0 0 0 0.009461557 0.01889537 -0.03431653 0.01693172 0.9992676 -0.9994109 0 -0.03432145
Stomach Trophoblast-Stem-Cell 0 0 0 0.008615785 0.06409708 -0.2136004 0.03431214 0.9763184 -0.9768936 0 -0.2137263
Stomach Uterus 0 0 0 0.002483098 0.2888742 -0.8629833 0.02448875 0.5046387 -0.5047901 0 -0.8632421
Testis Thymus 0 0 0 0.0689667 0.01889537 -0.03431653 0.01693172 0.9992676 -0.9994109 0 -0.03432145
Testis Trophoblast-Stem-Cell 0 0 0 0.0689667 0.06465857 -0.03431653 0.01693172 0.9992676 -0.9994109 0 -0.03432145
Testis Uterus 0 0 0 0.07050914 0.3230221 0.2155367 0.5970518 0.7727051 -0.9632292 0 0.268681
Thymus Trophoblast-Stem-Cell 0 0 0 0.01889537 0.06465857 -0.03431653 0.01693172 0.9992676 -0.9994109 0 -0.03432145
Thymus Uterus 0.001550075 0.1622916 0.006685717 0.009551175 0.2318488 -0.3499265 0.9183654 0.1848144 -0.4670175 0 -0.8842481
Trophoblast-Stem-Cell Uterus 0.01999894 0.3558391 0.06403514 0.05620221 0.312312 -0.2358376 0.8535384 -0.4645996 0.8916947 0 -0.4526374
