11 14 0 0 0
11 8 0 0 0
11 1 0.076919 0.8109479 0.3704532
11 12 0 0 0
11 22 0 0 0
11 20 0 0 0
11 0 0.07547494 0.7957234 0.206792
11 6 0.01449745 0.1528449 0.114648
11 5 0 0 0
11 2 0 0 0
11 13 0 0 0
11 9 0.08755401 0.9230716 0.3277758
11 3 0 0 0
11 4 0.06277031 0.66178 0.3021826
11 10 0.06278836 0.6619703 0.3973821
11 16 0.009354334 0.09862164 0.1748223
11 7 0 0 0
11 15 0 0 0
11 17 0 0 0
11 18 0 0 0
11 21 0.006481084 0.0683293 0.4498056
11 23 0 0 0
11 19 0.002441103 0.02573626 0.07102529
14 8 0 0 0
14 1 0.0001328721 0.005071115 0.0006399314
14 12 0 0 0
14 22 0 0 0
14 20 0 0 0
14 0 4.883473E-05 0.001863797 0.0001338011
14 6 0 0 0
14 5 0 0 0
14 2 0 0 0
14 13 0 0 0
14 9 0.007960594 0.3038192 0.02980206
14 3 0 0 0
14 4 0.0006380984 0.02435328 0.00307187
14 10 0 0 0
14 16 0.01619452 0.6180704 0.3026579
14 7 0 0 0
14 15 0 0 0
14 17 0 0 0
14 18 0 0 0
14 21 0.0007379401 0.02816378 0.05121513
14 23 0 0 0
14 19 0.005230732 0.199633 0.1521911
8 1 0.0006631022 0.003548326 0.003193598
8 12 0.0151635 0.08114142 0.2466596
8 22 0.0009722761 0.005202747 1
8 20 0.03790328 0.2028242 0.7444119
8 0 0.1240719 0.6639211 0.3399416
8 6 0.01032418 0.05524572 0.08164518
8 5 0.1063193 0.5689255 0.7948543
8 2 0.1338207 0.7160879 0.8258062
8 13 0.004592889 0.02457701 0.09910428
8 9 0 0 0
8 3 0.05938302 0.3177645 0.5731948
8 4 0.004093671 0.02190565 0.01970734
8 10 0 0 0
8 16 0 0 0
8 7 0.06877429 0.3680182 0.6018721
8 15 0.05309031 0.2840916 0.4879705
8 17 0.0458307 0.2452447 0.7479988
8 18 0.03685525 0.1972161 0.889834
8 21 0 0 0
8 23 0 0 0
8 19 0 0 0
1 12 0.00110395 0.005316787 0.01795759
1 22 0 0 0
1 20 0.008541802 0.04113858 0.1677591
1 0 0.1881748 0.9062777 0.5155758
1 6 0.08133259 0.3917098 0.6431906
1 5 0.006017045 0.02897898 0.04498405
1 2 0.01334807 0.06428629 0.08237085
1 13 0.007651009 0.03684839 0.1650917
1 9 0.1823087 0.8780258 0.6825089
1 3 0 0 0
1 4 0.1775336 0.8550282 0.8546647
1 10 0.1482318 0.7139062 0.9381464
1 16 0.01711626 0.08243443 0.3198842
1 7 0 0 0
1 15 0.0009815407 0.004727244 0.009021663
1 17 0 0 0
1 18 0 0 0
1 21 0.004682361 0.02255094 0.3249691
1 23 0 0 0
1 19 0.019203 0.09248446 0.5587221
12 22 0.0009722761 0.01581569 1
12 20 0.0008274429 0.01345974 0.01625079
12 0 0.03038934 0.4943331 0.08326302
12 6 0.02976182 0.4841256 0.235361
12 5 0.005538766 0.09009726 0.04140839
12 2 0.003310622 0.05385278 0.02042982
12 13 0.02735765 0.4450178 0.590317
12 9 0.008368268 0.1361238 0.03132827
12 3 0.008538777 0.1388974 0.08242057
12 4 0.008517481 0.138551 0.04100401
12 10 0 0 0
12 16 0 0 0
12 7 0.0100105 0.1628374 0.08760599
12 15 0.04885833 0.794762 0.4490729
12 17 0 0 0
12 18 0 0 0
12 21 0 0 0
12 23 0 0 0
12 19 0 0 0
22 20 0 0 0
22 0 0.0009722761 1 0.002663916
22 6 2.287375E-05 0.02352599 0.0001808891
22 5 0 0 0
22 2 0 0 0
22 13 0.0006036006 0.620812 0.01302435
22 9 0 0 0
22 3 0.0005940223 0.6109605 0.005733802
22 4 0 0 0
22 10 0 0 0
22 16 0 0 0
22 7 0.0003703247 0.3808843 0.003240864
22 15 0.0009722761 1 0.008936509
22 17 0 0 0
22 18 0 0 0
22 21 0 0 0
22 23 0 0 0
22 19 0 0 0
20 0 0.04810908 0.9448516 0.1318129
20 6 0.0129038 0.2534277 0.1020452
20 5 0.04603116 0.9040418 0.3441337
20 2 0.04337971 0.851968 0.2676958
20 13 0.005627013 0.1105133 0.1214184
20 9 0.005626498 0.1105032 0.02106391
20 3 0.0007709861 0.015142 0.007441945
20 4 0.01134664 0.2228455 0.05462387
20 10 0.001302423 0.0255793 0.008242925
20 16 0 0 0
20 7 0.003828593 0.07519271 0.03350559
20 15 0.007011294 0.1377003 0.06444311
20 17 0.009427087 0.1851459 0.1538586
20 18 0.002974469 0.05841791 0.07181564
20 21 0 0 0
20 23 0 0 0
20 19 0 0 0
0 6 0.1103392 0.3023157 0.872579
0 5 0.09386422 0.2571764 0.7017386
0 2 0.1187088 0.3252474 0.7325509
0 13 0.03232813 0.08857507 0.6975687
0 9 0.2044221 0.5600914 0.7652948
0 3 0.03556062 0.09743169 0.3432489
0 4 0.1858086 0.5090926 0.8945014
0 10 0.1540522 0.4220839 0.9749829
0 16 0.02038329 0.0558477 0.3809414
0 7 0.04004655 0.1097226 0.3504639
0 15 0.05574615 0.1527375 0.5123811
0 17 0.02415304 0.06617634 0.3941996
0 18 0.01508317 0.04132602 0.3641684
0 21 2.615993E-05 7.167499E-05 0.001815573
0 23 0 0 0
0 19 0.01030347 0.02823024 0.2997853
6 5 0.01478098 0.1168903 0.1105041
6 2 0.02248255 0.1777954 0.1387396
6 13 0.030704 0.2428119 0.6625236
6 9 0.06842699 0.5411311 0.25617
6 3 0 0 0
6 4 0.09971422 0.7885553 0.4800343
6 10 0.05846971 0.4623874 0.3700498
6 16 0 0 0
6 7 0 0 0
6 15 0.02925058 0.231318 0.2688516
6 17 0 0 0
6 18 0 0 0
6 21 0 0 0
6 23 0 0 0
6 19 0.001786817 0.01413042 0.05198844
5 2 0.1165428 0.8712862 0.7191848
5 13 0.003679756 0.02751024 0.07940091
5 9 0.0007729846 0.005778912 0.002893821
5 3 0.01314239 0.0982539 0.126857
5 4 0.01009547 0.07547481 0.04860063
5 10 0.0007003674 0.005236019 0.004432566
5 16 0 0 0
5 7 0.017743 0.1326485 0.1552763
5 15 0.02089112 0.1561842 0.1920171
5 17 0.01902554 0.1422369 0.3105142
5 18 0.03131419 0.2341081 0.7560506
5 21 0 0 0
5 23 0 0 0
5 19 0 0 0
2 13 0.003300752 0.02036891 0.07122286
2 9 0.003145441 0.01941049 0.01177558
2 3 0.025568 0.1577799 0.2467952
2 4 0.0197682 0.1219894 0.09516612
2 10 0.003816064 0.0235489 0.02415155
2 16 0 0 0
2 7 0.03037988 0.187474 0.2658668
2 15 0.02586953 0.1596407 0.2377754
2 17 0.02286069 0.1410731 0.3731072
2 18 0.03685029 0.2274028 0.8897144
2 21 0 0 0
2 23 0 0 0
2 19 0 0 0
13 9 0.01839369 0.3968947 0.06886042
13 3 0.0005160654 0.01113554 0.004981323
13 4 0.01557884 0.3361565 0.07499809
13 10 0.000896959 0.01935437 0.005676777
13 16 0 0 0
13 7 0.0001292842 0.002789663 0.001131419
13 15 0.02520307 0.5438259 0.2316497
13 17 0 0 0
13 18 0 0 0
13 21 0 0 0
13 23 0 0 0
13 19 0 0 0
9 3 0 0 0
9 4 0.158343 0.5927885 0.7622792
9 10 0.151788 0.5682485 0.9606533
9 16 0.03953874 0.1480211 0.7389358
9 7 0 0 0
9 15 0.00538354 0.02015435 0.04948189
9 17 0 0 0
9 18 0 0 0
9 21 0.01118989 0.04189159 0.7766102
9 23 0 0 0
9 19 0.01492416 0.05587155 0.4342269
3 4 0 0 0
3 10 0 0 0
3 16 0 0 0
3 7 0.09532413 0.9201164 0.8342206
3 15 0.05791703 0.5590442 0.5323344
3 17 0.03759404 0.3628766 0.6135689
3 18 0 0 0
3 21 0 0 0
3 23 0 0 0
3 19 0 0 0
4 10 0.1431434 0.6891065 0.905942
4 16 6.336482E-05 0.0003050446 0.001184219
4 7 0 0 0
4 15 0.007678119 0.03696324 0.07057212
4 17 0 0 0
4 18 0 0 0
4 21 0 0 0
4 23 3.19668E-06 1.538914E-05 0.03279342
4 19 0.01585376 0.07632161 0.4612742
10 16 0 0 0
10 7 0 0 0
10 15 0 0 0
10 17 0 0 0
10 18 0 0 0
10 21 3.407019E-07 2.156273E-06 2.364567E-05
10 23 0 0 0
10 19 0.006877546 0.0435274 0.2001061
16 7 0 0 0
16 15 0 0 0
16 17 0 0 0
16 18 0 0 0
16 21 0.00454487 0.08493865 0.3154269
16 23 0 0 0
16 19 0.003464495 0.06474762 0.1008015
7 15 0.05910713 0.5172708 0.543273
7 17 0.04480599 0.3921157 0.7312745
7 18 0 0 0
7 21 0 0 0
7 23 0 0 0
7 19 0 0 0
15 17 0.0167163 0.153645 0.2728252
15 18 0 0 0
15 21 0 0 0
15 23 0 0 0
15 19 0 0 0
17 18 0.0003087673 0.005039364 0.007454885
17 21 0 0 0
17 23 0 0 0
17 19 0 0 0
18 21 0 0 0
18 23 0 0 0
18 19 0 0 0
21 23 0 0 0
21 19 0.0001411694 0.009797557 0.004107405
23 19 0 0 0
