5 2 1599 4859 6458 0.07933279 0.5282167 0.5889869 0.1501899 0.1346937 0.8192225 0.4806927 -0.3127441 0.3566519 0 0.9342374
5 0 0 0 0 0 0 0 0.1737041 0.08201529 -0.03431653 0.01693172 0.9992676 -0.9994109 0 -0.03432145
5 9 3789 5970 9759 0.09243333 0.6150076 0.7966058 0.1502963 0.116034 -0.9505232 0.07280494 -0.3020019 0.3028055 0 -0.9530524
5 17 0 0 0 0 0 0 0.1737041 0.0356517 -0.03431653 0.01693172 0.9992676 -0.9994109 0 -0.03432145
5 3 0 0 0 0 0 0 0.1709213 0.09360375 0.1077844 0.05883846 0.9924316 -0.994154 0 0.1079714
5 18 0 0 0 0 0 0 0.1737041 0.0258756 -0.03431653 0.01693172 0.9992676 -0.9994109 0 -0.03432145
5 7 1 2 3 0.01768907 0.10405 0.1227521 0.1700055 0.1441041 0.2073021 0.003277564 0.9782715 -0.9782767 0 0.2073032
5 10 2590 1814 4404 0.07753827 0.4845579 0.3781984 0.1600186 0.2050201 0.6708502 0.268803 -0.691162 0.7175722 0 0.6964841
5 11 0 0 0 0 0 0 0.1520232 0.0552256 -0.2323153 0.5423821 0.807373 -0.9610074 0 -0.2765224
5 8 0 0 0 0 0 0 0.1700055 0.1692683 0.2073021 0.003277564 0.9782715 -0.9782767 0 0.2073032
5 12 1 5 6 0.01935109 0.110707 0.1031816 0.1747956 0.1875439 0.2564654 0.217991 -0.9416504 0.9648544 0 0.2627852
5 1 0 0 0 0 0 0 0.1623282 0.1762454 0.3927413 0.05137501 0.9182129 -0.919427 0 0.3932606
5 4 0 0 0 0 0 0 0.1590622 0.2148464 0.4518901 0.03573929 0.8913574 -0.8919272 0 0.452179
5 14 195 4 199 0.02092556 0.167385 0.1703674 0.1250145 0.1228261 0.1395563 0.985117 0.1003418 -0.5837728 0 0.8119171
5 15 34 13 47 0.0131286 0.1007542 0.07625768 0.1303032 0.172161 0.02583054 0.9988544 0.04028323 -0.8418035 0 0.5397841
5 13 6 1 7 0.01048098 0.06637866 0.0570588 0.1578968 0.1836874 0.1834841 0.3883131 0.9030762 -0.9799774 0 0.1991086
5 20 2 1 3 0.005044413 0.03386906 0.3482436 0.1489387 0.0144853 0.4309901 0.7331045 -0.526123 0.7735782 0 0.6337008
5 6 2 1 3 0.009502009 0.07044972 0.08418569 0.1348765 0.1128697 -0.1436509 0.9709899 0.1911621 -0.799439 0 -0.6007473
5 19 0 0 0 0 0 0 0.1737041 0.02300849 -0.03431653 0.01693172 0.9992676 -0.9994109 0 -0.03432145
5 16 0 0 0 0 0 0 0.1612955 0.03233246 -0.6017814 0.1010978 0.7922363 -0.7963163 0 -0.6048805
2 0 0 0 0 0 0 0 0.15287 0.08201529 -0.03431653 0.01693172 0.9992676 -0.9994109 0 -0.03432145
2 9 3212 2811 6023 0.05146895 0.3553465 0.4911115 0.1448416 0.1048009 0.4350219 0.4403432 0.7854004 -0.8747767 0 0.4845262
2 17 0 0 0 0 0 0 0.1452296 0.03479325 0.4518901 0.03573929 0.8913574 -0.8919272 0 0.452179
2 3 0 0 0 0 0 0 0.1452296 0.08135538 0.4518901 0.03573929 0.8913574 -0.8919272 0 0.452179
2 18 0 0 0 0 0 0 0.15287 0.0258756 -0.03431653 0.01693172 0.9992676 -0.9994109 0 -0.03432145
2 7 1779 467 2246 0.04290001 0.2730422 0.3393026 0.1571186 0.1264358 -0.4619934 0.3256035 -0.8249512 0.8724967 0 -0.4886201
2 10 5642 1011 6653 0.07486666 0.5905132 0.4805598 0.1267824 0.1557905 -0.9021291 0.3339589 0.2731933 -0.2898333 0 -0.9570771
2 11 0 0 0 0 0 0 0.15287 0.07368427 -0.03431653 0.01693172 0.9992676 -0.9994109 0 -0.03432145
2 8 12 0 12 0.007731448 0.05350577 0.04735846 0.1444975 0.1632538 0.5269197 0.05848553 0.8479004 -0.8493543 0 0.5278232
2 12 3439 612 4051 0.06499246 0.4559826 0.3429957 0.1425328 0.1894847 0.435982 0.6342947 0.6384277 -0.8258115 0 0.5639462
2 1 1 0 1 0.0008687098 0.006290217 0.005344046 0.1381049 0.1625566 0.8680545 0.01140375 0.4963379 -0.4963702 0 0.868111
2 4 13 1 14 0.01500192 0.09850045 0.09557804 0.152303 0.1569598 0.0777383 0.9471335 0.3112793 -0.9702023 0 0.2422965
2 14 1177 1 1178 0.03953999 0.3174328 0.1630695 0.1245617 0.2424732 -0.8978665 0.427388 0.1057128 -0.1169302 0 -0.9931401
2 15 1598 6 1604 0.03342216 0.2301983 0.1187233 0.1451886 0.2815131 0.7570024 0.2486598 -0.604248 0.6238424 0 0.7815502
2 13 2050 491 2541 0.05650133 0.3895998 0.2470045 0.145024 0.2287462 0.6261579 0.05730028 0.7775879 -0.7788675 0 0.6271884
2 20 252 2 254 0.01064531 0.06723699 0.8022054 0.1583251 0.01327005 0.3641683 0.7568563 -0.5427247 0.8303857 0 0.5571889
2 6 19 5 24 0.006684993 0.04335127 0.06421475 0.1542052 0.1041037 -0.1580929 0.1016541 -0.9821777 0.9872921 0 -0.1589161
2 19 0 0 0 0 0 0 0.15287 0.02300849 -0.03431653 0.01693172 0.9992676 -0.9994109 0 -0.03432145
2 16 0 0 0 0 0 0 0.1467011 0.03748928 -0.280432 0.3385359 0.8981934 -0.9545566 0 -0.2980296
0 9 0 0 0 0 0 0 0.08201529 0.1305703 -0.03431653 0.01693172 0.9992676 -0.9994109 0 -0.03432145
0 17 0 0 0 0 0 0 0.08201529 0.0356517 -0.03431653 0.01693172 0.9992676 -0.9994109 0 -0.03432145
0 3 0 0 0 0 0 0 0.08201529 0.09506855 -0.03431653 0.01693172 0.9992676 -0.9994109 0 -0.03432145
0 18 122 1037 1159 0.009018439 0.1098967 0.3687755 0.08206289 0.02445509 0.3925986 0.8733454 -0.2883301 0.5919302 0 0.8059892
0 7 0 0 0 0 0 0 0.08201529 0.1430532 -0.03431653 0.01693172 0.9992676 -0.9994109 0 -0.03432145
0 10 0 0 0 0 0 0 0.08201529 0.1856592 -0.03431653 0.01693172 0.9992676 -0.9994109 0 -0.03432145
0 11 0 0 0 0 0 0 0.08201529 0.07368427 -0.03431653 0.01693172 0.9992676 -0.9994109 0 -0.03432145
0 8 6 0 6 0.0007252666 0.009585442 0.004412333 0.07566335 0.1643726 -0.3573058 0.0458512 0.9328613 -0.9338435 0 -0.357682
0 12 30 0 30 0.002627264 0.03480744 0.01318823 0.07547994 0.1992128 -0.3232228 0.1158166 0.939209 -0.9455721 0 -0.3254126
0 1 0 0 0 0 0 0 0.08201529 0.1920585 -0.03431653 0.01693172 0.9992676 -0.9994109 0 -0.03432145
0 4 11 0 11 0.001073128 0.01410627 0.004415849 0.07607457 0.2430174 -0.3069578 0.06555232 0.9494629 -0.9515095 0 -0.3076195
0 14 0 0 0 0 0 0 0.08201529 0.1471712 -0.03431653 0.01693172 0.9992676 -0.9994109 0 -0.03432145
0 15 0 0 0 0 0 0 0.08201529 0.1427273 -0.03431653 0.01693172 0.9992676 -0.9994109 0 -0.03432145
0 13 0 0 0 0 0 0 0.08201529 0.1948608 -0.03431653 0.01693172 0.9992676 -0.9994109 0 -0.03432145
0 20 0 0 0 0 0 0 0.08201529 0.07065268 -0.03431653 0.01693172 0.9992676 -0.9994109 0 -0.03432145
0 6 0 0 0 0 0 0 0.0851389 0.09821497 0.05644158 0.06422738 0.9963379 -0.9983993 0 0.05655836
0 19 659 24 683 0.004963835 0.06758582 0.2249601 0.07344493 0.0220654 -0.4045722 0.265083 0.8752441 -0.9077172 0 -0.4195826
0 16 0 0 0 0 0 0 0.08201529 0.04703296 -0.03431653 0.01693172 0.9992676 -0.9994109 0 -0.03432145
9 17 0 0 0 0 0 0 0.1305703 0.0356517 -0.03431653 0.01693172 0.9992676 -0.9994109 0 -0.03432145
9 3 0 0 0 0 0 0 0.1305703 0.09506855 -0.03431653 0.01693172 0.9992676 -0.9994109 0 -0.03432145
9 18 0 0 0 0 0 0 0.1305703 0.0258756 -0.03431653 0.01693172 0.9992676 -0.9994109 0 -0.03432145
9 7 0 0 0 0 0 0 0.1201351 0.1441041 0.2073021 0.003277564 0.9782715 -0.9782767 0 0.2073032
9 10 842 419 1261 0.05153071 0.4366571 0.3322297 0.1180118 0.1551057 -0.3358626 0.9238935 -0.1833496 0.4791578 0 -0.8777288
9 11 0 0 0 0 0 0 0.1328369 0.06281879 -0.2310716 0.3312947 0.9147949 -0.9695479 0 -0.2449018
9 8 0 0 0 0 0 0 0.1305703 0.1693109 -0.03431653 0.01693172 0.9992676 -0.9994109 0 -0.03432145
9 12 0 0 0 0 0 0 0.1124989 0.2005844 0.3547372 0.01683701 0.9348145 -0.934947 0 0.3547874
9 1 0 0 0 0 0 0 0.1233645 0.1858837 0.1493689 0.02250491 0.9885254 -0.9887758 0 0.1494068
9 4 0 0 0 0 0 0 0.1274837 0.2296505 0.05644158 0.06422738 0.9963379 -0.9983993 0 0.05655836
9 14 0 0 0 0 0 0 0.1124989 0.1324781 0.3547372 0.01683701 0.9348145 -0.934947 0 0.3547874
9 15 0 0 0 0 0 0 0.1253536 0.1518845 0.1077844 0.05883846 0.9924316 -0.994154 0 0.1079714
9 13 0 0 0 0 0 0 0.1305703 0.1948608 -0.03431653 0.01693172 0.9992676 -0.9994109 0 -0.03432145
9 20 0 0 0 0 0 0 0.1124989 0.04601415 0.3547372 0.01683701 0.9348145 -0.934947 0 0.3547874
9 6 0 0 0 0 0 0 0.1305703 0.1043458 -0.03431653 0.01693172 0.9992676 -0.9994109 0 -0.03432145
9 19 0 0 0 0 0 0 0.1305703 0.02300849 -0.03431653 0.01693172 0.9992676 -0.9994109 0 -0.03432145
9 16 0 0 0 0 0 0 0.1420902 0.0317698 -0.5582472 0.2249971 0.798584 -0.819599 0 -0.5729377
17 3 199 130 329 0.006120342 0.1819789 0.09006509 0.03363216 0.06795465 0.9081396 0.2540685 0.3327637 -0.3440534 0 0.9389501
17 18 0 0 0 0 0 0 0.0356517 0.0258756 -0.03431653 0.01693172 0.9992676 -0.9994109 0 -0.03432145
17 7 0 0 0 0 0 0 0.0360228 0.1375308 -0.818154 0.007431732 0.5749512 -0.574967 0 -0.8181766
17 10 0 0 0 0 0 0 0.03479325 0.151915 0.4518901 0.03573929 0.8913574 -0.8919272 0 0.452179
17 11 0 0 0 0 0 0 0.0356517 0.07368427 -0.03431653 0.01693172 0.9992676 -0.9994109 0 -0.03432145
17 8 0 0 0 0 0 0 0.03620311 0.1624773 -0.4001794 0.01801315 0.9162598 -0.9164084 0 -0.4002444
17 12 0 0 0 0 0 0 0.0360228 0.1951159 -0.818154 0.007431732 0.5749512 -0.574967 0 -0.8181766
17 1 23 0 23 0.0002029723 0.006907176 0.001316079 0.02938572 0.154225 -0.9712077 0.2008159 -0.1281739 0.1308392 0 -0.9914036
17 4 0 0 0 0 0 0 0.03286762 0.2059064 0.7923183 0.0008303243 0.6101074 -0.6101077 0 0.7923186
17 14 0 0 0 0 0 0 0.03478438 0.1359225 0.2728818 0.02695352 0.9616699 -0.9620194 0 0.272981
17 15 0 0 0 0 0 0 0.03195935 0.2553998 0.8906685 0.04010629 0.4528809 -0.4532456 0 0.8913857
17 13 1398 62 1460 0.02312407 0.5952846 0.1225924 0.03884541 0.1886256 0.1728503 0.5093566 0.8430176 -0.9796202 0 0.200859
17 20 0 0 0 0 0 0 0.0346914 0.04601415 0.3547372 0.01683701 0.9348145 -0.934947 0 0.3547874
17 6 0 0 0 0 0 0 0.0356517 0.1043458 -0.03431653 0.01693172 0.9992676 -0.9994109 0 -0.03432145
17 19 0 0 0 0 0 0 0.0356517 0.02300849 -0.03431653 0.01693172 0.9992676 -0.9994109 0 -0.03432145
17 16 0 0 0 0 0 0 0.0356517 0.04703296 -0.03431653 0.01693172 0.9992676 -0.9994109 0 -0.03432145
3 18 0 0 0 0 0 0 0.09506855 0.0258756 -0.03431653 0.01693172 0.9992676 -0.9994109 0 -0.03432145
3 7 0 0 0 0 0 0 0.0794735 0.1398223 -0.7852139 0.03178525 0.6184082 -0.6187209 0 -0.7856109
3 10 0 0 0 0 0 0 0.08387367 0.1509082 0.4227867 0.09136975 0.9016113 -0.9053986 0 0.4245626
3 11 0 0 0 0 0 0 0.09506855 0.07368427 -0.03431653 0.01693172 0.9992676 -0.9994109 0 -0.03432145
3 8 0 0 0 0 0 0 0.0794735 0.159483 -0.7852139 0.03178525 0.6184082 -0.6187209 0 -0.7856109
3 12 0 0 0 0 0 0 0.08471429 0.2046476 -0.7552446 0.1982063 0.6247559 -0.6374017 0 -0.7705317
3 1 20 0 20 0.0004802301 0.007014591 0.003179766 0.0684616 0.1510268 0.9653062 0.164388 -0.2028808 0.2056789 0 0.9786195
3 4 0 0 0 0 0 0 0.06869783 0.2015334 0.8504537 0.05474683 0.5231934 -0.5239792 0 0.8517311
3 14 0 0 0 0 0 0 0.08467683 0.1324781 0.3547372 0.01683701 0.9348145 -0.934947 0 0.3547874
3 15 0 0 0 0 0 0 0.06818785 0.2487934 0.8680545 0.01140375 0.4963379 -0.4963702 0 0.868111
3 13 77 0 77 0.00363712 0.0515925 0.01192614 0.07049706 0.3049704 -0.9608328 0.00402823 0.2770996 -0.2771018 0 -0.9608406
3 20 0 0 0 0 0 0 0.07694221 0.02972844 0.569857 0.03388599 0.8210449 -0.8215167 0 0.5701845
3 6 0 0 0 0 0 0 0.08467683 0.09895863 0.3547372 0.01683701 0.9348145 -0.934947 0 0.3547874
3 19 0 0 0 0 0 0 0.09506855 0.02300849 -0.03431653 0.01693172 0.9992676 -0.9994109 0 -0.03432145
3 16 0 0 0 0 0 0 0.09506855 0.04703296 -0.03431653 0.01693172 0.9992676 -0.9994109 0 -0.03432145
18 7 0 0 0 0 0 0 0.0258756 0.1430532 -0.03431653 0.01693172 0.9992676 -0.9994109 0 -0.03432145
18 10 0 0 0 0 0 0 0.0258756 0.1856592 -0.03431653 0.01693172 0.9992676 -0.9994109 0 -0.03432145
18 11 0 0 0 0 0 0 0.0258756 0.07368427 -0.03431653 0.01693172 0.9992676 -0.9994109 0 -0.03432145
18 8 0 0 0 0 0 0 0.0258756 0.1693109 -0.03431653 0.01693172 0.9992676 -0.9994109 0 -0.03432145
18 12 0 0 0 0 0 0 0.0258756 0.2017976 -0.03431653 0.01693172 0.9992676 -0.9994109 0 -0.03432145
18 1 0 0 0 0 0 0 0.0258756 0.1920585 -0.03431653 0.01693172 0.9992676 -0.9994109 0 -0.03432145
18 4 0 0 0 0 0 0 0.0258756 0.2343629 -0.03431653 0.01693172 0.9992676 -0.9994109 0 -0.03432145
18 14 0 0 0 0 0 0 0.0258756 0.1471712 -0.03431653 0.01693172 0.9992676 -0.9994109 0 -0.03432145
18 15 0 0 0 0 0 0 0.0258756 0.1427273 -0.03431653 0.01693172 0.9992676 -0.9994109 0 -0.03432145
18 13 0 0 0 0 0 0 0.0258756 0.1948608 -0.03431653 0.01693172 0.9992676 -0.9994109 0 -0.03432145
18 20 0 0 0 0 0 0 0.0258756 0.07065268 -0.03431653 0.01693172 0.9992676 -0.9994109 0 -0.03432145
18 6 0 0 0 0 0 0 0.0258756 0.1043458 -0.03431653 0.01693172 0.9992676 -0.9994109 0 -0.03432145
18 19 0 0 0 0 0 0 0.0258756 0.02300849 -0.03431653 0.01693172 0.9992676 -0.9994109 0 -0.03432145
18 16 0 0 0 0 0 0 0.0258756 0.04703296 -0.03431653 0.01693172 0.9992676 -0.9994109 0 -0.03432145
7 10 1056 129 1185 0.04060527 0.3111934 0.2521808 0.1304824 0.1610165 -0.5694948 0.4121847 -0.7111817 0.7805745 0 -0.6250627
7 11 0 0 0 0 0 0 0.1430532 0.07368427 -0.03431653 0.01693172 0.9992676 -0.9994109 0 -0.03432145
7 8 3966 1677 5643 0.05480954 0.4704019 0.4298116 0.1165164 0.1275199 0.209596 0.977783 0.003173779 -0.01514063 0 0.9998854
7 12 5434 353 5787 0.06591581 0.693243 0.3646172 0.09508326 0.1807808 0.6948562 0.6444806 -0.3190919 0.4173205 0 0.9087594
7 1 881 379 1260 0.02193126 0.1577172 0.1524745 0.1390543 0.1438356 -0.4054347 0.9100524 -0.08618169 0.2079207 0 -0.9781457
7 4 3820 755 4575 0.05945688 0.4667921 0.2878125 0.1273734 0.206582 0.9512446 0.1431752 -0.2731934 0.2760373 0 0.9611469
7 14 1689 204 1893 0.0624113 0.437762 0.4603276 0.142569 0.1355802 0.01770441 0.9743443 0.2243652 -0.9969012 0 0.07866436
7 15 3566 2598 6164 0.08644803 0.6114558 0.4942344 0.1413807 0.174913 -0.5034958 0.8515314 -0.1462402 0.2789229 0 -0.9603136
7 13 5406 196 5602 0.07695562 0.6479086 0.4495657 0.1187754 0.1711777 -0.2909758 0.3929383 -0.8723145 0.9486166 0 -0.3164278
7 20 92 2 94 0.007192611 0.04701193 0.5537095 0.1529954 0.01298986 -0.7453334 0.1316493 -0.6535645 0.6593028 0 -0.7518774
7 6 3075 37 3112 0.02783899 0.2061948 0.2276034 0.1350131 0.1223136 -0.6295676 0.4392396 -0.6408692 0.7133689 0 -0.7007887
7 19 0 0 0 0 0 0 0.1430532 0.02300849 -0.03431653 0.01693172 0.9992676 -0.9994109 0 -0.03432145
7 16 0 0 0 0 0 0 0.1430532 0.04703296 -0.03431653 0.01693172 0.9992676 -0.9994109 0 -0.03432145
10 11 0 0 0 0 0 0 0.1845998 0.07184067 -0.06643912 0.06958211 0.9953613 -0.9977797 0 -0.06660055
10 8 0 0 0 0 0 0 0.1453787 0.1699222 0.6076496 0.005010491 0.7941895 -0.7941994 0 0.6076573
10 12 1077 644 1721 0.0519361 0.3895054 0.2463199 0.1333386 0.2108482 0.6838235 0.2026961 0.7009277 -0.7157863 0 0.6983194
10 1 0 0 0 0 0 0 0.1410511 0.1655624 0.6600751 0.02648859 0.7507324 -0.750996 0 0.6603068
10 4 38 0 38 0.006095406 0.04282207 0.03090055 0.1423426 0.1972588 0.8877239 0.1892533 0.4196778 -0.4274016 0 0.9040619
10 14 2197 8 2205 0.0402814 0.2613186 0.3389423 0.1541467 0.1188444 0.09598455 0.9937561 -0.05688472 0.5098355 0 0.8602719
10 15 3323 620 3943 0.05980518 0.3662384 0.3506455 0.1632958 0.1705574 -0.5002645 0.8259119 -0.2600098 0.4611744 0 -0.8873096
10 13 84 2 86 0.03100168 0.210445 0.1015942 0.1473148 0.3051521 -0.921174 0.01351751 -0.388916 0.3889515 0 -0.9212582
10 20 1 0 1 0.003208602 0.02272259 0.1972308 0.1412076 0.01626826 0.732671 0.01490012 0.6804199 -0.6804954 0 0.7327523
10 6 3625 2401 6026 0.06040942 0.3962835 0.5229357 0.1524399 0.1155198 -0.455502 0.8814499 0.1247558 -0.2641579 0 -0.9644794
10 19 0 0 0 0 0 0 0.1856592 0.02300849 -0.03431653 0.01693172 0.9992676 -0.9994109 0 -0.03432145
10 16 0 0 0 0 0 0 0.1966411 0.03930921 -0.3726342 0.09969591 0.9226074 -0.9272269 0 -0.3745
11 8 0 0 0 0 0 0 0.07368427 0.1693109 -0.03431653 0.01693172 0.9992676 -0.9994109 0 -0.03432145
11 12 0 0 0 0 0 0 0.07368427 0.2017976 -0.03431653 0.01693172 0.9992676 -0.9994109 0 -0.03432145
11 1 0 0 0 0 0 0 0.0732079 0.1810406 0.2073021 0.003277564 0.9782715 -0.9782767 0 0.2073032
11 4 7 0 7 0.0002546918 0.0050215 0.001728168 0.05072026 0.1473768 0.1699505 0.9749045 0.1437989 -0.6459281 0 0.7633982
11 14 215 131 346 0.003340071 0.1009753 0.0246265 0.03307809 0.1356291 0.5238841 0.6577106 0.5412598 -0.7185462 0 0.6954792
11 15 0 0 0 0 0 0 0.07368427 0.1427273 -0.03431653 0.01693172 0.9992676 -0.9994109 0 -0.03432145
11 13 0 0 0 0 0 0 0.07368427 0.1948608 -0.03431653 0.01693172 0.9992676 -0.9994109 0 -0.03432145
11 20 0 0 0 0 0 0 0.07368427 0.07065268 -0.03431653 0.01693172 0.9992676 -0.9994109 0 -0.03432145
11 6 0 0 0 0 0 0 0.07368427 0.1043458 -0.03431653 0.01693172 0.9992676 -0.9994109 0 -0.03432145
11 19 0 0 0 0 0 0 0.07368427 0.02300849 -0.03431653 0.01693172 0.9992676 -0.9994109 0 -0.03432145
11 16 187 110 297 0.002791191 0.0366579 0.07556084 0.07614158 0.03693965 0.2569422 0.693486 -0.6730957 0.9342452 0 0.3566314
8 12 2429 855 3284 0.05528443 0.4335356 0.3037341 0.1275199 0.1820159 0.209596 0.977783 0.003173779 -0.01514063 0 0.9998854
8 1 2735 1415 4150 0.07683344 0.481886 0.4125426 0.1594432 0.1862437 0.4186534 0.7527335 0.5080566 -0.771741 0 0.635937
8 4 1572 1604 3176 0.08167051 0.4830546 0.4775678 0.169071 0.1710134 0.7787778 0.5713204 -0.2590332 0.3156143 0 0.9488876
8 14 10 44 54 0.01762291 0.1089736 0.1352294 0.1617173 0.1303187 0.477879 0.5852934 0.6550293 -0.8078586 0 0.5893762
8 15 389 563 952 0.03665859 0.2951148 0.2669826 0.1242181 0.1373071 -0.2601947 0.6557332 -0.7087402 0.9387378 0 -0.3446321
8 13 325 4 329 0.06092755 0.4153685 0.3418131 0.1466831 0.1782482 -0.3526624 0.363979 -0.8620606 0.9255465 0 -0.378634
8 20 0 1 1 0.0225575 0.153752 0.6557491 0.1467135 0.03439959 0.3829078 0.8976914 -0.2180176 0.4947921 0 0.8690114
8 6 0 1 1 0.003722304 0.02125761 0.03435459 0.1751046 0.1083495 0.6389964 0.1121761 0.7609863 -0.7658199 0 0.6430551
8 19 0 0 0 0.005819831 0.03518034 0.2286177 0.1654285 0.0254566 -0.5536234 0.4388299 0.7077637 -0.7876554 0 -0.616116
8 16 0 0 0 0 0 0 0.1693109 0.04703296 -0.03431653 0.01693172 0.9992676 -0.9994109 0 -0.03432145
12 1 29 28 57 0.02062032 0.1087295 0.1277383 0.1896479 0.1614262 -0.04414238 0.9895244 0.1374511 -0.9521059 0 -0.3057684
12 4 9 333 342 0.04067869 0.2098774 0.2376999 0.1938212 0.1711347 0.8053408 0.5522257 -0.2155762 0.2585793 0 0.96599
12 14 34 2 36 0.03749171 0.1913573 0.2927114 0.1959252 0.1280842 0.3119709 0.796259 0.5183105 -0.8567741 0 0.5156919
12 15 3243 1949 5192 0.1232665 0.681856 0.4777946 0.1807808 0.2579906 0.6948562 0.6444806 -0.3190919 0.4173205 0 0.9087594
12 13 1538 552 2090 0.136296 0.6647264 0.5042132 0.2050407 0.2703142 -0.5041463 0.4260328 0.7512207 -0.8303463 0 -0.5572478
12 20 20 3 23 0.01548832 0.08618937 0.7793872 0.179701 0.01987243 0.6872653 0.6132135 -0.3894043 0.4929685 0 0.8700472
12 6 119 187 306 0.05484601 0.2611592 0.3777178 0.2100099 0.1452037 -0.9862886 0.1645592 0.01245116 -0.01262325 0 -0.9999203
12 19 1 0 1 0.02875097 0.1367117 0.6523519 0.2103036 0.04407279 -0.272651 0.7549345 0.5964355 -0.9094775 0 -0.4157532
12 16 0 0 0 0 0 0 0.203056 0.04702485 -0.01288601 0.06498964 0.9978027 -0.9999166 0 -0.01291331
1 4 3999 1709 5708 0.09303805 0.5964984 0.494924 0.1559737 0.1879845 0.9767022 0.2053704 -0.06225591 0.06361184 0 0.9979748
1 14 944 1075 2019 0.03002779 0.2990915 0.2511415 0.1003967 0.1195652 0.00869377 0.9284571 -0.371338 0.9997261 0 0.0234056
1 15 4183 980 5163 0.07428747 0.5116818 0.4196942 0.145183 0.1770038 -0.4787381 0.8719205 -0.1027832 0.2099127 0 -0.9777201
1 13 3827 37 3864 0.07594139 0.4131508 0.4269391 0.1838103 0.177874 -0.1596455 0.9519161 0.2614746 -0.8534917 0 -0.5211063
1 20 0 1 1 0.0005370834 0.003259466 0.04437465 0.1647765 0.01210338 0.8504537 0.05474683 0.5231934 -0.5239792 0 0.8517311
1 6 0 1 1 0.008548274 0.05163174 0.07770821 0.1655624 0.1100048 0.6600751 0.02648859 0.7507324 -0.750996 0 0.6603068
1 19 6 40 46 0.003290898 0.02078677 0.06246551 0.158317 0.05268345 -0.1583029 0.9843528 0.07739256 -0.4392102 0 -0.8983843
1 16 0 0 0 0 0 0 0.1920585 0.04703296 -0.03431653 0.01693172 0.9992676 -0.9994109 0 -0.03432145
4 14 803 1634 2437 0.06944983 0.3489428 0.5398298 0.1990293 0.1286514 -0.2420993 0.3645291 -0.8991699 0.9656117 0 -0.2599885
4 15 11 2889 2900 0.07100548 0.4091452 0.5239035 0.1735459 0.1355316 -0.3048701 0.6171982 -0.7253418 0.9218793 0 -0.3874772
4 13 36 32 68 0.07909763 0.3775875 0.4556949 0.2094816 0.1735758 -0.3312863 0.1679251 -0.9284667 0.9418411 0 -0.3360585
4 20 0 1 1 0.05219901 0.2233826 0.7161761 0.2336754 0.07288571 -0.01288601 0.06498964 0.9978027 -0.9999166 0 -0.01291331
4 6 1 3 4 0.01918019 0.09429724 0.1486531 0.2034014 0.1290265 0.8295746 0.09618837 0.5500488 -0.5526112 0 0.8334392
4 19 170 272 442 0.01474566 0.06639658 0.5444614 0.2220847 0.02708303 -0.1416744 0.0524017 -0.9885254 0.9898854 0 -0.1418693
4 16 0 0 0 0 0 0 0.2343629 0.04703296 -0.03431653 0.01693172 0.9992676 -0.9994109 0 -0.03432145
14 15 958 2806 3764 0.07270402 0.6193848 0.4030556 0.117381 0.1803821 0.2632535 0.8044704 -0.5324706 0.8964262 0 0.4431931
14 13 533 4 537 0.06583419 0.4947532 0.3510433 0.1330647 0.1875387 0.2155367 0.5970518 0.7727051 -0.9632292 0 0.268681
14 20 0 1 1 0.02830404 0.1498585 0.6689675 0.1888718 0.04231004 0.7148283 0.4439759 -0.5402831 0.6029685 0 0.797765
14 6 2 15 17 0.05473527 0.2254178 0.3857562 0.242817 0.1418908 -0.8169603 0.1170167 0.5646973 -0.5686036 0 -0.8226116
14 19 0 0 0 0 0 0 0.1471712 0.02300849 -0.03431653 0.01693172 0.9992676 -0.9994109 0 -0.03432145
14 16 0 0 0 0 0 0 0.1769217 0.04038056 -0.3232228 0.1158166 0.939209 -0.9455721 0 -0.3254126
15 13 4092 259 4351 0.1494519 0.6894413 0.6196317 0.2167725 0.2411948 0.6819218 0.1418953 0.7175293 -0.7248637 0 0.6888923
15 20 65 18 83 0.002423664 0.009231626 0.2883691 0.2625392 0.008404728 0.8761488 0.2643728 0.4030762 -0.4179465 0 0.9084717
15 6 511 48 559 0.05682012 0.2420235 0.4278895 0.2347711 0.1327916 -0.7346948 0.6485621 0.1989746 -0.2614091 0 -0.9652281
15 19 0 0 0 0 0 0 0.1427273 0.02300849 -0.03431653 0.01693172 0.9992676 -0.9994109 0 -0.03432145
15 16 0 0 0 0 0 0 0.1427273 0.04703296 -0.03431653 0.01693172 0.9992676 -0.9994109 0 -0.03432145
13 20 33 2 35 0.05727723 0.2237322 0.9145788 0.256008 0.0626269 0.6209106 0.2735046 -0.7346191 0.76374 0 0.645524
13 6 2 5 7 0.03393581 0.121497 0.2613193 0.2793139 0.1298634 -0.7339436 0.5026652 -0.4567872 0.5283946 0 -0.848999
13 19 0 0 0 0 0 0 0.1948608 0.02300849 -0.03431653 0.01693172 0.9992676 -0.9994109 0 -0.03432145
13 16 0 0 0 0 0 0 0.1948608 0.04703296 -0.03431653 0.01693172 0.9992676 -0.9994109 0 -0.03432145
20 6 0 0 0 0.0007443622 0.04292452 0.006224209 0.01734119 0.1195915 0.7439036 0.07715368 0.6638184 -0.665803 0 0.7461276
20 19 0 0 0 0 0 0 0.07065268 0.02300849 -0.03431653 0.01693172 0.9992676 -0.9994109 0 -0.03432145
20 16 0 0 0 0 0 0 0.07065268 0.04703296 -0.03431653 0.01693172 0.9992676 -0.9994109 0 -0.03432145
6 19 0 0 0 0 0 0 0.1012063 0.02593938 0.04742682 0.01380628 0.9987793 -0.9988745 0 0.04743133
6 16 0 0 0 0 0 0 0.1043458 0.04703296 -0.03431653 0.01693172 0.9992676 -0.9994109 0 -0.03432145
19 16 0 0 0 0 0 0 0.02300849 0.04703296 -0.03431653 0.01693172 0.9992676 -0.9994109 0 -0.03432145
