Endothelial.cells Definitive.erythroid.lineage 0.01471331 0.2024769 0.171246 0.0726666 0.08591915 0.8298884 0.310385 -0.463623 0.4877107 0 0.8730054
Endothelial.cells Neural.progenitor.cells 0 0 0 0.1526695 0.1741174 -0.03431653 0.01693172 0.9992676 -0.9994109 0 -0.03432145
Endothelial.cells Connective.tissue.progenitors 0.02704342 0.477704 0.1131967 0.05661125 0.2389064 0.4715506 0.7794899 -0.4123535 0.6582755 0 0.7527771
Endothelial.cells Sensory.neurons 0.0004104475 0.009705204 0.001943381 0.04229148 0.2112028 0.02119813 0.9660275 -0.2575683 0.9966303 0 0.08202369
Endothelial.cells Ependymal.cell 0.02594356 0.4504317 0.09074991 0.05759709 0.2858797 -0.7864031 0.5636668 0.2526855 -0.3059138 0 -0.9520592
Endothelial.cells Limb.mesenchyme 0.02770399 0.4485829 0.1733571 0.0617589 0.1598087 -0.8673162 0.4046992 0.2897949 -0.3169062 0 -0.9484568
Endothelial.cells Epithelial.cells 0.02134591 0.3388524 0.07988758 0.06299472 0.2671994 0.4309901 0.7331045 -0.526123 0.7735782 0 0.6337008
Endothelial.cells Chondrocytes.&.osteoblasts 0.03369043 0.5929781 0.1309518 0.05681564 0.2572735 -0.7617314 0.6072611 0.2258301 -0.284241 0 -0.9587529
Endothelial.cells Early.mesenchyme 0.02879351 0.5110918 0.1267884 0.05633726 0.2270989 -0.7346948 0.6485621 0.1989746 -0.2614091 0 -0.9652281
Endothelial.cells Melanocytes 0.02627652 0.4624874 0.182584 0.05681564 0.1439147 -0.7617314 0.6072611 0.2258301 -0.284241 0 -0.9587529
Endothelial.cells Radial.glia 1.062967E-05 7.75966E-05 6.813532E-05 0.1369863 0.1560082 -0.4342819 0.4295744 -0.7917481 0.8767669 0 -0.4809155
Endothelial.cells Neural.Tube 0.00625903 0.1463626 0.0376883 0.04276385 0.1660735 -0.02841646 0.9726068 -0.2307129 0.9925001 0 -0.1222443
Endothelial.cells Schwann.cell.precursor 0.0075848 0.1773648 0.02378294 0.04276385 0.3189177 -0.02841646 0.9726068 -0.2307129 0.9925001 0 -0.1222443
Endothelial.cells Myocytes 0.02976905 0.5427221 0.1199613 0.05485137 0.2481555 0.3171153 0.8980282 -0.3049316 0.6931241 0 0.7208183
Endothelial.cells Excitatory.neurons 0.01750976 0.2961006 0.04377874 0.05913448 0.3999603 -0.8079532 0.5187179 0.2795411 -0.3269695 0 -0.9450349
Endothelial.cells Oligodendrocyte.Progenitors 0.002199005 0.05199641 0.01332 0.04229148 0.1650905 0.02119813 0.9660275 -0.2575683 0.9966303 0 0.08202369
Endothelial.cells Intermediate.Mesoderm 0.03600842 0.6360646 0.1667334 0.05661125 0.215964 0.4715506 0.7794899 -0.4123535 0.6582755 0 0.7527771
Endothelial.cells Jaw.and.tooth.progenitors 0.02902141 0.4699146 0.1101295 0.0617589 0.2635208 -0.8673162 0.4046992 0.2897949 -0.3169062 0 -0.9484568
Endothelial.cells Inhibitory.neurons 0 0 0 0.1749182 0.1165303 0.2810331 0.09154117 0.9553223 -0.9593503 0 0.282218
Endothelial.cells Primitive.erythroid.lineage 0.01915425 0.1352268 0.2826403 0.1416454 0.067769 -0.8704934 0.147741 -0.4694825 0.4746917 0 -0.8801522
Endothelial.cells Inhibitory.interneurons 0.0001053346 0.00249068 0.001065814 0.04229148 0.09883013 0.02119813 0.9660275 -0.2575683 0.9966303 0 0.08202369
Endothelial.cells Osteoblasts 0.0334129 0.5962479 0.08116723 0.0560386 0.411655 -0.2153045 0.8810692 -0.4211426 0.8903885 0 -0.4552013
Endothelial.cells Lens 0 0 0 0.09260543 0.01221187 -0.7248717 0.01499496 0.6887207 -0.6887981 0 -0.7249532
Endothelial.cells Chondroctye.progenitors 0.01486123 0.2365677 0.06887598 0.0628202 0.2157679 -0.8789533 0.3566141 0.3166504 -0.3389348 0 -0.9408099
Endothelial.cells Postmitotic.premature.neurons 0 0 0 0.1771678 0.1687736 0.4518901 0.03573929 0.8913574 -0.8919272 0 0.452179
Endothelial.cells Stromal.cells 0.004751003 0.08282425 0.01267495 0.05736247 0.374834 0.1318038 0.9713998 -0.1975097 0.8317962 0 0.5550811
Endothelial.cells Inhibitory.neuron.progenitors 0.0006346136 0.01483995 0.00523037 0.04276385 0.1213324 -0.02841646 0.9726068 -0.2307129 0.9925001 0 -0.1222443
Endothelial.cells Cholinergic.neurons 0 0 0 0.1639769 0.1037655 0.1077844 0.05883846 0.9924316 -0.994154 0 0.1079714
Endothelial.cells Granule.neurons 0 0 0 0.1689343 0.1556416 0.7698446 0.04021977 0.6369629 -0.6374787 0 0.770468
Endothelial.cells Notochord.cells 0.0009747957 0.02297921 0.00750183 0.04242076 0.1299411 0.07000765 0.9561391 -0.2844238 0.9710183 0 0.239005
Endothelial.cells Premature.oligodendrocyte 0 0 0 0.1795291 0.1093002 0.4782434 0.0780088 0.8747559 -0.8774297 0 0.4797053
Endothelial.cells Isthmic.organizer.cells 0.002188866 0.05175665 0.01283431 0.04229148 0.170548 0.02119813 0.9660275 -0.2575683 0.9966303 0 0.08202369
Endothelial.cells White.blood.cells 0.02013993 0.4762171 0.1276214 0.04229148 0.15781 0.02119813 0.9660275 -0.2575683 0.9966303 0 0.08202369
Endothelial.cells Cardiac.muscle.lineages 0.02392636 0.3808705 0.1074994 0.0628202 0.222572 -0.8789533 0.3566141 0.3166504 -0.3389348 0 -0.9408099
Endothelial.cells Megakaryocytes 0.03824085 0.8693555 0.214204 0.04398759 0.1785254 0.02570031 0.896819 -0.4416505 0.9983112 0 0.05809325
Endothelial.cells Hepatocytes 0.01039341 0.06917891 0.4912239 0.1502396 0.0211582 -0.1312659 0.2070582 -0.9694824 0.9909578 0 -0.1341736
Definitive.erythroid.lineage Neural.progenitor.cells 0 0 0 0.1108594 0.1646616 0.04742682 0.01380628 0.9987793 -0.9988745 0 0.04743133
Definitive.erythroid.lineage Connective.tissue.progenitors 0.01862164 0.1785022 0.08849562 0.1043216 0.2104244 -0.4505797 0.4979419 0.7409668 -0.8544257 0 -0.5195737
Definitive.erythroid.lineage Sensory.neurons 0 0 0 0.1148257 0.1947325 0.2728818 0.02695352 0.9616699 -0.9620194 0 0.272981
Definitive.erythroid.lineage Ependymal.cell 0.02645502 0.569506 0.08713277 0.04645258 0.3036174 0.390893 0.6360824 0.6652832 -0.8621889 0 0.5065868
Definitive.erythroid.lineage Limb.mesenchyme 0.005804163 0.0948786 0.03623524 0.06117463 0.1601801 0.3421327 0.82598 0.447998 -0.7947463 0 0.6069418
Definitive.erythroid.lineage Epithelial.cells 0.01097502 0.2560357 0.04680076 0.04286518 0.2345051 0.4646938 0.7433068 0.4812012 -0.7193374 0 0.6946608
Definitive.erythroid.lineage Chondrocytes.&.osteoblasts 0.03461903 0.8965012 0.1251105 0.03861571 0.2767076 0.5184682 0.6952577 0.4978027 -0.6925849 0 0.7213364
Definitive.erythroid.lineage Early.mesenchyme 0.03301371 0.8549294 0.1359398 0.03861571 0.2428553 0.5184682 0.6952577 0.4978027 -0.6925849 0 0.7213364
Definitive.erythroid.lineage Melanocytes 0.02448501 0.5270969 0.1446021 0.04645258 0.1693268 0.390893 0.6360824 0.6652832 -0.8621889 0 0.5065868
Definitive.erythroid.lineage Radial.glia 0 0 0 0.1108594 0.1417165 0.04742682 0.01380628 0.9987793 -0.9988745 0 0.04743133
Definitive.erythroid.lineage Neural.Tube 0.0002135071 0.00555855 0.00161073 0.03841057 0.132553 0.6108671 0.6238089 0.4875488 -0.6238014 0 0.7815829
Definitive.erythroid.lineage Schwann.cell.precursor 0.001804704 0.03770537 0.01255317 0.04786332 0.1437648 0.3723862 0.7584178 0.5349121 -0.8207085 0 0.5713472
Definitive.erythroid.lineage Myocytes 0.01993869 0.3666611 0.0691174 0.05437908 0.2884757 0.7580884 0.6378165 0.1359864 -0.1765624 0 0.9842894
Definitive.erythroid.lineage Excitatory.neurons 0.002136595 0.04761237 0.006565888 0.04487478 0.3254083 0.4186534 0.7527335 0.5080566 -0.771741 0 0.635937
Definitive.erythroid.lineage Oligodendrocyte.Progenitors 0 0 0 0.1247277 0.1697612 0.5269197 0.05848553 0.8479004 -0.8493543 0 0.5278232
Definitive.erythroid.lineage Intermediate.Mesoderm 0.02849676 0.7007996 0.1201223 0.04066322 0.2372313 0.630459 0.7024305 0.3303222 -0.4640972 0 0.8857843
Definitive.erythroid.lineage Jaw.and.tooth.progenitors 0.03378994 0.8309708 0.1841161 0.04066322 0.1835252 0.630459 0.7024305 0.3303222 -0.4640972 0 0.8857843
Definitive.erythroid.lineage Inhibitory.neurons 0 0 0 0.1133149 0.1104387 0.3215272 0.05887337 0.9450684 -0.9467105 0 0.3220858
Definitive.erythroid.lineage Primitive.erythroid.lineage 0.01365055 0.252122 0.4179465 0.05414264 0.03266099 0.3346899 0.5301505 0.7790527 -0.9187987 0 0.3947263
Definitive.erythroid.lineage Inhibitory.interneurons 0 0 0 0.1179052 0.1221289 0.3927413 0.05137501 0.9182129 -0.919427 0 0.3932606
Definitive.erythroid.lineage Osteoblasts 0 0 0 0.1155238 0.5028868 0.3588521 0.2143566 -0.9084473 0.9300662 0 0.367392
Definitive.erythroid.lineage Lens 0 0 0 0.1100482 0.03831143 -0.03431653 0.01693172 0.9992676 -0.9994109 0 -0.03432145
Definitive.erythroid.lineage Chondroctye.progenitors 0.003409476 0.04227601 0.01993116 0.08064802 0.1710626 0.1344969 0.848413 0.5119628 -0.9671814 0 0.2540866
Definitive.erythroid.lineage Postmitotic.premature.neurons 0 0 0 0.1133149 0.1789225 0.3215272 0.05887337 0.9450684 -0.9467105 0 0.3220858
Definitive.erythroid.lineage Stromal.cells 0.0249933 0.6146415 0.08196195 0.04066322 0.3049379 0.630459 0.7024305 0.3303222 -0.4640972 0 0.8857843
Definitive.erythroid.lineage Inhibitory.neuron.progenitors 0 0 0 0.1294195 0.1384607 0.5024322 0.0140817 0.864502 -0.8645877 0 0.502482
Definitive.erythroid.lineage Cholinergic.neurons 0 0 0 0.1071918 0.1037655 0.1077844 0.05883846 0.9924316 -0.994154 0 0.1079714
Definitive.erythroid.lineage Granule.neurons 0 0 0 0.1189392 0.206817 0.4782434 0.0780088 0.8747559 -0.8774297 0 0.4797053
Definitive.erythroid.lineage Notochord.cells 0 0 0 0.1100482 0.08491623 -0.03431653 0.01693172 0.9992676 -0.9994109 0 -0.03432145
Definitive.erythroid.lineage Premature.oligodendrocyte 0 0 0 0.1204904 0.1285411 0.3547372 0.01683701 0.9348145 -0.934947 0 0.3547874
Definitive.erythroid.lineage Isthmic.organizer.cells 0 0 0 0.1179052 0.1490306 0.3927413 0.05137501 0.9182129 -0.919427 0 0.3932606
Definitive.erythroid.lineage White.blood.cells 0.01944273 0.383849 0.1599102 0.05065201 0.1215853 0.32618 0.7602788 0.5617676 -0.8647941 0 0.5021267
Definitive.erythroid.lineage Cardiac.muscle.lineages 0.02957547 0.765892 0.1436371 0.03861571 0.205904 0.5184682 0.6952577 0.4978027 -0.6925849 0 0.7213364
Definitive.erythroid.lineage Megakaryocytes 0.02447927 0.6113214 0.1343142 0.04004321 0.1822537 0.5875373 0.7261019 0.3571778 -0.5194655 0 0.8544915
Definitive.erythroid.lineage Hepatocytes 0.0001388837 0.001896373 0.003635865 0.07323652 0.03819826 0.4055712 0.3853666 0.8288574 -0.8982338 0 0.4395179
Neural.progenitor.cells Connective.tissue.progenitors 0 0 0 0.1741174 0.2148325 -0.03431653 0.01693172 0.9992676 -0.9994109 0 -0.03432145
Neural.progenitor.cells Sensory.neurons 0.07749759 0.4671516 0.6272 0.1658939 0.1235612 0.2548814 0.6645902 0.7023926 -0.9400228 0 0.3411117
Neural.progenitor.cells Ependymal.cell 0.06829209 0.3950454 0.2299688 0.1728715 0.2969624 0.5823271 0.8083736 0.0861816 -0.1464006 0 0.9892253
Neural.progenitor.cells Limb.mesenchyme 0.002218422 0.0133564 0.01600642 0.1660943 0.1385958 0.5464944 0.8344438 -0.07104491 0.1289164 0 0.9916555
Neural.progenitor.cells Epithelial.cells 0.06588761 0.3996922 0.2713814 0.1648459 0.242786 0.2468407 0.7105446 0.6589355 -0.9364506 0 0.3507993
Neural.progenitor.cells Chondrocytes.&.osteoblasts 0.0004887875 0.003131237 0.001856396 0.1561005 0.2632992 0.4320206 0.8998126 -0.06079099 0.1393405 0 0.9902446
Neural.progenitor.cells Early.mesenchyme 0.0040845 0.03192984 0.01763584 0.1279211 0.2316023 -0.2420993 0.3645291 -0.8991699 0.9656117 0 -0.2599885
Neural.progenitor.cells Melanocytes 0.002033618 0.01284987 0.01079489 0.1582598 0.1883872 0.3273961 0.8990349 0.2907715 -0.6640483 0 0.7476897
Neural.progenitor.cells Radial.glia 0.1018959 0.6984422 0.6481847 0.1458903 0.157202 0.190186 0.9789938 0.07348638 -0.3604224 0 0.9327892
Neural.progenitor.cells Neural.Tube 0.06306904 0.4874226 0.5296276 0.1293929 0.1190818 -0.3601315 0.3134615 -0.8786622 0.9252962 0 -0.3792451
Neural.progenitor.cells Schwann.cell.precursor 0.06639102 0.4074001 0.4379537 0.1629627 0.1515937 0.2655119 0.7951713 0.545166 -0.899043 0 0.4378604
Neural.progenitor.cells Myocytes 0.005017039 0.03465663 0.02117151 0.1447642 0.2369713 0.2448011 0.9597811 -0.1374511 0.4895859 0 0.871955
Neural.progenitor.cells Excitatory.neurons 0.05978054 0.325685 0.191273 0.1835533 0.3125404 0.5184682 0.6952577 0.4978027 -0.6925849 0 0.7213364
Neural.progenitor.cells Oligodendrocyte.Progenitors 0.09237121 0.548521 0.696256 0.1684005 0.1326685 0.4461276 0.8498706 0.2805176 -0.5323001 0 0.8465557
Neural.progenitor.cells Intermediate.Mesoderm 0 0 0 0.1741174 0.2399905 -0.03431653 0.01693172 0.9992676 -0.9994109 0 -0.03432145
Neural.progenitor.cells Jaw.and.tooth.progenitors 0 0 0 0.1523731 0.1922058 0.1755089 0.06725698 0.9821777 -0.9844068 0 0.1759073
Neural.progenitor.cells Inhibitory.neurons 0.02436492 0.1360383 0.3244612 0.1791034 0.07509349 0.6066954 0.1926376 0.7712402 -0.7859613 0 0.6182757
Neural.progenitor.cells Primitive.erythroid.lineage 0 0 0 0.1741174 0.06649224 -0.03431653 0.01693172 0.9992676 -0.9994109 0 -0.03432145
Neural.progenitor.cells Inhibitory.interneurons 0.03244477 0.219404 0.3615284 0.1478768 0.08974335 0.2594975 0.8479804 -0.4621583 0.8719513 0 0.4895925
Neural.progenitor.cells Osteoblasts 0.04986944 0.3015485 0.133012 0.1653778 0.3749245 0.2803335 0.7582454 0.588623 -0.9028386 0 0.4299796
Neural.progenitor.cells Lens 0 0 0 0.1741174 0.03831143 -0.03431653 0.01693172 0.9992676 -0.9994109 0 -0.03432145
Neural.progenitor.cells Chondroctye.progenitors 0.01234214 0.07062606 0.08730932 0.1747534 0.1413611 0.02749461 0.7712104 0.6359863 -0.9990668 0 0.04319112
Neural.progenitor.cells Postmitotic.premature.neurons 0.08825091 0.5973587 0.4446404 0.1477352 0.198477 0.1931765 0.8131437 -0.5490721 0.9433208 0 0.3318825
Neural.progenitor.cells Stromal.cells 0.06602404 0.4224631 0.2306942 0.1562835 0.2861972 0.2536518 0.8860947 0.3879395 -0.8369705 0 0.547248
Neural.progenitor.cells Inhibitory.neuron.progenitors 0.0411397 0.2480941 0.3566894 0.165823 0.1153376 0.1069651 0.7099859 0.6960449 -0.988397 0 0.1518925
Neural.progenitor.cells Cholinergic.neurons 0.04062817 0.2449046 0.6687347 0.1658939 0.0607538 0.2548814 0.6645902 0.7023926 -0.9400228 0 0.3411117
Neural.progenitor.cells Granule.neurons 0.0293581 0.1546619 0.3568221 0.1898211 0.08227658 0.7054743 0.698608 0.1193848 -0.166854 0 0.9859816
Neural.progenitor.cells Notochord.cells 0.03144217 0.1167195 0.2678542 0.2693823 0.1173854 0.9105859 0.244492 -0.3332519 0.3436822 0 0.939086
Neural.progenitor.cells Premature.oligodendrocyte 0.05025568 0.187116 0.3998967 0.2685803 0.1256717 -0.8123715 0.5610632 -0.1589356 0.1920039 0 -0.9813942
Neural.progenitor.cells Isthmic.organizer.cells 0.09331523 0.6189478 0.612459 0.1507643 0.1523616 0.275734 0.9393683 0.2038574 -0.594493 0 0.8041008
Neural.progenitor.cells White.blood.cells 0 0 0 0.151146 0.1315861 0.23438 0.1128214 0.9655762 -0.9717807 0 0.2358861
Neural.progenitor.cells Cardiac.muscle.lineages 0 0 0 0.1741174 0.1948936 -0.03431653 0.01693172 0.9992676 -0.9994109 0 -0.03432145
Neural.progenitor.cells Megakaryocytes 0 0 0 0.1458341 0.2405362 0.2728818 0.02695352 0.9616699 -0.9620194 0 0.272981
Neural.progenitor.cells Hepatocytes 0 0 0 0.1741174 0.02418697 -0.03431653 0.01693172 0.9992676 -0.9994109 0 -0.03432145
Connective.tissue.progenitors Sensory.neurons 0 0 0 0.2030836 0.1893951 0.1493689 0.02250491 0.9885254 -0.9887758 0 0.1494068
Connective.tissue.progenitors Ependymal.cell 0.1196408 0.6717833 0.3853638 0.1780943 0.3104618 0.0683542 0.7901185 0.6091309 -0.9937626 0 0.111516
Connective.tissue.progenitors Limb.mesenchyme 0.07142545 0.3156748 0.5205775 0.2262628 0.1372043 -0.4273793 0.3123837 0.8483887 -0.8930821 0 -0.4498938
Connective.tissue.progenitors Epithelial.cells 0.07928564 0.3581905 0.344792 0.2213505 0.2299521 0.2766601 0.9563599 -0.0939941 0.3216869 0 0.9468461
Connective.tissue.progenitors Chondrocytes.&.osteoblasts 0.1640361 0.8313468 0.6466954 0.1973137 0.2536529 -0.1920017 0.9568719 0.2180175 -0.7504637 0 -0.6609117
Connective.tissue.progenitors Early.mesenchyme 0.1071509 0.609722 0.659628 0.1757374 0.1624415 0.1344257 0.4746057 0.869873 -0.9882692 0 0.1527221
Connective.tissue.progenitors Melanocytes 0.1166307 0.6433334 0.7897033 0.1812912 0.1476892 0.123305 0.3881031 0.9133301 -0.9910094 0 0.1337921
Connective.tissue.progenitors Radial.glia 0 0 0 0.2148325 0.1482513 -0.03431653 0.01693172 0.9992676 -0.9994109 0 -0.03432145
Connective.tissue.progenitors Neural.Tube 0.002147851 0.01066402 0.02028267 0.2014109 0.1058959 -0.2499563 0.02153668 -0.9680176 0.9682421 0 -0.2500143
Connective.tissue.progenitors Schwann.cell.precursor 0.01812566 0.09706894 0.1080732 0.1867298 0.1677165 0.3649228 0.325421 0.8723145 -0.9225284 0 0.3859292
Connective.tissue.progenitors Myocytes 0.06801053 0.2835182 0.1685701 0.2398806 0.4034554 -0.7138199 0.4830433 0.5070801 -0.5791254 0 -0.8152385
Connective.tissue.progenitors Excitatory.neurons 0.1145742 0.6743903 0.3409556 0.1698931 0.3360386 0.2548814 0.6645902 0.7023926 -0.9400228 0 0.3411117
Connective.tissue.progenitors Oligodendrocyte.Progenitors 0.001890452 0.009255909 0.01305982 0.2042427 0.1447533 0.3237135 0.8553105 0.404541 -0.7807928 0 0.62479
Connective.tissue.progenitors Intermediate.Mesoderm 0.1432085 0.6860507 0.8678557 0.2087433 0.1650142 0.01336496 0.8314626 -0.5554199 0.9997107 0 0.02405585
Connective.tissue.progenitors Jaw.and.tooth.progenitors 0.110272 0.5295632 0.6578838 0.208232 0.1676162 0.6459382 0.1692787 0.7443848 -0.7552848 0 0.6553967
Connective.tissue.progenitors Inhibitory.neurons 0 0 0 0.199999 0.1347882 0.1755089 0.06725698 0.9821777 -0.9844068 0 0.1759073
Connective.tissue.progenitors Primitive.erythroid.lineage 0.0006053597 0.003204613 0.01365389 0.1889026 0.04433606 -0.08046025 0.5086969 0.8571777 -0.9956235 0 -0.09345566
Connective.tissue.progenitors Inhibitory.interneurons 0.003774145 0.01740612 0.04243181 0.2168286 0.08894613 0.212586 0.9602497 -0.1809082 0.6480854 0 0.7615677
Connective.tissue.progenitors Osteoblasts 0.04621808 0.244614 0.1025718 0.1889429 0.4505925 0.3659135 0.2755642 0.888916 -0.9247187 0 0.3806513
Connective.tissue.progenitors Lens 0 0 0 0.2115627 0.03169078 -0.105826 0.196116 0.9748535 -0.9941594 0 -0.1079217
Connective.tissue.progenitors Chondroctye.progenitors 0.09699613 0.5651277 0.6612999 0.1716358 0.1466749 0.2468407 0.7105446 0.6589355 -0.9364506 0 0.3507993
Connective.tissue.progenitors Postmitotic.premature.neurons 0 0 0 0.1952988 0.1743037 0.4227867 0.09136975 0.9016113 -0.9053986 0 0.4245626
Connective.tissue.progenitors Stromal.cells 0.09723055 0.5532719 0.3777522 0.1757374 0.2573924 0.1344257 0.4746057 0.869873 -0.9882692 0 0.1527221
Connective.tissue.progenitors Inhibitory.neuron.progenitors 0.005246514 0.02433125 0.04328517 0.2156286 0.1212081 0.04745076 0.6406596 -0.7663574 0.9980887 0 0.06179893
Connective.tissue.progenitors Cholinergic.neurons 0 0 0 0.2100021 0.1123449 0.04742682 0.01380628 0.9987793 -0.9988745 0 0.04743133
Connective.tissue.progenitors Granule.neurons 0.004498053 0.02138773 0.0512762 0.21031 0.08772204 -0.02841646 0.9726068 -0.2307129 0.9925001 0 -0.1222443
Connective.tissue.progenitors Notochord.cells 9.286246E-07 5.284161E-06 9.725449E-06 0.1757374 0.09548399 0.1344257 0.4746057 0.869873 -0.9882692 0 0.1527221
Connective.tissue.progenitors Premature.oligodendrocyte 0 0 0 0.1952988 0.1194813 0.4227867 0.09136975 0.9016113 -0.9053986 0 0.4245626
Connective.tissue.progenitors Isthmic.organizer.cells 0.002936731 0.01369104 0.01710838 0.2145002 0.1716545 0.2073346 0.9076312 -0.3649903 0.8695039 0 0.4939261
Connective.tissue.progenitors White.blood.cells 0.03483925 0.2050657 0.3142573 0.1698931 0.1108622 0.2548814 0.6645902 0.7023926 -0.9400228 0 0.3411117
Connective.tissue.progenitors Cardiac.muscle.lineages 0.107379 0.6082575 0.6326852 0.1765355 0.1697195 0.01122841 0.7078248 0.7062988 -0.9998737 0 0.01589552
Connective.tissue.progenitors Megakaryocytes 0.07573508 0.3534834 0.435627 0.2142536 0.1738531 0.1802237 0.9576949 -0.2243652 0.7796274 0 0.6262437
Connective.tissue.progenitors Hepatocytes 6.437684E-05 0.000362651 0.001916748 0.1775173 0.03358649 0.1624936 0.4333112 0.8864746 -0.9836118 0 0.1802992
Sensory.neurons Ependymal.cell 0.08100834 0.5942444 0.2497044 0.1363216 0.324417 0.3273961 0.8990349 0.2907715 -0.6640483 0 0.7476897
Sensory.neurons Limb.mesenchyme 0.02547427 0.2041581 0.1692276 0.1247771 0.1505326 0.4646938 0.7433068 0.4812012 -0.7193374 0 0.6946608
Sensory.neurons Epithelial.cells 0.05937859 0.4689107 0.2446841 0.1266309 0.2426745 0.4339459 0.6765358 0.5949707 -0.8079344 0 0.5892724
Sensory.neurons Chondrocytes.&.osteoblasts 0.01916264 0.1474398 0.07530902 0.1299693 0.2544535 0.3021377 0.8822308 0.361084 -0.7669303 0 0.6417304
Sensory.neurons Early.mesenchyme 0.02029156 0.1601328 0.111859 0.1267171 0.1814029 0.1069651 0.7099859 0.6960449 -0.988397 0 0.1518925
Sensory.neurons Melanocytes 0.01114477 0.08931738 0.06275538 0.1247771 0.1775906 0.4646938 0.7433068 0.4812012 -0.7193374 0 0.6946608
Sensory.neurons Radial.glia 0.03544638 0.2333212 0.2584569 0.151921 0.1371462 0.681556 0.6443022 0.3469239 -0.453631 0 0.8911896
Sensory.neurons Neural.Tube 0.02337013 0.1845531 0.1697979 0.1266309 0.137635 0.4339459 0.6765358 0.5949707 -0.8079344 0 0.5892724
Sensory.neurons Schwann.cell.precursor 0.07343589 0.5952018 0.496547 0.1233798 0.1478931 0.3119709 0.796259 0.5183105 -0.8567741 0 0.5156919
Sensory.neurons Myocytes 0.02593613 0.1978114 0.0951241 0.1311154 0.2726558 0.2536518 0.8860947 0.3879395 -0.8369705 0 0.547248
Sensory.neurons Excitatory.neurons 0.09806754 0.7859415 0.3068519 0.1247771 0.3195924 0.4646938 0.7433068 0.4812012 -0.7193374 0 0.6946608
Sensory.neurons Oligodendrocyte.Progenitors 0.05139602 0.4119025 0.345293 0.1247771 0.1488476 0.4646938 0.7433068 0.4812012 -0.7193374 0 0.6946608
Sensory.neurons Intermediate.Mesoderm 0.003640763 0.02659492 0.01829506 0.1368969 0.1990025 0.2294763 0.9103145 0.3444824 -0.8322494 0 0.5544015
Sensory.neurons Jaw.and.tooth.progenitors 0 0 0 0.2128259 0.1593804 0.5454728 0.1067786 0.8312988 -0.8360788 0 0.5486093
Sensory.neurons Inhibitory.neurons 0.03992524 0.3226787 0.4361564 0.1237306 0.09153882 0.3723862 0.7584178 0.5349121 -0.8207085 0 0.5713472
Sensory.neurons Primitive.erythroid.lineage 0 0 0 0.1853537 0.06310452 0.04742682 0.01380628 0.9987793 -0.9988745 0 0.04743133
Sensory.neurons Inhibitory.interneurons 0.05755067 0.2731264 0.5490633 0.2107108 0.1048161 0.3184882 0.6837987 -0.6564941 0.8997129 0 0.4364821
Sensory.neurons Osteoblasts 0.0585085 0.4859127 0.159023 0.1204095 0.3679247 0.219666 0.7902774 0.5720215 -0.9335326 0 0.3584924
Sensory.neurons Lens 0 0 0 0.1568491 0.02806744 -0.1059383 0.3307763 0.9377441 -0.9936792 0 -0.1122573
Sensory.neurons Chondroctye.progenitors 0.03055017 0.2442296 0.2079502 0.1250879 0.146911 0.121439 0.6621099 0.739502 -0.9867831 0 0.1620469
Sensory.neurons Postmitotic.premature.neurons 0.09834913 0.7881983 0.6159554 0.1247771 0.1596693 0.4646938 0.7433068 0.4812012 -0.7193374 0 0.6946608
Sensory.neurons Stromal.cells 0.06006311 0.478703 0.2184939 0.1254705 0.274896 0.4733602 0.7075761 0.5246581 -0.7424718 0 0.6698774
Sensory.neurons Inhibitory.neuron.progenitors 0.06154298 0.3931875 0.5684202 0.1565232 0.1082702 0.3178029 0.946046 0.06323236 -0.1951421 0 0.980775
Sensory.neurons Cholinergic.neurons 0.003379316 0.01407101 0.03585606 0.2401616 0.09424672 -0.1779872 0.5646526 -0.8059082 0.9764694 0 -0.2156561
Sensory.neurons Granule.neurons 0.0585436 0.3463933 0.7294298 0.169009 0.0802594 0.7580884 0.6378165 0.1359864 -0.1765624 0 0.9842894
Sensory.neurons Notochord.cells 0.02411946 0.1790917 0.309199 0.1346766 0.07800626 0.5628239 0.6792923 0.4709473 -0.6417331 0 0.7669281
Sensory.neurons Premature.oligodendrocyte 0.05811573 0.335479 0.6375563 0.1732321 0.09115388 0.8063877 0.571363 0.1525879 -0.1859246 0 0.982564
Sensory.neurons Isthmic.organizer.cells 0.05625553 0.4483566 0.3497183 0.1254705 0.1608595 0.4733602 0.7075761 0.5246581 -0.7424718 0 0.6698774
Sensory.neurons White.blood.cells 0.003251639 0.02637755 0.03165616 0.123273 0.1027174 0.2011689 0.8247125 0.5285645 -0.9345988 0 0.3557035
Sensory.neurons Cardiac.muscle.lineages 0.005337011 0.03955959 0.03337156 0.1349107 0.1599269 0.2784847 0.9063991 0.317627 -0.751918 0 0.6592566
Sensory.neurons Megakaryocytes 0.0002885427 0.00121238 0.001844916 0.2379969 0.1563988 -0.312887 0.9152908 -0.2536621 0.6297569 0 -0.7767922
Sensory.neurons Hepatocytes 0 0 0 0.1788211 0.02336827 0.1254137 0.1091319 0.986084 -0.992009 0 0.1261673
Ependymal.cell Limb.mesenchyme 0.02898981 0.1006752 0.2257084 0.2879538 0.1284393 0.6980509 0.07906267 -0.7116699 0.7139047 0 0.7002429
Ependymal.cell Epithelial.cells 0.1317559 0.4991205 0.5596562 0.2639761 0.2354229 -0.9992568 0.0311511 0.02270511 -0.02271613 0 -0.999742
Ependymal.cell Chondrocytes.&.osteoblasts 0.1806953 0.5893044 0.7184276 0.3066246 0.2515149 0.1314364 0.7688846 0.6257324 -0.9786432 0 0.205566
Ependymal.cell Early.mesenchyme 0.1488065 0.4880488 0.9456633 0.3049009 0.1573568 -0.0542891 0.4311725 0.9006348 -0.9981881 0 -0.06016949
Ependymal.cell Melanocytes 0.1193364 0.370622 0.8616861 0.3219894 0.1384917 -0.7223741 0.6890363 0.05834967 -0.08051262 0 -0.9967536
Ependymal.cell Radial.glia 0.05047242 0.1753679 0.3689761 0.2878088 0.1367905 0.6928266 0.576 0.4338379 -0.5307212 0 0.8475465
Ependymal.cell Neural.Tube 0.03994696 0.1303717 0.3196129 0.3064081 0.1249854 0.03002312 0.5034109 0.8635254 -0.9993961 0 0.03474709
Ependymal.cell Schwann.cell.precursor 0.1157808 0.4715675 0.5715883 0.2455233 0.2025598 0.847595 0.5274258 -0.05834963 0.06867886 0 0.9976388
Ependymal.cell Myocytes 0.1264901 0.4990499 0.2967447 0.2534619 0.426259 -0.8579246 0.1398184 0.4943847 -0.4992892 0 -0.8664355
Ependymal.cell Excitatory.neurons 0.1714698 0.7329538 0.5494503 0.2339436 0.3120752 0.9091303 0.410823 -0.06860352 0.07524666 0 0.997165
Ependymal.cell Oligodendrocyte.Progenitors 0.07353094 0.2724205 0.5007606 0.2699171 0.1468385 0.7487279 0.6140265 0.2497559 -0.3164329 0 0.9486149
Ependymal.cell Intermediate.Mesoderm 0.142843 0.4658563 0.6781378 0.3066246 0.2106401 0.1314364 0.7688846 0.6257324 -0.9786432 0 0.205566
Ependymal.cell Jaw.and.tooth.progenitors 0.1406093 0.4335044 0.8751804 0.3243549 0.1606632 0.4981583 0.124135 0.8581543 -0.8648435 0 0.5020414
Ependymal.cell Inhibitory.neurons 0.02755242 0.090629 0.3117443 0.3040133 0.08838148 0.3885726 0.6799585 0.6218262 -0.8480405 0 0.5299315
Ependymal.cell Primitive.erythroid.lineage 0.003930462 0.01280154 0.1142614 0.3070303 0.03439888 0.13624 0.5463289 0.826416 -0.9866821 0 0.1626609
Ependymal.cell Inhibitory.interneurons 0.04230731 0.1481745 0.4812606 0.2855236 0.08790937 0.66641 0.7311029 0.1462403 -0.2143446 0 0.9767581
Ependymal.cell Osteoblasts 0.1136281 0.4170415 0.2450897 0.2724624 0.4636185 0.7369954 0.6755639 -0.02124023 0.02880807 0 0.999585
Ependymal.cell Lens 0 0 0 0.3079135 0.02244475 -0.4001794 0.01801315 0.9162598 -0.9164084 0 -0.4002444
Ependymal.cell Chondroctye.progenitors 0.1141123 0.3581043 0.8017847 0.3186566 0.1423229 -0.06470911 0.8149356 0.5759277 -0.9937472 0 -0.1116538
Ependymal.cell Postmitotic.premature.neurons 0.06520954 0.1895746 0.4820415 0.3439783 0.1352778 0.1699505 0.9749045 0.1437989 -0.6459281 0 0.7633982
Ependymal.cell Stromal.cells 0.2093381 0.8773839 0.7336142 0.2385935 0.2853518 0.9665388 0.1141228 -0.2297364 0.2312472 0 0.972895
Ependymal.cell Inhibitory.neuron.progenitors 0.03924009 0.1300355 0.3503525 0.3017645 0.1120018 0.5387784 0.8348296 0.1130371 -0.2053321 0 0.9786924
Ependymal.cell Cholinergic.neurons 0.02595767 0.08339412 0.4567577 0.311265 0.05683029 0.4183583 0.8377915 0.3508301 -0.6425573 0 0.7662376
Ependymal.cell Granule.neurons 0.04495672 0.1682901 0.5601428 0.2671383 0.0802594 0.7580884 0.6378165 0.1359864 -0.1765624 0 0.9842894
Ependymal.cell Notochord.cells 0.03790662 0.1317076 0.4994392 0.2878088 0.07589836 0.6928266 0.576 0.4338379 -0.5307212 0 0.8475465
Ependymal.cell Premature.oligodendrocyte 0.02734075 0.08455446 0.3369813 0.3233508 0.08113432 -0.921174 0.01351751 -0.388916 0.3889515 0 -0.9212582
Ependymal.cell Isthmic.organizer.cells 0.07927072 0.2865352 0.5273948 0.2766527 0.1503062 0.7208344 0.6147797 0.3200684 -0.4058182 0 0.9139538
Ependymal.cell White.blood.cells 0.06963697 0.2300118 0.603461 0.302754 0.115396 0.3431962 0.5840508 0.7355957 -0.9062217 0 0.4228027
Ependymal.cell Cardiac.muscle.lineages 0.02782471 0.07537512 0.184975 0.3691498 0.1504242 0.1765727 0.8955406 -0.4084473 0.9179006 0 0.3968105
Ependymal.cell Megakaryocytes 0.1210892 0.3254246 0.7742336 0.372096 0.1563988 -0.312887 0.9152908 -0.2536621 0.6297569 0 -0.7767922
Ependymal.cell Hepatocytes 0.0002214938 0.0007088451 0.007872731 0.3124714 0.0281343 0.2954749 0.2082668 0.932373 -0.9532765 0 0.3020993
Limb.mesenchyme Epithelial.cells 0.06002688 0.4364992 0.2530112 0.1375189 0.2372499 0.5582473 0.8175439 -0.1413575 0.2454693 0 0.9694043
Limb.mesenchyme Chondrocytes.&.osteoblasts 0.008631149 0.05289429 0.02838382 0.1631773 0.304087 0.8486558 0.501157 0.1691894 -0.1955142 0 0.9807009
Limb.mesenchyme Early.mesenchyme 0.09483755 0.6898411 0.3611225 0.1374774 0.2626188 0.5670398 0.2703022 -0.7780762 0.8081595 0 0.5889637
Limb.mesenchyme Melanocytes 0.09539076 0.6383587 0.6130935 0.1494313 0.1555893 -0.1915078 0.4892984 0.8508301 -0.9755923 0 -0.2195897
Limb.mesenchyme Radial.glia 0.002230987 0.01622313 0.01509368 0.1375189 0.1478093 0.5582473 0.8175439 -0.1413575 0.2454693 0 0.9694043
Limb.mesenchyme Neural.Tube 0.01249759 0.09087908 0.08105057 0.1375189 0.154195 0.5582473 0.8175439 -0.1413575 0.2454693 0 0.9694043
Limb.mesenchyme Schwann.cell.precursor 0.05334778 0.3508417 0.3670561 0.1520566 0.1453396 0.4186534 0.7527335 0.5080566 -0.771741 0 0.635937
Limb.mesenchyme Myocytes 0.0657106 0.4541475 0.1570456 0.14469 0.4184174 -0.7695604 0.3341178 0.5441895 -0.5773702 0 -0.8164825
Limb.mesenchyme Excitatory.neurons 0.05377898 0.378334 0.1638939 0.1421468 0.3281328 0.5907711 0.448567 -0.6706542 0.7503831 0 0.6610032
Limb.mesenchyme Oligodendrocyte.Progenitors 0.01172388 0.08211876 0.08883356 0.1427673 0.1319757 0.5578465 0.8288437 0.04272455 -0.07636472 0 0.99708
Limb.mesenchyme Intermediate.Mesoderm 0.08217837 0.6311626 0.2686521 0.1302016 0.3058914 0.6485467 0.09576211 -0.755127 0.7586134 0 0.6515411
Limb.mesenchyme Jaw.and.tooth.progenitors 0.1046385 0.6496753 0.635676 0.1610627 0.1646098 0.4560041 0.4915081 0.7419434 -0.8519536 0 0.5236173
Limb.mesenchyme Inhibitory.neurons 0.007107486 0.04798041 0.08041827 0.1481331 0.08838148 0.3885726 0.6799585 0.6218262 -0.8480405 0 0.5299315
Limb.mesenchyme Primitive.erythroid.lineage 0.01006968 0.06998885 0.2750191 0.1438755 0.03661449 0.1344257 0.4746057 0.869873 -0.9882692 0 0.1527221
Limb.mesenchyme Inhibitory.interneurons 0.01147211 0.07869731 0.1320747 0.1457751 0.08686072 0.5387784 0.8348296 0.1130371 -0.2053321 0 0.9786924
Limb.mesenchyme Osteoblasts 0.124016 0.9635071 0.2783284 0.1287132 0.4455744 0.8815009 0.3171099 -0.3498535 0.3688925 0 0.929472
Limb.mesenchyme Lens 0 0 0 0.149928 0.03831143 -0.03431653 0.01693172 0.9992676 -0.9994109 0 -0.03432145
Limb.mesenchyme Chondroctye.progenitors 0.06362232 0.4305674 0.4273138 0.1477639 0.148889 0.3459612 0.6334468 0.6921387 -0.894483 0 0.4471018
Limb.mesenchyme Postmitotic.premature.neurons 0.008945676 0.05869171 0.0570836 0.152418 0.1567118 0.4520864 0.7771731 0.4377441 -0.6956193 0 0.7184106
Limb.mesenchyme Stromal.cells 0.006853698 0.04743825 0.01942585 0.1444762 0.3528133 0.4161026 0.3102973 -0.8547363 0.8991172 0 0.437708
Limb.mesenchyme Inhibitory.neuron.progenitors 0.005447744 0.03930671 0.04909695 0.1385958 0.1109589 0.5464944 0.8344438 -0.07104491 0.1289164 0 0.9916555
Limb.mesenchyme Cholinergic.neurons 0.0009091737 0.005677165 0.01463792 0.1601457 0.06211087 0.373874 0.9152455 0.1501464 -0.3726673 0 0.927965
Limb.mesenchyme Granule.neurons 0.003770265 0.02639632 0.0426699 0.1428329 0.08835889 0.5316439 0.8469676 -0.0007324655 0.001377736 0 0.9999991
Limb.mesenchyme Notochord.cells 0.002095457 0.0152376 0.02526795 0.1375189 0.08292944 0.5582473 0.8175439 -0.1413575 0.2454693 0 0.9694043
Limb.mesenchyme Premature.oligodendrocyte 0.004789733 0.03455901 0.04527881 0.1385958 0.1057831 0.5464944 0.8344438 -0.07104491 0.1289164 0 0.9916555
Limb.mesenchyme Isthmic.organizer.cells 0.01043922 0.07532137 0.06814846 0.1385958 0.1531836 0.5464944 0.8344438 -0.07104491 0.1289164 0 0.9916555
Limb.mesenchyme White.blood.cells 0.05752712 0.3886476 0.5158859 0.1480187 0.1115113 0.3015188 0.6262059 0.7189941 -0.922192 0 0.3867323
Limb.mesenchyme Cardiac.muscle.lineages 0.08909264 0.655136 0.4959818 0.1359911 0.1796288 -0.2064188 0.265868 0.9416504 -0.9768062 0 -0.2141253
Limb.mesenchyme Megakaryocytes 0.1014738 0.6740985 0.5925962 0.1505326 0.1712359 0.4646938 0.7433068 0.4812012 -0.7193374 0 0.6946608
Limb.mesenchyme Hepatocytes 0.0001472343 0.0008304808 0.006053435 0.1772881 0.02432244 0.2810331 0.09154117 0.9553223 -0.9593503 0 0.282218
Epithelial.cells Chondrocytes.&.osteoblasts 0.1007568 0.4454439 0.3759789 0.226194 0.2679851 0.4462402 0.8852579 -0.1311035 0.2818822 0 0.959449
Epithelial.cells Early.mesenchyme 0.121881 0.5383759 0.51037 0.2263864 0.2388091 -0.1596455 0.9519161 0.2614746 -0.8534917 0 -0.5211063
Epithelial.cells Melanocytes 0.09645793 0.3744952 0.5793388 0.2575679 0.1664966 -0.9706191 0.1686458 -0.1716308 0.1741248 0 -0.9847236
Epithelial.cells Radial.glia 0.08732563 0.4022451 0.6041709 0.2170956 0.144538 0.4710139 0.8567145 0.210205 -0.4075392 0 0.9131877
Epithelial.cells Neural.Tube 0.06908979 0.2067019 0.4481265 0.3342485 0.1541747 -0.2286641 0.783072 -0.5783693 0.9299572 0 -0.3676679
Epithelial.cells Schwann.cell.precursor 0.1100283 0.4692304 0.7598068 0.2344867 0.1448109 0.32618 0.7602788 0.5617676 -0.8647941 0 0.5021267
Epithelial.cells Myocytes 0.1184397 0.5222436 0.4865872 0.2267902 0.2434091 0.3829078 0.8976914 -0.2180176 0.4947921 0 0.8690114
Epithelial.cells Excitatory.neurons 0.119515 0.4561257 0.3671945 0.262022 0.3254814 0.8279799 0.2163673 -0.517334 0.5298859 0 0.8480689
Epithelial.cells Oligodendrocyte.Progenitors 0.0999611 0.4602915 0.7538051 0.2171691 0.1326087 0.4239083 0.8741304 0.2370606 -0.4880891 0 0.8727938
Epithelial.cells Intermediate.Mesoderm 0.09762967 0.4288085 0.5041886 0.2276766 0.1936372 0.3384471 0.9213635 -0.1911621 0.4917958 0 0.8707106
Epithelial.cells Jaw.and.tooth.progenitors 0.07739517 0.3379931 0.3637236 0.2289845 0.2127857 0.4254985 0.8711993 -0.2448731 0.4987947 0 0.8667202
Epithelial.cells Inhibitory.neurons 0.00744988 0.02840828 0.08719009 0.2622433 0.08544411 0.4697597 0.5398543 0.6984863 -0.8297942 0 0.5580695
Epithelial.cells Primitive.erythroid.lineage 0.002043735 0.007841561 0.05033722 0.2606286 0.04060088 0.7559817 0.4097357 0.5104981 -0.5596313 0 0.8287417
Epithelial.cells Inhibitory.interneurons 0.04310733 0.1723191 0.4885075 0.25016 0.08824293 0.9520207 0.1953235 0.2355957 -0.2402226 0 0.9707178
Epithelial.cells Osteoblasts 0.1966795 0.9177471 0.4998937 0.2143069 0.3934427 0.3023786 0.9205449 0.2473144 -0.6331055 0 0.7740656
Epithelial.cells Lens 0 0 0 0.275475 0.01286905 0.723157 0.3524415 -0.5939941 0.6347217 0 0.7727408
Epithelial.cells Chondroctye.progenitors 0.1045048 0.4096833 0.7417225 0.2550867 0.1408947 -0.03717967 0.7842067 0.6193848 -0.9982032 0 -0.05991891
Epithelial.cells Postmitotic.premature.neurons 0.05998678 0.2331566 0.3607919 0.2572811 0.1662642 0.5656167 0.5643527 0.6013184 -0.7283995 0 0.6851527
Epithelial.cells Stromal.cells 0.1593762 0.6765816 0.5472447 0.235561 0.291234 0.9912576 0.1237902 -0.04565432 0.0460082 0 0.9989411
Epithelial.cells Inhibitory.neuron.progenitors 0.03810089 0.1607516 0.3318975 0.2370173 0.1147972 0.5875373 0.7261019 0.3571778 -0.5194655 0 0.8544915
Epithelial.cells Cholinergic.neurons 0.005711555 0.02303063 0.09849704 0.2479983 0.05798708 0.2988772 0.6740341 0.6755371 -0.9144943 0 0.4045988
Epithelial.cells Granule.neurons 0.03905418 0.1615804 0.4678099 0.2417012 0.08348303 0.7725706 0.6090441 0.1794434 -0.2262453 0 0.9740704
Epithelial.cells Notochord.cells 0.0530743 0.2110048 0.7022091 0.2515312 0.07558191 0.6525959 0.6015647 0.4606934 -0.5767145 0 0.8169457
Epithelial.cells Premature.oligodendrocyte 0.04910693 0.2040599 0.4591555 0.2406496 0.1069505 0.3363048 0.7215278 0.6052246 -0.874115 0 0.4857189
Epithelial.cells Isthmic.organizer.cells 0.08374405 0.2528936 0.4461835 0.3311435 0.1876897 -0.3027203 0.8226821 -0.4812011 0.8464375 0 -0.5324881
Epithelial.cells White.blood.cells 0.06748638 0.298518 0.5718802 0.2260714 0.1180079 0.0481834 0.9622627 0.2678223 -0.984199 0 0.1770653
Epithelial.cells Cardiac.muscle.lineages 0.08151182 0.359415 0.5760563 0.2267902 0.1414997 0.3829078 0.8976914 -0.2180176 0.4947921 0 0.8690114
Epithelial.cells Megakaryocytes 0.05484371 0.1762977 0.3506658 0.3110857 0.1563988 -0.312887 0.9152908 -0.2536621 0.6297569 0 -0.7767922
Epithelial.cells Hepatocytes 0.0081789 0.03274953 0.3349225 0.249741 0.02442027 -0.612792 0.7553672 0.2321777 -0.3543064 0 -0.9351293
Chondrocytes.&.osteoblasts Early.mesenchyme 0.1209509 0.4932367 0.736538 0.2452187 0.1642154 -0.03247365 0.5944633 0.8034668 -0.9991843 0 -0.04038395
Chondrocytes.&.osteoblasts Melanocytes 0.1004947 0.3997893 0.6408684 0.2513692 0.1568102 -0.329484 0.5770281 0.7473145 -0.9150143 0 -0.4034213
Chondrocytes.&.osteoblasts Radial.glia 0.0005859905 0.002447052 0.003729041 0.2394679 0.1571424 0.09676734 0.2742161 0.9567871 -0.9949245 0 0.1006245
Chondrocytes.&.osteoblasts Neural.Tube 0.01214044 0.04905049 0.1064071 0.2475091 0.1140943 0.05119072 0.1727043 0.9836426 -0.9986485 0 0.05197166
Chondrocytes.&.osteoblasts Schwann.cell.precursor 0.04928346 0.1887785 0.2938499 0.261065 0.1677165 0.3649228 0.325421 0.8723145 -0.9225284 0 0.3859292
Chondrocytes.&.osteoblasts Myocytes 0.141358 0.5758669 0.3811652 0.2454699 0.3708575 -0.6047386 0.6617704 0.4431153 -0.5910516 0 -0.8066337
Chondrocytes.&.osteoblasts Excitatory.neurons 0.1604637 0.6400997 0.4832152 0.2506855 0.332075 0.3587441 0.7935835 0.491455 -0.8077012 0 0.5895922
Chondrocytes.&.osteoblasts Oligodendrocyte.Progenitors 0.008745445 0.03422667 0.06594926 0.2555155 0.1326087 0.4239083 0.8741304 0.2370606 -0.4880891 0 0.8727938
Chondrocytes.&.osteoblasts Intermediate.Mesoderm 0.1500782 0.5556331 0.8395616 0.2701031 0.1787578 0.1318038 0.9713998 -0.1975097 0.8317962 0 0.5550811
Chondrocytes.&.osteoblasts Jaw.and.tooth.progenitors 0.05666936 0.185367 0.2918863 0.3057144 0.1941487 0.7672997 0.481485 0.423584 -0.4832928 0 0.8754588
Chondrocytes.&.osteoblasts Inhibitory.neurons 0.007183759 0.0295462 0.07581265 0.2431365 0.09475674 0.2548814 0.6645902 0.7023926 -0.9400228 0 0.3411117
Chondrocytes.&.osteoblasts Primitive.erythroid.lineage 0.01038481 0.04418163 0.2836257 0.2350481 0.03661449 0.1344257 0.4746057 0.869873 -0.9882692 0 0.1527221
Chondrocytes.&.osteoblasts Inhibitory.interneurons 0.01886965 0.0736476 0.2200296 0.2562154 0.0857596 0.4217535 0.8982891 0.1232911 -0.2805865 0 0.9598287
Chondrocytes.&.osteoblasts Osteoblasts 0.2261632 0.9774886 0.5339389 0.2313717 0.4235751 0.123305 0.3881031 0.9133301 -0.9910094 0 0.1337921
Chondrocytes.&.osteoblasts Lens 0.004364839 0.01886505 0.1280284 0.2313717 0.03409274 0.123305 0.3881031 0.9133301 -0.9910094 0 0.1337921
Chondrocytes.&.osteoblasts Chondroctye.progenitors 0.1194834 0.4883865 0.8084848 0.2446493 0.1477868 0.2988772 0.6740341 0.6755371 -0.9144943 0 0.4045988
Chondrocytes.&.osteoblasts Postmitotic.premature.neurons 0.006686051 0.0261725 0.04609074 0.2554609 0.1450628 0.3273961 0.8990349 0.2907715 -0.6640483 0 0.7476897
Chondrocytes.&.osteoblasts Stromal.cells 0.1395762 0.5941617 0.5482 0.2349127 0.2546081 0.1728503 0.5093566 0.8430176 -0.9796202 0 0.200859
Chondrocytes.&.osteoblasts Inhibitory.neuron.progenitors 0.01810819 0.0687742 0.1700378 0.2632992 0.1064951 0.4320206 0.8998126 -0.06079099 0.1393405 0 0.9902446
Chondrocytes.&.osteoblasts Cholinergic.neurons 0 0 0 0.2709877 0.07037189 0.3927413 0.05137501 0.9182129 -0.919427 0 0.3932606
Chondrocytes.&.osteoblasts Granule.neurons 0.01698795 0.06529973 0.1820687 0.2601535 0.09330519 0.4417521 0.8955715 0.05297857 -0.119075 0 0.9928852
Chondrocytes.&.osteoblasts Notochord.cells 0.002709188 0.01067952 0.0319468 0.2536806 0.08480312 0.07928432 0.05449619 -0.9953613 0.9968426 0 0.07940231
Chondrocytes.&.osteoblasts Premature.oligodendrocyte 0.00486712 0.01848513 0.04472046 0.2632992 0.1088343 0.4320206 0.8998126 -0.06079099 0.1393405 0 0.9902446
Chondrocytes.&.osteoblasts Isthmic.organizer.cells 0.01274556 0.0475607 0.07974397 0.2679851 0.159831 0.4462402 0.8852579 -0.1311035 0.2818822 0 0.959449
Chondrocytes.&.osteoblasts White.blood.cells 0.05955081 0.243413 0.5472387 0.2446493 0.1088205 0.2988772 0.6740341 0.6755371 -0.9144943 0 0.4045988
Chondrocytes.&.osteoblasts Cardiac.muscle.lineages 0.1023769 0.3349149 0.4736976 0.3056802 0.2161228 0.8375698 0.5461993 0.01196292 -0.01428144 0 0.999898
Chondrocytes.&.osteoblasts Megakaryocytes 0.1172144 0.4185004 0.5838621 0.280082 0.2007571 0.4003568 0.7684051 -0.4992675 0.7801496 0 0.6255929
Chondrocytes.&.osteoblasts Hepatocytes 0.003823185 0.01652399 0.1240663 0.2313717 0.03081566 0.123305 0.3881031 0.9133301 -0.9910094 0 0.1337921
Early.mesenchyme Melanocytes 0.0799912 0.2959468 0.5018405 0.2702891 0.1593957 -0.955953 0.2492383 -0.1550293 0.1600811 0 -0.9871039
Early.mesenchyme Radial.glia 0.01498101 0.09534906 0.0909521 0.1571175 0.1647131 -0.03082402 0.3282385 0.9440918 -0.9994674 0 -0.032632
Early.mesenchyme Neural.Tube 0.03175266 0.2031794 0.2699366 0.1562789 0.1176301 -0.06556023 0.368054 0.9274902 -0.9975111 0 -0.07050969
Early.mesenchyme Schwann.cell.precursor 0.06153427 0.3157244 0.3668947 0.1948987 0.1677165 0.3649228 0.325421 0.8723145 -0.9225284 0 0.3859292
Early.mesenchyme Myocytes 0.07488815 0.4710889 0.2164269 0.1589682 0.3460206 -0.1056552 0.398897 0.9108887 -0.9933401 0 -0.1152189
Early.mesenchyme Excitatory.neurons 0.1197543 0.6740242 0.3555864 0.1776706 0.3367797 0.2579181 0.6141552 0.7458496 -0.9450881 0 0.3268157
Early.mesenchyme Oligodendrocyte.Progenitors 0.03512628 0.1994101 0.2008281 0.1761509 0.1749072 0.01122841 0.7078248 0.7062988 -0.9998737 0 0.01589552
Early.mesenchyme Intermediate.Mesoderm 0.1313274 0.8396215 0.5625948 0.1564126 0.2334315 0.01436153 0.3574081 0.9338379 -0.9998817 0 0.01537722
Early.mesenchyme Jaw.and.tooth.progenitors 0.1359153 0.6723686 0.8256822 0.2021441 0.1646098 0.4560041 0.4915081 0.7419434 -0.8519536 0 0.5236173
Early.mesenchyme Inhibitory.neurons 0 0 0 0.1917391 0.1163614 0.2718759 0.1597833 0.9489746 -0.9613256 0 0.2754143
Early.mesenchyme Primitive.erythroid.lineage 0.006993378 0.04223447 0.2033025 0.1655846 0.03439888 0.13624 0.5463289 0.826416 -0.9866821 0 0.1626609
Early.mesenchyme Inhibitory.interneurons 0.02914144 0.1171585 0.2755513 0.2487351 0.1057569 -0.8006245 0.1946992 -0.5666503 0.5777059 0 -0.816245
Early.mesenchyme Osteoblasts 0.1562458 1 0.3618799 0.1562458 0.4317615 -0.01691821 0.3979841 0.9172363 -0.9998299 0 -0.01844163
Early.mesenchyme Lens 0.0005952392 0.002428426 0.04940433 0.2451132 0.01204832 -0.6017814 0.1010978 0.7922363 -0.7963163 0 -0.6048805
Early.mesenchyme Chondroctye.progenitors 0.1031696 0.5806788 0.6770983 0.1776706 0.1523702 0.2579181 0.6141552 0.7458496 -0.9450881 0 0.3268157
Early.mesenchyme Postmitotic.premature.neurons 0.003876814 0.01635268 0.02399776 0.2370751 0.161549 -0.5694948 0.4121847 -0.7111817 0.7805745 0 -0.6250627
Early.mesenchyme Stromal.cells 0.1373331 0.825528 0.5315924 0.1663579 0.2583428 -0.002157058 0.6299763 0.7766113 -0.9999962 0 -0.002777515
Early.mesenchyme Inhibitory.neuron.progenitors 0.01781601 0.09821234 0.1544683 0.1814029 0.1153376 0.1069651 0.7099859 0.6960449 -0.988397 0 0.1518925
Early.mesenchyme Cholinergic.neurons 0 0 0 0.1972829 0.07736995 0.3177997 0.1334422 0.9387207 -0.9471918 0 0.3206675
Early.mesenchyme Granule.neurons 0.01900791 0.06935368 0.2142524 0.2740721 0.08871736 -0.078585 0.9758415 -0.2038574 0.9330719 0 -0.3596899
Early.mesenchyme Notochord.cells 0.02167244 0.1015043 0.2589301 0.2135125 0.08369996 0.1436112 0.1704008 -0.9748535 0.9893225 0 0.1457427
Early.mesenchyme Premature.oligodendrocyte 0.002966738 0.01239242 0.03237515 0.2393993 0.09163629 -0.5694476 0.5535985 -0.6076661 0.7296805 0 -0.6837882
Early.mesenchyme Isthmic.organizer.cells 0.03693167 0.2032133 0.2075312 0.1817385 0.1779572 -0.01161461 0.7486693 0.6628418 -0.9998465 0 -0.01751976
Early.mesenchyme White.blood.cells 0.07163268 0.3879104 0.6423802 0.184663 0.1115113 0.3015188 0.6262059 0.7189941 -0.922192 0 0.3867323
Early.mesenchyme Cardiac.muscle.lineages 0.08076726 0.3402469 0.524772 0.2373784 0.1539092 0.05783264 0.9225199 0.3815918 -0.9887094 0 0.1498451
Early.mesenchyme Megakaryocytes 0.1177357 0.4557081 0.7527918 0.2583578 0.1563988 -0.312887 0.9152908 -0.2536621 0.6297569 0 -0.7767922
Early.mesenchyme Hepatocytes 0.001914662 0.009705935 0.06796709 0.1972671 0.02817043 0.343151 0.1787279 0.9221191 -0.9372096 0 0.3487667
Melanocytes Radial.glia 0.005783322 0.03185858 0.04060835 0.181531 0.1424171 0.5980622 0.6941278 0.4006348 -0.5565518 0 0.8308129
Melanocytes Neural.Tube 0.0190625 0.1030664 0.1414949 0.1849535 0.1347221 0.6405582 0.6708011 0.3737793 -0.5039921 0 0.8637083
Melanocytes Schwann.cell.precursor 0.03913954 0.2244605 0.272247 0.1743716 0.1437648 0.3723862 0.7584178 0.5349121 -0.8207085 0 0.5713472
Melanocytes Myocytes 0.06956586 0.4626939 0.19939 0.1503496 0.3488934 -0.5497462 0.7719841 0.3190918 -0.5019994 0 -0.864868
Melanocytes Excitatory.neurons 0.08986301 0.6120298 0.2196744 0.1468278 0.4090736 -0.8359823 0.523119 0.1657714 -0.1945082 0 -0.9809009
Melanocytes Oligodendrocyte.Progenitors 0.01846598 0.1017235 0.1282943 0.181531 0.1439345 0.5980622 0.6941278 0.4006348 -0.5565518 0 0.8308129
Melanocytes Intermediate.Mesoderm 0.1178042 0.524188 0.651791 0.2247365 0.1807392 0.1948044 0.9355299 -0.2946777 0.8341964 0 0.5514675
Melanocytes Jaw.and.tooth.progenitors 0.1115232 0.6796118 0.6788631 0.1640984 0.1642794 -0.4395601 0.03020858 -0.8977051 0.898115 0 -0.4397607
Melanocytes Inhibitory.neurons 0 0 0 0.1497218 0.1189668 0.1834841 0.3883131 0.9030762 -0.9799774 0 0.1991086
Melanocytes Primitive.erythroid.lineage 0.004183219 0.02600846 0.1216092 0.1608407 0.03439888 0.13624 0.5463289 0.826416 -0.9866821 0 0.1626609
Melanocytes Inhibitory.interneurons 0.008601092 0.04659607 0.09170551 0.1845883 0.09379035 0.4830657 0.7947588 0.3674316 -0.6053983 0 0.7959228
Melanocytes Osteoblasts 0.02805471 0.1248148 0.06098371 0.2247708 0.4600361 0.6265285 0.497043 -0.6003418 0.6918565 0 0.7220351
Melanocytes Lens 0 0 0 0.1583063 0.03571722 0.01518935 0.2113384 0.9772949 -0.9998792 0 0.01554036
Melanocytes Chondroctye.progenitors 0.08854031 0.6162022 0.4403966 0.1436871 0.2010467 -0.8851404 0.4640125 -0.03491209 0.03941179 0 -0.9992231
Melanocytes Postmitotic.premature.neurons 9.202212E-05 0.0004884733 0.0006343606 0.1883872 0.1450628 0.3273961 0.8990349 0.2907715 -0.6640483 0 0.7476897
Melanocytes Stromal.cells 0.05563453 0.3130105 0.1947738 0.1777401 0.2856366 0.9499839 0.005177998 0.3122559 -0.3122601 0 0.9499967
Melanocytes Inhibitory.neuron.progenitors 0.007383877 0.03982564 0.06432108 0.1854051 0.1147972 0.5875373 0.7261019 0.3571778 -0.5194655 0 0.8544915
Melanocytes Cholinergic.neurons 0 0 0 0.1612473 0.07037189 0.3927413 0.05137501 0.9182129 -0.919427 0 0.3932606
Melanocytes Granule.neurons 0.009386791 0.04812246 0.09077635 0.1950605 0.1034057 0.9131559 0.2871377 0.2893066 -0.3020251 0 0.9532999
Melanocytes Notochord.cells 0.005371601 0.02959054 0.06923109 0.181531 0.07758943 0.5980622 0.6941278 0.4006348 -0.5565518 0 0.8308129
Melanocytes Premature.oligodendrocyte 0.0003535891 0.001864955 0.002830324 0.1895965 0.1249288 -0.2798007 0.9552025 -0.09643558 0.3258475 0 -0.9454223
Melanocytes Isthmic.organizer.cells 0.01763937 0.09716997 0.1155325 0.181531 0.1526788 0.5980622 0.6941278 0.4006348 -0.5565518 0 0.8308129
Melanocytes White.blood.cells 0.05394878 0.3394978 0.4531378 0.1589076 0.119056 0.2900413 0.5161279 0.8059082 -0.9409193 0 0.3386309
Melanocytes Cardiac.muscle.lineages 0.09952139 0.642852 0.5553834 0.1548123 0.179194 -0.09642142 0.457371 0.8840332 -0.9941044 0 -0.1084269
Melanocytes Megakaryocytes 0.1039467 0.7079498 0.5587636 0.1468278 0.1860299 -0.8359823 0.523119 0.1657714 -0.1945082 0 -0.9809009
Melanocytes Hepatocytes 0.0001412768 0.0008993426 0.004473659 0.157089 0.0315797 0.3659135 0.2755642 0.888916 -0.9247187 0 0.3806513
Radial.glia Neural.Tube 0.08608381 0.6352596 0.8088452 0.1355096 0.106428 -0.2564551 0.1469357 -0.9553223 0.9658051 0 -0.2592691
Radial.glia Schwann.cell.precursor 0.06352492 0.4638303 0.3691473 0.1369572 0.1720856 0.6712147 0.6762978 0.3034668 -0.4119673 0 0.9111986
Radial.glia Myocytes 0.007136548 0.05078445 0.02922808 0.1405263 0.2441675 0.5823271 0.8083736 0.0861816 -0.1464006 0 0.9892253
Radial.glia Excitatory.neurons 0.03446291 0.2479733 0.10837 0.1389783 0.3180114 0.7109354 0.6465734 0.2766113 -0.3626016 0 0.9319443
Radial.glia Oligodendrocyte.Progenitors 0.1124694 0.8114761 0.8162792 0.1385985 0.1377829 0.6005809 0.7616135 0.2434082 -0.3756116 0 0.9267771
Radial.glia Intermediate.Mesoderm 0.0009874883 0.006675089 0.004135333 0.1479363 0.238793 0.1193396 0.1608564 0.9797363 -0.992663 0 0.1209141
Radial.glia Jaw.and.tooth.progenitors 0 0 0 0.1417165 0.2037494 0.04742682 0.01380628 0.9987793 -0.9988745 0 0.04743133
Radial.glia Inhibitory.neurons 0.006240587 0.04346277 0.07906521 0.1435847 0.07892963 0.5576846 0.3223775 0.7648926 -0.8080325 0 0.589138
Radial.glia Primitive.erythroid.lineage 0 0 0 0.1482513 0.06649224 -0.03431653 0.01693172 0.9992676 -0.9994109 0 -0.03432145
Radial.glia Inhibitory.interneurons 0.01586242 0.1034742 0.1773194 0.1532984 0.08945677 0.7219344 0.6786627 -0.1350098 0.1838243 0 0.9829592
Radial.glia Osteoblasts 0.06617181 0.4806309 0.1410523 0.137677 0.4691297 -0.1001828 0.01382158 -0.994873 0.9949681 0 -0.1001924
Radial.glia Lens 0 0 0 0.1547769 0.03506537 -0.1153257 0.02846082 0.9929199 -0.9933223 0 -0.1153724
Radial.glia Chondroctye.progenitors 0.02418219 0.1395606 0.1612338 0.1732738 0.1499821 0.1707242 0.6317917 0.7561035 -0.9754434 0 0.22025
Radial.glia Postmitotic.premature.neurons 0.05998741 0.396538 0.382788 0.1512778 0.1567118 0.4520864 0.7771731 0.4377441 -0.6956193 0 0.7184106
Radial.glia Stromal.cells 0.07167903 0.5050657 0.2787709 0.1419202 0.2571252 0.6120812 0.4070648 0.6779785 -0.7422586 0 0.6701135
Radial.glia Inhibitory.neuron.progenitors 0.01430282 0.1035195 0.1235078 0.1381654 0.115805 0.6168423 0.7329488 0.2868652 -0.4216846 0 0.9067426
Radial.glia Cholinergic.neurons 0.01370246 0.08265661 0.2363019 0.1657757 0.05798708 0.2988772 0.6740341 0.6755371 -0.9144943 0 0.4045988
Radial.glia Granule.neurons 0.02422127 0.1646577 0.3017873 0.1471008 0.0802594 0.7580884 0.6378165 0.1359864 -0.1765624 0 0.9842894
Radial.glia Notochord.cells 0.03743116 0.2242181 0.3616199 0.1669409 0.1035097 0.8925607 0.1139992 0.4362793 -0.4391421 0 0.8984177
Radial.glia Premature.oligodendrocyte 0.05353997 0.3839095 0.654044 0.1394599 0.08185989 0.6696596 0.4269637 0.607666 -0.6719971 0 0.7405537
Radial.glia Isthmic.organizer.cells 0.1024971 0.7528005 0.6690613 0.1361544 0.1531954 0.3215272 0.05887337 0.9450684 -0.9467105 0 0.3220858
Radial.glia White.blood.cells 0.005071953 0.03323405 0.02976388 0.1526131 0.1704063 -0.4506851 0.378753 -0.8083496 0.8734214 0 -0.4869651
Radial.glia Cardiac.muscle.lineages 0.0002513906 0.001650695 0.001257613 0.1522938 0.1998951 0.09383775 0.2090669 0.9733887 -0.9953853 0 0.09595829
Radial.glia Megakaryocytes 0.004482735 0.02957444 0.02153668 0.1515746 0.2081442 -0.5096062 0.3214729 -0.7980956 0.8428343 0 -0.5381731
Radial.glia Hepatocytes 0 0 0 0.1482513 0.02418697 -0.03431653 0.01693172 0.9992676 -0.9994109 0 -0.03432145
Neural.Tube Schwann.cell.precursor 0.06149261 0.4783694 0.3443996 0.1285463 0.1785502 0.7487279 0.6140265 0.2497559 -0.3164329 0 0.9486149
Neural.Tube Myocytes 0.02735564 0.241604 0.07748124 0.1132251 0.3530615 0.1193396 0.1608564 0.9797363 -0.992663 0 0.1209141
Neural.Tube Excitatory.neurons 0.02651276 0.2097806 0.08407594 0.1263833 0.3153431 0.7277037 0.5816328 0.3635254 -0.4468925 0 0.8945876
Neural.Tube Oligodendrocyte.Progenitors 0.09936991 0.9252325 0.5380965 0.1073999 0.1846693 0.2728818 0.02695352 0.9616699 -0.9620194 0 0.272981
Neural.Tube Intermediate.Mesoderm 0.009999453 0.09442722 0.04160606 0.1058959 0.2403364 -0.2499563 0.02153668 -0.9680176 0.9682421 0 -0.2500143
Neural.Tube Jaw.and.tooth.progenitors 0 0 0 0.1091745 0.1771199 0.3215272 0.05887337 0.9450684 -0.9467105 0 0.3220858
Neural.Tube Inhibitory.neurons 0.0007227287 0.005245649 0.008177377 0.1377768 0.08838148 0.3885726 0.6799585 0.6218262 -0.8480405 0 0.5299315
Neural.Tube Primitive.erythroid.lineage 0 0 0 0.1103869 0.05939054 0.1755089 0.06725698 0.9821777 -0.9844068 0 0.1759073
Neural.Tube Inhibitory.interneurons 0.008423804 0.06615296 0.1006623 0.1273383 0.08368382 0.888257 0.4574458 -0.04174799 0.04694808 0 0.9988973
Neural.Tube Osteoblasts 0.06607938 0.5570772 0.1519463 0.118618 0.4348863 0.1469421 0.2871984 0.9465332 -0.9881634 0 0.1534049
Neural.Tube Lens 0 0 0 0.1124144 0.03831143 -0.03431653 0.01693172 0.9992676 -0.9994109 0 -0.03432145
Neural.Tube Chondroctye.progenitors 0.02977693 0.2458266 0.1651108 0.1211298 0.1803452 -0.2468787 0.4445057 0.861084 -0.9612715 0 -0.2756031
Neural.Tube Postmitotic.premature.neurons 0.03881782 0.2850793 0.237064 0.136165 0.163744 0.5238841 0.6577106 0.5412598 -0.7185462 0 0.6954792
Neural.Tube Stromal.cells 0.04094283 0.3245581 0.1590677 0.1261495 0.2573924 0.1344257 0.4746057 0.869873 -0.9882692 0 0.1527221
Neural.Tube Inhibitory.neuron.progenitors 0.003532308 0.02594193 0.02622905 0.1361621 0.1346716 -0.7852139 0.03178525 0.6184082 -0.6187209 0 -0.7856109
Neural.Tube Cholinergic.neurons 0 0 0 0.1231554 0.1427145 -0.2866973 0.540819 0.7907715 -0.9401199 0 -0.3408441
Neural.Tube Granule.neurons 0.01349766 0.1059882 0.1543362 0.1273505 0.0874562 0.8177633 0.5411373 0.1960449 -0.2331275 0 0.9724462
Neural.Tube Notochord.cells 0.06706498 0.6002496 0.861118 0.1117285 0.07788129 0.1825098 0.1201907 0.9758301 -0.9829557 0 0.1838425
Neural.Tube Premature.oligodendrocyte 0.03126426 0.2323048 0.4239742 0.1345829 0.07374094 -0.887806 0.0301607 -0.4592285 0.4594375 0 -0.8882101
Neural.Tube Isthmic.organizer.cells 0.09464845 0.8669469 0.6178284 0.1091745 0.1531954 0.3215272 0.05887337 0.9450684 -0.9467105 0 0.3220858
Neural.Tube White.blood.cells 0.02184892 0.1926617 0.1289381 0.1134056 0.1694528 -0.4888566 0.1168573 -0.864502 0.8704658 0 -0.492229
Neural.Tube Cardiac.muscle.lineages 0.005404227 0.05127266 0.02552783 0.1054017 0.2116994 -0.1580929 0.1016541 -0.9821777 0.9872921 0 -0.1589161
Neural.Tube Megakaryocytes 0.01969614 0.1707593 0.09311417 0.1153445 0.2115268 -0.5039552 0.1646023 -0.8479005 0.8596258 0 -0.5109242
Neural.Tube Hepatocytes 0 0 0 0.1110404 0.02308105 0.04742682 0.01380628 0.9987793 -0.9988745 0 0.04743133
Schwann.cell.precursor Myocytes 0.06245177 0.3723652 0.1829925 0.1677165 0.3412804 0.3649228 0.325421 0.8723145 -0.9225284 0 0.3859292
Schwann.cell.precursor Excitatory.neurons 0.1065587 0.6716338 0.3420138 0.158656 0.3115626 0.6108671 0.6238089 0.4875488 -0.6238014 0 0.7815829
Schwann.cell.precursor Oligodendrocyte.Progenitors 0.08052724 0.4835619 0.5829351 0.1665293 0.138141 0.4830657 0.7947588 0.3674316 -0.6053983 0 0.7959228
Schwann.cell.precursor Intermediate.Mesoderm 0.03276512 0.1953602 0.1303388 0.1677165 0.2513842 0.3649228 0.325421 0.8723145 -0.9225284 0 0.3859292
Schwann.cell.precursor Jaw.and.tooth.progenitors 0.02107294 0.1270384 0.1295341 0.1658785 0.1626826 0.4810571 0.439538 0.7585449 -0.8444942 0 0.5355647
Schwann.cell.precursor Inhibitory.neurons 0.01991725 0.1184869 0.2453697 0.1680967 0.08117242 0.4999513 0.3862597 0.7751465 -0.8403674 0 0.5420173
Schwann.cell.precursor Primitive.erythroid.lineage 0 0 0 0.2199709 0.05973111 0.2289817 0.05414301 0.9719238 -0.9733515 0 0.229318
Schwann.cell.precursor Inhibitory.interneurons 0.02863925 0.1073611 0.3017361 0.2667563 0.09491488 0.1592604 0.9867798 0.03002927 -0.1852895 0 0.982684
Schwann.cell.precursor Osteoblasts 0.1139047 0.7865756 0.2997818 0.1448109 0.3799586 0.32618 0.7602788 0.5617676 -0.8647941 0 0.5021267
Schwann.cell.precursor Lens 0.0001974083 0.0008714952 0.01468935 0.2265168 0.01343887 -0.5175326 0.2600624 0.8151855 -0.8442341 0 -0.5359746
Schwann.cell.precursor Chondroctye.progenitors 0.0649527 0.420308 0.4362492 0.154536 0.148889 0.3459612 0.6334468 0.6921387 -0.894483 0 0.4471018
Schwann.cell.precursor Postmitotic.premature.neurons 0.0627808 0.4272257 0.3931928 0.14695 0.1596693 0.4646938 0.7433068 0.4812012 -0.7193374 0 0.6946608
Schwann.cell.precursor Stromal.cells 0.1159161 0.8062895 0.4189336 0.1437648 0.2766932 0.3723862 0.7584178 0.5349121 -0.8207085 0 0.5713472
Schwann.cell.precursor Inhibitory.neuron.progenitors 0.05475012 0.3284823 0.410111 0.166676 0.1335007 0.7309949 0.5125921 0.4504394 -0.5246011 0 0.8513482
Schwann.cell.precursor Cholinergic.neurons 0.01760197 0.12033 0.3021785 0.1462809 0.05825025 0.3587441 0.7935835 0.491455 -0.8077012 0 0.5895922
Schwann.cell.precursor Granule.neurons 0.03716461 0.1673449 0.320739 0.2220839 0.1158718 0.8698965 0.4384984 -0.2258301 0.2512763 0 0.9679154
Schwann.cell.precursor Notochord.cells 0.0432353 0.2680758 0.5711533 0.1612801 0.07569824 0.5656167 0.5643527 0.6013184 -0.7283995 0 0.6851527
Schwann.cell.precursor Premature.oligodendrocyte 0.06506787 0.3073228 0.9023135 0.2117249 0.07211227 0.7733744 0.239034 0.5871582 -0.6046873 0 0.796463
Schwann.cell.precursor Isthmic.organizer.cells 0.08231077 0.4208793 0.5582073 0.1955686 0.1474555 0.66641 0.7311029 0.1462403 -0.2143446 0 0.9767581
Schwann.cell.precursor White.blood.cells 0.03332315 0.2035121 0.2715606 0.1637403 0.1227098 0.3882964 0.4352773 0.8122559 -0.9022093 0 0.4312984
Schwann.cell.precursor Cardiac.muscle.lineages 0.01785841 0.1100244 0.09005819 0.1623132 0.1982986 0.2988574 0.5738924 0.7624512 -0.9310325 0 0.3649361
Schwann.cell.precursor Megakaryocytes 0.02684778 0.1823032 0.1546027 0.1472699 0.1736566 0.3363048 0.7215278 0.6052246 -0.874115 0 0.4857189
Schwann.cell.precursor Hepatocytes 0 0 0 0.2290089 0.02308105 0.04742682 0.01380628 0.9987793 -0.9988745 0 0.04743133
Myocytes Excitatory.neurons 0.1851338 0.6377005 0.5815808 0.2903146 0.3183286 0.477879 0.5852934 0.6550293 -0.8078586 0 0.5893762
Myocytes Oligodendrocyte.Progenitors 0.0174478 0.07182191 0.1322046 0.2429315 0.1319757 0.5578465 0.8288437 0.04272455 -0.07636472 0 0.99708
Myocytes Intermediate.Mesoderm 0.1356166 0.5012763 0.8262998 0.2705427 0.1641252 0.02570031 0.896819 -0.4416505 0.9983112 0 0.05809325
Myocytes Jaw.and.tooth.progenitors 0.1431944 0.418587 0.8972825 0.34209 0.1595868 0.5642032 0.2114663 0.7980957 -0.816562 0 0.5772578
Myocytes Inhibitory.neurons 0.001679455 0.005103423 0.02119405 0.3290841 0.07924183 0.7051328 0.05049068 0.7072754 -0.7081786 0 0.7060333
Myocytes Primitive.erythroid.lineage 0.0210323 0.06448235 0.4450336 0.3261714 0.04726002 0.8626149 0.371799 0.3430176 -0.3695063 0 0.9292282
Myocytes Inhibitory.interneurons 0.03290839 0.1269902 0.3822328 0.2591412 0.08609516 0.3997513 0.8959445 0.1936035 -0.435881 0 0.9000043
Myocytes Osteoblasts 0.2265737 0.9571855 0.528409 0.2367082 0.4287846 0.2766601 0.9563599 -0.0939941 0.3216869 0 0.9468461
Myocytes Lens 0.004958473 0.01903206 0.225723 0.2605326 0.02196706 0.6429136 0.7346884 0.2165528 -0.3192088 0 0.9476843
Myocytes Chondroctye.progenitors 0.1288166 0.3614862 0.7439441 0.3563527 0.1731536 -0.4691041 0.6936396 0.5466309 -0.75887 0 -0.6512421
Myocytes Postmitotic.premature.neurons 0.00692848 0.02129911 0.04108561 0.3252944 0.1686352 0.6413815 0.2878376 0.7111816 -0.7426094 0 0.6697248
Myocytes Stromal.cells 0.1648514 0.4880442 0.633994 0.3377796 0.2600204 -0.08046025 0.5086969 0.8571777 -0.9956235 0 -0.09345566
Myocytes Inhibitory.neuron.progenitors 0.0304572 0.12683 0.2875901 0.2401419 0.1059049 0.3859433 0.9218982 -0.03393551 0.0875908 0 0.9961566
Myocytes Cholinergic.neurons 0 0 0 0.355319 0.06279843 0.4518901 0.03573929 0.8913574 -0.8919272 0 0.452179
Myocytes Granule.neurons 0.02327057 0.08887485 0.2652762 0.2618352 0.08772204 -0.02841646 0.9726068 -0.2307129 0.9925001 0 -0.1222443
Myocytes Notochord.cells 0.008387104 0.03434979 0.1021619 0.2441675 0.0820962 0.5823271 0.8083736 0.0861816 -0.1464006 0 0.9892253
Myocytes Premature.oligodendrocyte 0.007244095 0.02139106 0.0867294 0.3386505 0.08352526 0.6389964 0.1121761 0.7609863 -0.7658199 0 0.6430551
Myocytes Isthmic.organizer.cells 0.02218417 0.09085634 0.1538485 0.2441675 0.1441949 0.5823271 0.8083736 0.0861816 -0.1464006 0 0.9892253
Myocytes White.blood.cells 0.0449152 0.1276313 0.3044946 0.3519136 0.1475074 -0.03901587 0.28816 -0.9567871 0.9991696 0 -0.04074415
Myocytes Cardiac.muscle.lineages 0.1100323 0.4597749 0.7745119 0.2393178 0.1420667 0.3079579 0.9500569 -0.05053708 0.1619378 0 0.9868009
Myocytes Megakaryocytes 0.09245799 0.3259485 0.5911681 0.2836582 0.1563988 -0.312887 0.9152908 -0.2536621 0.6297569 0 -0.7767922
Myocytes Hepatocytes 0.007164923 0.02021067 0.2851798 0.3545119 0.02512423 0.07928432 0.05449619 -0.9953613 0.9968426 0 0.07940231
Excitatory.neurons Oligodendrocyte.Progenitors 0.05175816 0.1611442 0.3584804 0.3211915 0.1443821 0.7215198 0.6729723 0.1628418 -0.2201554 0 0.9754648
Excitatory.neurons Intermediate.Mesoderm 0.06317162 0.1417462 0.3707122 0.445667 0.1704061 -0.07621191 0.7844603 -0.6154785 0.9924207 0 -0.122887
Excitatory.neurons Jaw.and.tooth.progenitors 0.1136051 0.3544553 0.6825659 0.3205062 0.1664383 0.4697597 0.5398543 0.6984863 -0.8297942 0 0.5580695
Excitatory.neurons Inhibitory.neurons 0.001573674 0.004841235 0.01842893 0.3250563 0.08539151 0.4247407 0.541733 0.7253418 -0.8629364 0 0.5053124
Excitatory.neurons Primitive.erythroid.lineage 0 0 0 0.3539923 0.04380548 -0.03600485 0.484988 0.8737793 -0.9991521 0 -0.04117094
Excitatory.neurons Inhibitory.interneurons 0.08266075 0.2618606 1 0.3156669 0.08266075 0.8643656 0.5026433 -0.01489255 0.0172269 0 0.9998516
Excitatory.neurons Osteoblasts 0.2132917 0.6774661 0.4968258 0.3148375 0.4293088 0.5253893 0.61812 0.5847168 -0.7438352 0 0.668363
Excitatory.neurons Lens 0 0 0 0.3479256 0.03169078 -0.105826 0.196116 0.9748535 -0.9941594 0 -0.1079217
Excitatory.neurons Chondroctye.progenitors 0.1323467 0.3583749 0.9299044 0.3692967 0.1423229 -0.06470911 0.8149356 0.5759277 -0.9937472 0 -0.1116538
Excitatory.neurons Postmitotic.premature.neurons 0.09969247 0.3189747 0.6092924 0.3125404 0.1636201 0.5184682 0.6952577 0.4978027 -0.6925849 0 0.7213364
Excitatory.neurons Stromal.cells 0.1642914 0.5161063 0.6302236 0.3183286 0.2606875 0.477879 0.5852934 0.6550293 -0.8078586 0 0.5893762
Excitatory.neurons Inhibitory.neuron.progenitors 0.08588915 0.2242636 0.7727569 0.3829829 0.1111464 0.1975617 0.9622394 0.1872558 -0.6879229 0 0.7257838
Excitatory.neurons Cholinergic.neurons 0.003610551 0.0103174 0.04803088 0.3499478 0.07517146 0.08932251 0.7524297 0.6525879 -0.9907623 0 0.1356099
Excitatory.neurons Granule.neurons 0.07685219 0.1695354 0.8662587 0.4533105 0.08871736 -0.078585 0.9758415 -0.2038574 0.9330719 0 -0.3596899
Excitatory.neurons Notochord.cells 0.01728773 0.04323903 0.1665212 0.3998176 0.103817 -0.05523095 0.5980405 -0.7995605 0.9976227 0 -0.06891242
Excitatory.neurons Premature.oligodendrocyte 0.02037233 0.0564294 0.2704496 0.3610232 0.07532763 -0.870749 0.0742869 -0.486084 0.4874308 0 -0.8731616
Excitatory.neurons Isthmic.organizer.cells 0.05361947 0.1664651 0.3603517 0.3221064 0.1487976 0.6828247 0.7055248 0.1896973 -0.2676749 0 0.9635093
Excitatory.neurons White.blood.cells 0.04674923 0.1400296 0.4295993 0.3338526 0.1088205 0.2988772 0.6740341 0.6755371 -0.9144943 0 0.4045988
Excitatory.neurons Cardiac.muscle.lineages 0.1025758 0.2594592 0.6725988 0.3953447 0.1525067 0.4676878 0.740474 -0.4826659 0.7181621 0 0.6958759
Excitatory.neurons Megakaryocytes 0.08592872 0.2471173 0.5389235 0.3477244 0.1594451 0.1747422 0.7815443 0.598877 -0.9599699 0 0.2801031
Excitatory.neurons Hepatocytes 0 0 0 0.358596 0.02965825 -0.1794031 0.5374759 0.8239746 -0.9771079 0 -0.2127446
Oligodendrocyte.Progenitors Intermediate.Mesoderm 0.0101258 0.06591342 0.05028208 0.1536227 0.2013799 0.2476928 0.8288163 0.5017089 -0.896676 0 0.4426873
Oligodendrocyte.Progenitors Jaw.and.tooth.progenitors 0 0 0 0.1580886 0.1641016 0.6120812 0.4070648 0.6779785 -0.7422586 0 0.6701135
Oligodendrocyte.Progenitors Inhibitory.neurons 0.01221449 0.07550705 0.1382019 0.1617662 0.08838148 0.3885726 0.6799585 0.6218262 -0.8480405 0 0.5299315
Oligodendrocyte.Progenitors Primitive.erythroid.lineage 0 0 0 0.1864979 0.05939054 0.1755089 0.06725698 0.9821777 -0.9844068 0 0.1759073
Oligodendrocyte.Progenitors Inhibitory.interneurons 0.02476455 0.1792575 0.2866517 0.1381507 0.08639247 0.6463251 0.7561082 0.1027832 -0.1570536 0 0.9875901
Oligodendrocyte.Progenitors Osteoblasts 0.08800189 0.6177089 0.2258014 0.142465 0.3897314 0.3273961 0.8990349 0.2907715 -0.6640483 0 0.7476897
Oligodendrocyte.Progenitors Lens 4.244424E-05 0.0002351862 0.003459239 0.1804708 0.01226982 -0.6155481 0.2255744 0.755127 -0.7751045 0 -0.631833
Oligodendrocyte.Progenitors Chondroctye.progenitors 0.02870528 0.1581888 0.1724899 0.1814621 0.1664172 -0.1794031 0.5374759 0.8239746 -0.9771079 0 -0.2127446
Oligodendrocyte.Progenitors Postmitotic.premature.neurons 0.05472651 0.3907129 0.3662759 0.1400684 0.1494133 0.3505518 0.8748741 0.3342285 -0.6900552 0 0.7237567
Oligodendrocyte.Progenitors Stromal.cells 0.1008678 0.7121761 0.3473268 0.1416332 0.2904119 0.3707714 0.8484587 0.3776855 -0.7136086 0 0.7005447
Oligodendrocyte.Progenitors Inhibitory.neuron.progenitors 0.01472286 0.1088456 0.1324732 0.1352637 0.1111384 0.3986333 0.8640679 0.307373 -0.610624 0 0.7919207
Oligodendrocyte.Progenitors Cholinergic.neurons 0.01139958 0.06774363 0.1965883 0.1682754 0.05798708 0.2988772 0.6740341 0.6755371 -0.9144943 0 0.4045988
Oligodendrocyte.Progenitors Granule.neurons 0.02595363 0.1738425 0.3233719 0.149294 0.0802594 0.7580884 0.6378165 0.1359864 -0.1765624 0 0.9842894
Oligodendrocyte.Progenitors Notochord.cells 0.06766675 0.3948448 0.8804124 0.1713756 0.07685801 0.5024322 0.0140817 0.864502 -0.8645877 0 0.502482
Oligodendrocyte.Progenitors Premature.oligodendrocyte 0.06229194 0.3968558 0.8648195 0.1569637 0.07202883 0.7618247 0.306738 0.5705566 -0.5994539 0 0.8004093
Oligodendrocyte.Progenitors Isthmic.organizer.cells 0.1238599 0.9385052 0.8595828 0.1319757 0.1440931 0.5578465 0.8288437 0.04272455 -0.07636472 0 0.99708
Oligodendrocyte.Progenitors White.blood.cells 0.02311091 0.1234879 0.1414738 0.1871511 0.1633582 -0.4392914 0.6255301 -0.6447753 0.826423 0 -0.5630497
Oligodendrocyte.Progenitors Cardiac.muscle.lineages 0.005797717 0.04359497 0.03373483 0.1329905 0.1718614 0.5316439 0.8469676 -0.0007324655 0.001377736 0 0.9999991
Oligodendrocyte.Progenitors Megakaryocytes 0.01615304 0.08032476 0.1016119 0.2010967 0.158968 -0.3374855 0.8932098 -0.2971192 0.6607933 0 -0.750568
Oligodendrocyte.Progenitors Hepatocytes 0 0 0 0.1871264 0.02791276 0.2448073 0.2269885 0.942627 -0.9678914 0 0.2513687
Intermediate.Mesoderm Jaw.and.tooth.progenitors 0.141095 0.8380216 0.6460805 0.1683667 0.218386 0.05619334 0.8110473 -0.5822755 0.9953756 0 0.09606016
Intermediate.Mesoderm Inhibitory.neurons 0 0 0 0.24861 0.1096325 0.3177997 0.1334422 0.9387207 -0.9471918 0 0.3206675
Intermediate.Mesoderm Primitive.erythroid.lineage 0.02381149 0.08536757 0.5578243 0.278929 0.04268637 0.7975191 0.412553 0.4401855 -0.4832246 0 0.8754964
Intermediate.Mesoderm Inhibitory.interneurons 0.01300298 0.07051854 0.1430976 0.1843909 0.0908679 0.1960732 0.9743326 -0.1105957 0.4912884 0 0.870997
Intermediate.Mesoderm Osteoblasts 0.08173299 0.4247627 0.2012949 0.1924204 0.406036 -0.02523442 0.9974245 0.06713863 -0.9360656 0 -0.3518253
Intermediate.Mesoderm Lens 0.002154666 0.007583723 0.1138416 0.2841172 0.01892688 0.8050427 0.5751563 -0.1452636 0.1775744 0 0.9841074
Intermediate.Mesoderm Chondroctye.progenitors 0.1061407 0.4882388 0.7388998 0.2173951 0.143647 0.203372 0.6988065 0.685791 -0.9587316 0 0.2843127
Intermediate.Mesoderm Postmitotic.premature.neurons 0 0 0 0.2765119 0.1615437 0.569857 0.03388599 0.8210449 -0.8215167 0 0.5701845
Intermediate.Mesoderm Stromal.cells 0.1221049 0.5362283 0.4758988 0.2277107 0.2565775 0.06051695 0.5443539 0.8366699 -0.9973943 0 0.07214226
Intermediate.Mesoderm Inhibitory.neuron.progenitors 0.01258634 0.07645621 0.1011137 0.1646216 0.1244772 -0.04829426 0.8875093 -0.4582519 0.9944925 0 -0.1048076
Intermediate.Mesoderm Cholinergic.neurons 0 0 0 0.2377546 0.09932272 0.1493689 0.02250491 0.9885254 -0.9887758 0 0.1494068
Intermediate.Mesoderm Granule.neurons 0.008325541 0.0477143 0.09490821 0.1744873 0.08772204 -0.02841646 0.9726068 -0.2307129 0.9925001 0 -0.1222443
Intermediate.Mesoderm Notochord.cells 0.005566913 0.02369346 0.06651034 0.2349557 0.08369996 0.1436112 0.1704008 -0.9748535 0.9893225 0 0.1457427
Intermediate.Mesoderm Premature.oligodendrocyte 0 0 0 0.2810324 0.08772938 0.6076496 0.005010491 0.7941895 -0.7941994 0 0.6076573
Intermediate.Mesoderm Isthmic.organizer.cells 0.01275766 0.07203547 0.07452786 0.1771025 0.1711798 0.1642103 0.9266605 -0.3381348 0.8995359 0 0.4368468
Intermediate.Mesoderm White.blood.cells 0.05890571 0.287901 0.5741712 0.204604 0.1025926 0.219666 0.7902774 0.5720215 -0.9335326 0 0.3584924
Intermediate.Mesoderm Cardiac.muscle.lineages 0.125721 0.653362 0.8849436 0.1924217 0.1420667 0.3079579 0.9500569 -0.05053708 0.1619378 0 0.9868009
Intermediate.Mesoderm Megakaryocytes 0.09676108 0.5239391 0.5625207 0.18468 0.1720134 0.212586 0.9602497 -0.1809082 0.6480854 0 0.7615677
Intermediate.Mesoderm Hepatocytes 0.006944414 0.02831544 0.2665668 0.2452519 0.02605131 -0.2036511 0.1137582 0.9724121 -0.9787658 0 -0.2049817
Jaw.and.tooth.progenitors Inhibitory.neurons 0 0 0 0.1731084 0.1036974 0.3585721 0.09682696 0.9284668 -0.93285 0 0.3602649
Jaw.and.tooth.progenitors Primitive.erythroid.lineage 0.009542486 0.04672961 0.2609669 0.2042064 0.03656588 0.1002674 0.5117365 0.8532715 -0.9931664 0 0.1167064
Jaw.and.tooth.progenitors Inhibitory.interneurons 0 0 0 0.1609144 0.113763 0.5024322 0.0140817 0.864502 -0.8645877 0 0.502482
Jaw.and.tooth.progenitors Osteoblasts 0.1267272 0.611063 0.336842 0.2073881 0.3762214 0.2757838 0.8589764 0.4313965 -0.8425462 0 0.5386242
Jaw.and.tooth.progenitors Lens 0 0 0 0.2124445 0.03831143 -0.03431653 0.01693172 0.9992676 -0.9994109 0 -0.03432145
Jaw.and.tooth.progenitors Chondroctye.progenitors 0.07308979 0.3953151 0.4150647 0.18489 0.1760926 0.7483105 0.2058054 0.6306152 -0.6444101 0 0.76468
Jaw.and.tooth.progenitors Postmitotic.premature.neurons 0 0 0 0.1630858 0.1687736 0.4518901 0.03573929 0.8913574 -0.8919272 0 0.452179
Jaw.and.tooth.progenitors Stromal.cells 0.1201394 0.7384893 0.4687949 0.1626826 0.2562728 0.4810571 0.439538 0.7585449 -0.8444942 0 0.5355647
Jaw.and.tooth.progenitors Inhibitory.neuron.progenitors 0.002098053 0.0095829 0.01910469 0.2189372 0.1098187 0.3384471 0.9213635 -0.1911621 0.4917958 0 0.8707106
Jaw.and.tooth.progenitors Cholinergic.neurons 0 0 0 0.1872214 0.09003302 0.2289817 0.05414301 0.9719238 -0.9733515 0 0.229318
Jaw.and.tooth.progenitors Granule.neurons 0.001618361 0.007210355 0.01768008 0.2244496 0.09153588 0.02119813 0.9660275 -0.2575683 0.9966303 0 0.08202369
Jaw.and.tooth.progenitors Notochord.cells 0 0 0 0.2037494 0.08173695 0.04742682 0.01380628 0.9987793 -0.9988745 0 0.04743133
Jaw.and.tooth.progenitors Premature.oligodendrocyte 0 0 0 0.1617166 0.1093002 0.4782434 0.0780088 0.8747559 -0.8774297 0 0.4797053
Jaw.and.tooth.progenitors Isthmic.organizer.cells 0 0 0 0.1641016 0.1561865 0.6120812 0.4070648 0.6779785 -0.7422586 0 0.6701135
Jaw.and.tooth.progenitors White.blood.cells 0.05600137 0.3025734 0.4398561 0.1850835 0.1273175 0.2448073 0.2269885 0.942627 -0.9678914 0 0.2513687
Jaw.and.tooth.progenitors Cardiac.muscle.lineages 0.1205927 0.5613086 0.8666046 0.2148421 0.1391554 0.3591791 0.8723003 -0.3317871 0.678542 0 0.7345616
Jaw.and.tooth.progenitors Megakaryocytes 0.1117801 0.5199957 0.5712034 0.2149634 0.1956922 0.3648725 0.8397523 -0.4020996 0.7405564 0 0.6719943
Jaw.and.tooth.progenitors Hepatocytes 0 0 0 0.2124445 0.02418697 -0.03431653 0.01693172 0.9992676 -0.9994109 0 -0.03432145
Inhibitory.neurons Primitive.erythroid.lineage 0 0 0 0.1573246 0.06310452 0.04742682 0.01380628 0.9987793 -0.9988745 0 0.04743133
Inhibitory.neurons Inhibitory.interneurons 0.03437071 0.4436932 0.3253831 0.07746504 0.1056315 0.5641872 0.2663826 0.7814941 -0.8107901 0 0.585337
Inhibitory.neurons Osteoblasts 0.0178841 0.1931348 0.04770054 0.09259903 0.3749245 0.2803335 0.7582454 0.588623 -0.9028386 0 0.4299796
Inhibitory.neurons Lens 0 0 0 0.1691822 0.03831143 -0.03431653 0.01693172 0.9992676 -0.9994109 0 -0.03432145
Inhibitory.neurons Chondroctye.progenitors 0 0 0 0.09188129 0.1971052 0.4162662 0.2338276 0.8786621 -0.9037148 0 0.4281349
Inhibitory.neurons Postmitotic.premature.neurons 0.05274146 0.5044923 0.2408844 0.1045436 0.2189492 -0.2517277 0.9150362 0.3151856 -0.7813774 0 -0.6240588
Inhibitory.neurons Stromal.cells 0.01083369 0.1268708 0.04189686 0.08539151 0.25858 0.4247407 0.541733 0.7253418 -0.8629364 0 0.5053124
Inhibitory.neurons Inhibitory.neuron.progenitors 0.05208513 0.6936038 0.3738541 0.07509349 0.1393194 0.6066954 0.1926376 0.7712402 -0.7859613 0 0.6182757
Inhibitory.neurons Cholinergic.neurons 0.01639339 0.1982598 0.3173196 0.08268641 0.05166209 0.5260664 0.4334567 0.7316895 -0.8119288 0 0.5837564
Inhibitory.neurons Granule.neurons 0.05196605 0.4355839 0.5914147 0.119302 0.08786736 0.08238797 0.9818805 -0.1706543 0.9005452 0 0.4347624
Inhibitory.neurons Notochord.cells 0.0002946976 0.003847585 0.003971602 0.07659288 0.0742012 0.6068768 0.2494414 0.7546387 -0.7792715 0 0.6266865
Inhibitory.neurons Premature.oligodendrocyte 0.01894424 0.2522754 0.2144482 0.07509349 0.08833948 0.6066954 0.1926376 0.7712402 -0.7859613 0 0.6182757
Inhibitory.neurons Isthmic.organizer.cells 0.01381142 0.1562705 0.08344815 0.08838148 0.1655089 0.3885726 0.6799585 0.6218262 -0.8480405 0 0.5299315
Inhibitory.neurons White.blood.cells 0 0 0 0.09858759 0.1470159 0.3860915 0.1394099 0.9118652 -0.9208577 0 0.389899
Inhibitory.neurons Cardiac.muscle.lineages 0 0 0 0.07693233 0.2330746 0.5880368 0.08416376 0.8044434 -0.8073078 0 0.5901307
Inhibitory.neurons Megakaryocytes 0 0 0 0.1096325 0.2269942 0.3177997 0.1334422 0.9387207 -0.9471918 0 0.3206675
Inhibitory.neurons Hepatocytes 0 0 0 0.1691822 0.02418697 -0.03431653 0.01693172 0.9992676 -0.9994109 0 -0.03432145
Primitive.erythroid.lineage Inhibitory.interneurons 0 0 0 0.06292383 0.1323101 0.2073021 0.003277564 0.9782715 -0.9782767 0 0.2073032
Primitive.erythroid.lineage Osteoblasts 0.02006752 0.5833772 0.04981458 0.03439888 0.4028443 0.13624 0.5463289 0.826416 -0.9866821 0 0.1626609
Primitive.erythroid.lineage Lens 0 0 0 0.06292383 0.04601298 0.2073021 0.003277564 0.9782715 -0.9782767 0 0.2073032
Primitive.erythroid.lineage Chondroctye.progenitors 0 0 0 0.04107745 0.1888743 0.123305 0.3881031 0.9133301 -0.9910094 0 0.1337921
Primitive.erythroid.lineage Postmitotic.premature.neurons 0 0 0 0.05702843 0.1974609 0.1254137 0.1091319 0.986084 -0.992009 0 0.1261673
Primitive.erythroid.lineage Stromal.cells 0.003025229 0.08794558 0.01177883 0.03439888 0.256836 0.13624 0.5463289 0.826416 -0.9866821 0 0.1626609
Primitive.erythroid.lineage Inhibitory.neuron.progenitors 0 0 0 0.06221539 0.1255267 0.1493689 0.02250491 0.9885254 -0.9887758 0 0.1494068
Primitive.erythroid.lineage Cholinergic.neurons 0 0 0 0.06310452 0.1123449 0.04742682 0.01380628 0.9987793 -0.9988745 0 0.04743133
Primitive.erythroid.lineage Granule.neurons 0 0 0 0.05842053 0.2243613 0.3215272 0.05887337 0.9450684 -0.9467105 0 0.3220858
Primitive.erythroid.lineage Notochord.cells 0 0 0 0.0602074 0.08018618 0.1077844 0.05883846 0.9924316 -0.994154 0 0.1079714
Primitive.erythroid.lineage Premature.oligodendrocyte 0 0 0 0.05702843 0.1647392 0.1254137 0.1091319 0.986084 -0.992009 0 0.1261673
Primitive.erythroid.lineage Isthmic.organizer.cells 0 0 0 0.06221539 0.1681699 0.1493689 0.02250491 0.9885254 -0.9887758 0 0.1494068
Primitive.erythroid.lineage White.blood.cells 0.006431914 0.191019 0.0543097 0.03367158 0.1184303 0.2556531 0.5582441 0.7893066 -0.9513423 0 0.3081358
Primitive.erythroid.lineage Cardiac.muscle.lineages 0.004021334 0.09070121 0.02258816 0.04433606 0.1780284 -0.08046025 0.5086969 0.8571777 -0.9956235 0 -0.09345566
Primitive.erythroid.lineage Megakaryocytes 0.01285065 0.2719136 0.06504644 0.04726002 0.1975611 0.8626149 0.371799 0.3430176 -0.3695063 0 0.9292282
Primitive.erythroid.lineage Hepatocytes 0 0 0 0.05682696 0.02432244 0.2810331 0.09154117 0.9553223 -0.9593503 0 0.282218
Inhibitory.interneurons Osteoblasts 0.01069626 0.1073836 0.02431408 0.09960796 0.4399204 0.2915776 0.7200955 -0.6296387 0.9074239 0 0.4202163
Inhibitory.interneurons Lens 0 0 0 0.1378537 0.03831143 -0.03431653 0.01693172 0.9992676 -0.9994109 0 -0.03432145
Inhibitory.interneurons Chondroctye.progenitors 0.0352632 0.3419072 0.1924624 0.1031368 0.1832213 0.8020208 0.06718209 0.5935059 -0.5948498 0 0.8038369
Inhibitory.interneurons Postmitotic.premature.neurons 0.05038815 0.4955793 0.2240724 0.1016752 0.2248744 0.3575938 0.7044942 -0.6130372 0.8637857 0 0.5038593
Inhibitory.interneurons Stromal.cells 0.05415197 0.6032839 0.1937982 0.08976199 0.2794245 0.9373564 0.1317216 0.3225097 -0.3253445 0 0.9455956
Inhibitory.interneurons Inhibitory.neuron.progenitors 0.03394241 0.2741071 0.2797493 0.123829 0.1213315 0.1002674 0.5117365 0.8532715 -0.9931664 0 0.1167064
Inhibitory.interneurons Cholinergic.neurons 0.01931419 0.1877375 0.206705 0.1028787 0.09343842 -0.2173306 0.6416123 -0.7355957 0.9590193 0 -0.2833407
Inhibitory.interneurons Granule.neurons 0.05454818 0.5198777 0.3327055 0.104925 0.1639533 0.3723862 0.7584178 0.5349121 -0.8207085 0 0.5713472
Inhibitory.interneurons Notochord.cells 0.006083976 0.07270194 0.05982995 0.08368382 0.1016878 0.888257 0.4574458 -0.04174799 0.04694808 0 0.9988973
Inhibitory.interneurons Premature.oligodendrocyte 0.03901972 0.4619799 0.3678283 0.08446194 0.1060813 0.8205126 0.5707601 -0.0314941 0.03835521 0 0.9992642
Inhibitory.interneurons Isthmic.organizer.cells 0.02458825 0.284611 0.1689133 0.08639247 0.1455672 0.6463251 0.7561082 0.1027832 -0.1570536 0 0.9875901
Inhibitory.interneurons White.blood.cells 0.01180883 0.1129404 0.1000681 0.1045581 0.1180079 0.0481834 0.9622627 0.2678223 -0.984199 0 0.1770653
Inhibitory.interneurons Cardiac.muscle.lineages 0.008421763 0.0968819 0.05350855 0.08692813 0.157391 0.373874 0.9152455 0.1501464 -0.3726673 0 0.927965
Inhibitory.interneurons Megakaryocytes 0.0004581608 0.003774378 0.00292944 0.1213871 0.1563988 -0.312887 0.9152908 -0.2536621 0.6297569 0 -0.7767922
Inhibitory.interneurons Hepatocytes 0 0 0 0.1378943 0.02590194 -0.1366432 0.2874514 0.947998 -0.9897711 0 -0.1426644
Osteoblasts Lens 0.004952772 0.01100537 0.3380552 0.4500323 0.01465078 0.6303931 0.6616372 -0.4060058 0.5414681 0 0.8407213
Osteoblasts Chondroctye.progenitors 0.08653303 0.2221194 0.563121 0.3895789 0.1536669 -0.002157058 0.6299763 0.7766113 -0.9999962 0 -0.002777515
Osteoblasts Postmitotic.premature.neurons 0.02594173 0.05784004 0.1117292 0.4485082 0.2321841 0.3824009 0.6665636 -0.6398926 0.8583998 0 0.5129812
Osteoblasts Stromal.cells 0.1389842 0.3245373 0.4623211 0.4282535 0.3006227 -0.9066461 0.4039199 -0.1218262 0.1331733 0 -0.9910927
Osteoblasts Inhibitory.neuron.progenitors 0.04854244 0.1230092 0.4191212 0.3946246 0.1158196 0.3819881 0.720815 0.5783691 -0.834434 0 0.5511079
Osteoblasts Cholinergic.neurons 0.006578503 0.01482515 0.1275247 0.4437395 0.05158608 0.5142819 0.5333161 0.6716309 -0.7939687 0 0.6079586
Osteoblasts Granule.neurons 0.05618254 0.1338175 0.640461 0.4198446 0.08772204 -0.02841646 0.9726068 -0.2307129 0.9925001 0 -0.1222443
Osteoblasts Notochord.cells 0.002108716 0.004604758 0.01776506 0.4579428 0.1187002 0.9448778 0.2429679 -0.2194825 0.2262626 0 0.9740663
Osteoblasts Premature.oligodendrocyte 0.04482909 0.1179841 0.4261852 0.3799586 0.1051869 0.32618 0.7602788 0.5617676 -0.8647941 0 0.5021267
Osteoblasts Isthmic.organizer.cells 0.06318986 0.1380111 0.3224256 0.4578607 0.1959827 0.9366183 0.2926449 -0.1926269 0.201446 0 0.9794996
Osteoblasts White.blood.cells 0.1011204 0.2750537 0.9955303 0.3676387 0.1015744 0.1575373 0.8832479 0.4416504 -0.9418736 0 0.3359675
Osteoblasts Cardiac.muscle.lineages 0.06191912 0.1524966 0.3726926 0.406036 0.1661399 -0.02523442 0.9974245 0.06713863 -0.9360656 0 -0.3518253
Osteoblasts Megakaryocytes 0.1226167 0.3035758 0.7840001 0.403908 0.1563988 -0.312887 0.9152908 -0.2536621 0.6297569 0 -0.7767922
Osteoblasts Hepatocytes 0.0124389 0.02887439 0.5356549 0.4307936 0.02322186 -0.7041171 0.6375031 0.3127441 -0.4059252 0 -0.9139063
Lens Chondroctye.progenitors 0 0 0 0.03831143 0.2542543 -0.03431653 0.01693172 0.9992676 -0.9994109 0 -0.03432145
Lens Postmitotic.premature.neurons 0 0 0 0.03831143 0.2135661 -0.03431653 0.01693172 0.9992676 -0.9994109 0 -0.03432145
Lens Stromal.cells 0.001374763 0.1131242 0.004565747 0.01215269 0.3011037 -0.6510513 0.0009098255 0.7590332 -0.7590335 0 -0.6510516
Lens Inhibitory.neuron.progenitors 0 0 0 0.03831143 0.1277259 -0.03431653 0.01693172 0.9992676 -0.9994109 0 -0.03432145
Lens Cholinergic.neurons 0 0 0 0.03831143 0.1219652 -0.03431653 0.01693172 0.9992676 -0.9994109 0 -0.03432145
Lens Granule.neurons 0 0 0 0.02960446 0.2443883 -0.1625286 0.1886289 0.9685059 -0.9862099 0 -0.1654996
Lens Notochord.cells 0 0 0 0.03831143 0.08491623 -0.03431653 0.01693172 0.9992676 -0.9994109 0 -0.03432145
Lens Premature.oligodendrocyte 0 0 0 0.03831143 0.1804634 -0.03431653 0.01693172 0.9992676 -0.9994109 0 -0.03432145
Lens Isthmic.organizer.cells 0 0 0 0.01791748 0.2002575 -0.4880287 0.006581897 0.8728027 -0.8728217 0 -0.4880393
Lens White.blood.cells 0 0 0 0.02244475 0.2390244 -0.4001794 0.01801315 0.9162598 -0.9164084 0 -0.4002444
Lens Cardiac.muscle.lineages 0 0 0 0.03831143 0.1948936 -0.03431653 0.01693172 0.9992676 -0.9994109 0 -0.03432145
Lens Megakaryocytes 0 0 0 0.01215269 0.2446682 -0.6510513 0.0009098255 0.7590332 -0.7590335 0 -0.6510516
Lens Hepatocytes 0 0 0 0.04190547 0.05762247 0.8499032 0.3046689 0.4299316 -0.4513916 0 0.8923259
Chondroctye.progenitors Postmitotic.premature.neurons 0.01796909 0.1262558 0.08215842 0.1423229 0.2187127 -0.06470911 0.8149356 0.5759277 -0.9937472 0 -0.1116538
Chondroctye.progenitors Stromal.cells 0.1078454 0.7629071 0.4020367 0.1413611 0.2682477 0.02749461 0.7712104 0.6359863 -0.9990668 0 0.04319112
Chondroctye.progenitors Inhibitory.neuron.progenitors 0.02454893 0.1716744 0.212748 0.142997 0.1153897 0.1481263 0.7281786 0.6691895 -0.9763667 0 0.2161205
Chondroctye.progenitors Cholinergic.neurons 0 0 0 0.1853652 0.06386833 0.3649228 0.325421 0.8723145 -0.9225284 0 0.3859292
Chondroctye.progenitors Granule.neurons 0.02827328 0.09919102 0.3186893 0.2850387 0.08871736 -0.078585 0.9758415 -0.2038574 0.9330719 0 -0.3596899
Chondroctye.progenitors Notochord.cells 0.02590485 0.1652372 0.3390153 0.1567737 0.07641204 0.4247407 0.541733 0.7253418 -0.8629364 0 0.5053124
Chondroctye.progenitors Premature.oligodendrocyte 0.01391288 0.05885448 0.1518272 0.2363946 0.09163629 -0.5694476 0.5535985 -0.6076661 0.7296805 0 -0.6837882
Chondroctye.progenitors Isthmic.organizer.cells 0.03830281 0.2728653 0.2152361 0.1403726 0.1779572 -0.01161461 0.7486693 0.6628418 -0.9998465 0 -0.01751976
Chondroctye.progenitors White.blood.cells 0.04205945 0.2845954 0.3865029 0.1477868 0.1088205 0.2988772 0.6740341 0.6755371 -0.9144943 0 0.4045988
Chondroctye.progenitors Cardiac.muscle.lineages 0.09321083 0.6512116 0.5656868 0.1431345 0.1647746 0.003039747 0.8055432 0.5925293 -0.9999868 0 0.005130053
Chondroctye.progenitors Megakaryocytes 0.06734723 0.3936993 0.4580344 0.1710626 0.1470353 0.1344969 0.848413 0.5119628 -0.9671814 0 0.2540866
Chondroctye.progenitors Hepatocytes 0 0 0 0.2470552 0.02299892 0.05644158 0.06422738 0.9963379 -0.9983993 0 0.05655836
Postmitotic.premature.neurons Stromal.cells 0.05287631 0.3180259 0.2013348 0.1662642 0.2626288 0.5656167 0.5643527 0.6013184 -0.7283995 0 0.6851527
Postmitotic.premature.neurons Inhibitory.neuron.progenitors 0.03627754 0.1170063 0.2636595 0.3100477 0.1375924 0.7052387 0.2181891 -0.6745605 0.6912143 0 0.7226498
Postmitotic.premature.neurons Cholinergic.neurons 0.05091955 0.2876387 0.9999707 0.1770261 0.05092104 0.501015 0.4874764 0.7150879 -0.8189878 0 0.5738109
Postmitotic.premature.neurons Granule.neurons 0.03512013 0.2007705 0.3814024 0.1749267 0.09208156 0.5387784 0.8348296 0.1130371 -0.2053321 0 0.9786924
Postmitotic.premature.neurons Notochord.cells 0.0336238 0.1918635 0.4432369 0.1752485 0.07585966 0.477879 0.5852934 0.6550293 -0.8078586 0 0.5893762
Postmitotic.premature.neurons Premature.oligodendrocyte 0.06638594 0.3374762 0.9216579 0.196713 0.07202883 0.7618247 0.306738 0.5705566 -0.5994539 0 0.8004093
Postmitotic.premature.neurons Isthmic.organizer.cells 0.05536046 0.3920259 0.3649632 0.1412163 0.1516878 0.3023786 0.9205449 0.2473144 -0.6331055 0 0.7740656
Postmitotic.premature.neurons White.blood.cells 0 0 0 0.1687736 0.1595213 0.4518901 0.03573929 0.8913574 -0.8919272 0 0.452179
Postmitotic.premature.neurons Cardiac.muscle.lineages 0 0 0 0.1670523 0.2295298 0.5454728 0.1067786 0.8312988 -0.8360788 0 0.5486093
Postmitotic.premature.neurons Megakaryocytes 0 0 0 0.1743037 0.2152462 0.4227867 0.09136975 0.9016113 -0.9053986 0 0.4245626
Postmitotic.premature.neurons Hepatocytes 0 0 0 0.2135661 0.02418697 -0.03431653 0.01693172 0.9992676 -0.9994109 0 -0.03432145
Stromal.cells Inhibitory.neuron.progenitors 0.03266011 0.09258561 0.2467987 0.3527558 0.132335 -0.2617084 0.08185159 -0.9616699 0.9649076 0 -0.2625895
Stromal.cells Cholinergic.neurons 0.005717769 0.02210261 0.1068628 0.258692 0.05350569 0.5449287 0.4789456 0.6882324 -0.7840025 0 0.6207576
Stromal.cells Granule.neurons 0.05152953 0.1827962 0.4735714 0.281896 0.1088105 0.9392399 0.05321702 0.3391114 -0.3395925 0 0.9405726
Stromal.cells Notochord.cells 0.05371321 0.1471267 0.5796017 0.3650814 0.09267262 0.4436242 0.4515069 -0.7741699 0.8676432 0 0.4971874
Stromal.cells Premature.oligodendrocyte 0.04878008 0.1870346 0.519466 0.2608078 0.09390429 0.52226 0.5767514 0.6281738 -0.7689542 0 0.6393039
Stromal.cells Isthmic.organizer.cells 0.1049228 0.4013505 0.7136334 0.2614244 0.1470262 0.7276131 0.3371617 0.5974121 -0.6345681 0 0.772867
Stromal.cells White.blood.cells 0.07720117 0.3035096 0.6451886 0.2543615 0.1196568 0.36449 0.4838195 0.7956543 -0.9091448 0 0.4164801
Stromal.cells Cardiac.muscle.lineages 0.07422943 0.1924757 0.4960738 0.3856561 0.1496338 0.1642103 0.9266605 -0.3381348 0.8995359 0 0.4368468
Stromal.cells Megakaryocytes 0.1130119 0.3119092 0.7225879 0.362323 0.1563988 -0.312887 0.9152908 -0.2536621 0.6297569 0 -0.7767922
Stromal.cells Hepatocytes 0.001692903 0.006514489 0.04753242 0.2598674 0.03561576 0.3564955 0.3750552 0.8557129 -0.9230967 0 0.384568
Inhibitory.neuron.progenitors Cholinergic.neurons 0.04315812 0.3906453 0.7266728 0.110479 0.05939141 0.3997513 0.8959445 0.1936035 -0.435881 0 0.9000043
Inhibitory.neuron.progenitors Granule.neurons 0.04328918 0.4047117 0.4853781 0.106963 0.08918651 0.3555141 0.9314613 -0.07739252 0.21271 0 0.9771154
Inhibitory.neuron.progenitors Notochord.cells 0.002911606 0.0217274 0.02225844 0.1340062 0.1308091 -0.7476897 0.05380062 0.6618652 -0.6628252 0 -0.7487742
Inhibitory.neuron.progenitors Premature.oligodendrocyte 0.03817748 0.2966712 0.4075508 0.1286862 0.0936754 0.7923498 0.6002268 0.1091308 -0.1364425 0 0.990648
Inhibitory.neuron.progenitors Isthmic.organizer.cells 0.01876003 0.1373943 0.09419218 0.1365415 0.1991675 0.813541 0.01557847 -0.5812989 0.5813695 0 0.8136398
Inhibitory.neuron.progenitors White.blood.cells 0.008029584 0.06622183 0.06958287 0.1212528 0.115396 0.3431962 0.5840508 0.7355957 -0.9062217 0 0.4228027
Inhibitory.neuron.progenitors Cardiac.muscle.lineages 0.0103144 0.09634856 0.07075866 0.107053 0.1457688 0.3384918 0.9409427 -0.007080063 0.02091192 0 0.9997814
Inhibitory.neuron.progenitors Megakaryocytes 0.003412665 0.02591875 0.02182028 0.1316678 0.1563988 -0.312887 0.9152908 -0.2536621 0.6297569 0 -0.7767922
Inhibitory.neuron.progenitors Hepatocytes 0 0 0 0.1277259 0.02418697 -0.03431653 0.01693172 0.9992676 -0.9994109 0 -0.03432145
Cholinergic.neurons Granule.neurons 0.02894273 0.4659849 0.2639236 0.06211087 0.1096633 0.373874 0.9152455 0.1501464 -0.3726673 0 0.927965
Cholinergic.neurons Notochord.cells 4.198164E-05 0.0004735647 0.000452591 0.08865027 0.09275846 0.8055048 0.1354378 0.5769043 -0.5822694 0 0.8129959
Cholinergic.neurons Premature.oligodendrocyte 0.0229685 0.4049328 0.2292248 0.05672177 0.1002008 0.4186534 0.7527335 0.5080566 -0.771741 0 0.635937
Cholinergic.neurons Isthmic.organizer.cells 0.01436598 0.2477445 0.08525929 0.05798708 0.1684975 0.2988772 0.6740341 0.6755371 -0.9144943 0 0.4045988
Cholinergic.neurons White.blood.cells 0 0 0 0.08563649 0.1408864 0.2728818 0.02695352 0.9616699 -0.9620194 0 0.272981
Cholinergic.neurons Cardiac.muscle.lineages 0 0 0 0.09932272 0.2069416 0.1493689 0.02250491 0.9885254 -0.9887758 0 0.1494068
Cholinergic.neurons Megakaryocytes 0 0 0 0.08563649 0.2405362 0.2728818 0.02695352 0.9616699 -0.9620194 0 0.272981
Cholinergic.neurons Hepatocytes 0 0 0 0.1219652 0.02418697 -0.03431653 0.01693172 0.9992676 -0.9994109 0 -0.03432145
Granule.neurons Notochord.cells 0.0149869 0.09007516 0.1975608 0.1663821 0.07585966 0.477879 0.5852934 0.6550293 -0.8078586 0 0.5893762
Granule.neurons Premature.oligodendrocyte 0.03879949 0.3497698 0.2841588 0.1109286 0.1365415 0.8271338 0.5070273 -0.2424316 0.2812659 0 0.9596298
Granule.neurons Isthmic.organizer.cells 0.03049914 0.3800071 0.18845 0.0802594 0.1618421 0.7580884 0.6378165 0.1359864 -0.1765624 0 0.9842894
Granule.neurons White.blood.cells 0.007532657 0.0772427 0.04563631 0.09751934 0.1650584 -0.2636377 0.9229329 -0.2805175 0.7286909 0 -0.6848428
Granule.neurons Cardiac.muscle.lineages 0.006215135 0.07146024 0.03505339 0.08697333 0.1773048 0.5578465 0.8288437 0.04272455 -0.07636472 0 0.99708
Granule.neurons Megakaryocytes 0 0 0 0.114419 0.2150266 0.9236218 0.02375439 0.3825683 -0.3826763 0 0.9238825
Granule.neurons Hepatocytes 0 0 0 0.2391711 0.02683499 -0.2468787 0.4445057 0.861084 -0.9612715 0 -0.2756031
Notochord.cells Premature.oligodendrocyte 0.02321512 0.3060272 0.2348356 0.07585966 0.09885693 0.477879 0.5852934 0.6550293 -0.8078586 0 0.5893762
Notochord.cells Isthmic.organizer.cells 0.06216235 0.6989628 0.3671021 0.08893513 0.1693326 0.8177633 0.5411373 0.1960449 -0.2331275 0 0.9724462
Notochord.cells White.blood.cells 0.01345524 0.1614119 0.07940406 0.08335967 0.1694528 -0.4888566 0.1168573 -0.864502 0.8704658 0 -0.492229
Notochord.cells Cardiac.muscle.lineages 6.640302E-05 0.0007819827 0.0003407142 0.08491623 0.1948936 -0.03431653 0.01693172 0.9992676 -0.9994109 0 -0.03432145
Notochord.cells Megakaryocytes 0.01158003 0.1506679 0.05518094 0.07685801 0.2098557 0.5024322 0.0140817 0.864502 -0.8645877 0 0.502482
Notochord.cells Hepatocytes 0 0 0 0.07575279 0.0315797 0.3659135 0.2755642 0.888916 -0.9247187 0 0.3806513
Premature.oligodendrocyte Isthmic.organizer.cells 0.06000868 0.5265502 0.3649914 0.1139657 0.1644112 0.2011689 0.8247125 0.5285645 -0.9345988 0 0.3557035
Premature.oligodendrocyte White.blood.cells 0 0 0 0.1127897 0.1595213 0.4518901 0.03573929 0.8913574 -0.8919272 0 0.452179
Premature.oligodendrocyte Cardiac.muscle.lineages 0 0 0 0.09146707 0.2303302 0.569857 0.03388599 0.8210449 -0.8215167 0 0.5701845
Premature.oligodendrocyte Megakaryocytes 0 0 0 0.1194813 0.2152462 0.4227867 0.09136975 0.9016113 -0.9053986 0 0.4245626
Premature.oligodendrocyte Hepatocytes 0 0 0 0.1804634 0.02418697 -0.03431653 0.01693172 0.9992676 -0.9994109 0 -0.03432145
Isthmic.organizer.cells White.blood.cells 0.01620538 0.1104432 0.09745417 0.1467304 0.1662872 -0.4914746 0.008586005 -0.8708496 0.8708817 0 -0.4914927
Isthmic.organizer.cells Cardiac.muscle.lineages 0.007697159 0.04587301 0.05534447 0.1677928 0.1390773 0.3502206 0.8994312 -0.2614746 0.5982548 0 0.8013059
Isthmic.organizer.cells Megakaryocytes 0.01526518 0.1064278 0.07272965 0.1434322 0.2098894 -0.618797 0.05035292 -0.7839355 0.7849312 0 -0.619583
Isthmic.organizer.cells Hepatocytes 0 0 0 0.1645642 0.02269556 0.1755089 0.06725698 0.9821777 -0.9844068 0 0.1759073
White.blood.cells Cardiac.muscle.lineages 0.05295723 0.4866473 0.2784152 0.1088205 0.1902096 0.2988772 0.6740341 0.6755371 -0.9144943 0 0.4045988
White.blood.cells Megakaryocytes 0.07767227 0.7561742 0.5101435 0.1027174 0.1522557 0.2011689 0.8247125 0.5285645 -0.9345988 0 0.3557035
White.blood.cells Hepatocytes 0.01144771 0.04892952 0.7287743 0.2339633 0.01570817 -0.6118764 0.6501628 -0.4504394 0.5928434 0 -0.8053178
Cardiac.muscle.lineages Megakaryocytes 0.09778826 0.6958429 0.5091449 0.1405321 0.1920637 0.3254398 0.8679175 -0.3752442 0.7554616 0 0.6551929
Cardiac.muscle.lineages Hepatocytes 0 0 0 0.1948936 0.02418697 -0.03431653 0.01693172 0.9992676 -0.9994109 0 -0.03432145
Megakaryocytes Hepatocytes 0.01029143 0.05626077 0.3749666 0.1829238 0.02744627 -0.875986 0.4295066 0.2194824 -0.2430419 0 -0.9700158
