11 14 0.02305244 0.3355911 0.234953 0.06869204 0.09811511 -0.2188033 0.9074693 0.3586426 -0.8536705 0 -0.5208135
11 8 0 0 0 0.09293832 0.1428484 -0.03431653 0.01693172 0.9992676 -0.9994109 0 -0.03432145
11 1 0.04053759 0.467472 0.2147328 0.08671661 0.1887816 -0.5173445 0.05113757 -0.854248 0.8553671 0 -0.5180222
11 12 0 0 0 0.0866879 0.1703441 0.04742682 0.01380628 0.9987793 -0.9988745 0 0.04743133
11 22 0 0 0 0.0866879 0.03190865 0.04742682 0.01380628 0.9987793 -0.9988745 0 0.04743133
11 20 0 0 0 0.09293832 0.1131793 -0.03431653 0.01693172 0.9992676 -0.9994109 0 -0.03432145
11 0 0.04410914 1 0.1165496 0.04410914 0.3784581 -0.361742 0.9042685 -0.2268066 0.5312074 0 -0.8472418
11 6 0.02043115 0.4631954 0.1214658 0.04410914 0.168205 -0.361742 0.9042685 -0.2268066 0.5312074 0 -0.8472418
11 5 0 0 0 0.09313971 0.1766996 0.3860915 0.1394099 0.9118652 -0.9208577 0 0.389899
11 2 0 0 0 0.08932098 0.1931438 0.23438 0.1128214 0.9655762 -0.9717807 0 0.2358861
11 13 0 0 0 0.09293832 0.1356874 -0.03431653 0.01693172 0.9992676 -0.9994109 0 -0.03432145
11 9 0.02818047 0.6388805 0.1235633 0.04410914 0.228065 -0.361742 0.9042685 -0.2268066 0.5312074 0 -0.8472418
11 3 0 0 0 0.0866879 0.2026854 0.04742682 0.01380628 0.9987793 -0.9988745 0 0.04743133
11 4 0.03294808 0.7463887 0.1737442 0.04414333 0.1896356 -0.3858955 0.882067 -0.2702637 0.5736573 0 -0.8190954
11 10 0.03093149 0.7007059 0.2661781 0.04414333 0.116206 -0.3858955 0.882067 -0.2702637 0.5736573 0 -0.8190954
11 16 0.02301213 0.4879175 0.2177255 0.04716399 0.1056933 -0.2798007 0.9552025 -0.09643558 0.3258475 0 -0.9454223
11 7 0 0 0 0.09293832 0.1156315 -0.03431653 0.01693172 0.9992676 -0.9994109 0 -0.03432145
11 15 0 0 0 0.09293832 0.1873712 -0.03431653 0.01693172 0.9992676 -0.9994109 0 -0.03432145
11 17 0 0 0 0.09293832 0.1145275 -0.03431653 0.01693172 0.9992676 -0.9994109 0 -0.03432145
11 18 0 0 0 0.09293832 0.03867621 -0.03431653 0.01693172 0.9992676 -0.9994109 0 -0.03432145
11 21 0 0 0 0.09293832 0.003722163 -0.03431653 0.01693172 0.9992676 -0.9994109 0 -0.03432145
11 23 0 0 0 0.09293832 0.00637226 -0.03431653 0.01693172 0.9992676 -0.9994109 0 -0.03432145
11 19 0 0 0 0.08509363 0.004850298 0.1077844 0.05883846 0.9924316 -0.994154 0 0.1079714
14 8 0 0 0 0.2006101 0.1189822 0.2728818 0.02695352 0.9616699 -0.9620194 0 0.272981
14 1 0.03057041 0.243192 0.1241568 0.1257048 0.2462242 -0.7315425 0.3457126 0.5876465 -0.6262615 0 -0.7796131
14 12 0 0 0 0.09170099 0.1687085 -0.170913 0.6652374 0.7268066 -0.9734471 0 -0.228912
14 22 0 0 0 0.1312427 0.02035502 -0.2977564 0.445186 0.8444824 -0.9430941 0 -0.332526
14 20 0 0 0 0.1556443 0.09098686 0.6068768 0.2494414 0.7546387 -0.7792715 0 0.6266865
14 0 0.04832731 0.6556894 0.1474503 0.07370457 0.3277532 0.5734559 0.7567877 0.3137207 -0.4799443 0 0.877299
14 6 0.000121517 0.0009350449 0.0007831972 0.1299585 0.1551551 -0.6759537 0.704708 0.2155762 -0.3038436 0 -0.952722
14 5 0 0 0 0.1092558 0.1365192 0.6420821 0.488235 0.5910645 -0.677273 0 0.7357318
14 2 0.00335805 0.04247698 0.01746748 0.07905576 0.1922458 0.1061293 0.9289234 0.3547363 -0.9580427 0 0.2866253
14 13 0 0 0 0.09711501 0.1180898 -0.4307441 0.6828293 0.5900879 -0.8077001 0 -0.5895936
14 9 0 0 0 0.09872634 0.2712809 -0.472214 0.6021104 0.6437988 -0.8063483 0 -0.591441
14 3 0 0 0 0.1896339 0.1644839 0.4227867 0.09136975 0.9016113 -0.9053986 0 0.4245626
14 4 0.02045836 0.2723007 0.1012153 0.0751315 0.2021271 0.4653798 0.8236881 0.3239746 -0.5713403 0 0.8207133
14 10 0.01574581 0.2136341 0.1241946 0.07370457 0.1267834 0.5734559 0.7567877 0.3137207 -0.4799443 0 0.877299
14 16 0.03362402 0.4423902 0.8262354 0.07600535 0.04069545 0.4830657 0.7947588 0.3674316 -0.6053983 0 0.7959228
14 7 0 0 0 0.1737315 0.08515825 0.2448073 0.2269885 0.942627 -0.9678914 0 0.2513687
14 15 0 0 0 0.1906105 0.1364989 0.4782434 0.0780088 0.8747559 -0.8774297 0 0.4797053
14 17 0 0 0 0.195846 0.1045757 0.1755089 0.06725698 0.9821777 -0.9844068 0 0.1759073
14 18 9.175227E-07 4.548813E-06 3.170542E-05 0.2017059 0.02893898 0.3547372 0.01683701 0.9348145 -0.934947 0 0.3547874
14 21 0.0001227028 0.00095007 0.1017702 0.1291514 0.001205685 0.9883161 0.05322694 -0.1428223 0.1430251 0 0.989719
14 23 0 0 0 0.1853003 0.006393726 -0.2036511 0.1137582 0.9724121 -0.9787658 0 -0.2049817
14 19 0.0008018899 0.003256971 0.341959 0.2462073 0.002344989 -0.3871555 0.4242626 -0.8186036 0.9039957 0 -0.4275414
8 1 0 0 0 0.1322114 0.2092565 0.04742682 0.01380628 0.9987793 -0.9988745 0 0.04743133
8 12 0.03667751 0.2482831 0.2795128 0.1477245 0.1312194 0.6482502 0.6369345 0.4172363 -0.5412201 0 0.8408809
8 22 0.0003858504 0.002539011 0.1211768 0.1519688 0.003184194 0.6429136 0.7346884 0.2165528 -0.3192088 0 0.9476843
8 20 0.03209962 0.2084381 0.5117922 0.1540007 0.06272002 0.6857941 0.7238243 0.07592774 -0.1100427 0 0.9939268
8 0 0.03513819 0.240062 0.1002467 0.1463713 0.350517 0.474794 0.8757219 -0.08764645 0.1815318 0 0.9833851
8 6 0.03244908 0.2024434 0.2315764 0.1602872 0.1401226 -0.06939369 0.9935133 -0.09008794 0.7922189 0 -0.610237
8 5 0.08727195 0.5800748 0.7343829 0.1504495 0.1188371 0.4710139 0.8567145 0.210205 -0.4075392 0 0.9131877
8 2 0.09738918 0.8292589 0.5197703 0.1174412 0.1873697 0.4162301 0.3345917 0.845459 -0.8971689 0 0.4416876
8 13 0.04716291 0.3211659 0.6860822 0.146849 0.06874236 0.1747422 0.7815443 0.598877 -0.9599699 0 0.2801031
8 9 0 0 0 0.1428484 0.2573242 -0.03431653 0.01693172 0.9992676 -0.9994109 0 -0.03432145
8 3 0.02115285 0.1463309 0.1674094 0.1445549 0.126354 0.6910905 0.3642579 0.6242676 -0.6703199 0 0.7420723
8 4 0.00011408 0.000758812 0.0005646946 0.1503402 0.2020206 0.5823271 0.8083736 0.0861816 -0.1464006 0 0.9892253
8 10 0 0 0 0.1428484 0.2003543 -0.03431653 0.01693172 0.9992676 -0.9994109 0 -0.03432145
8 16 0 0 0 0.1428484 0.1186911 -0.03431653 0.01693172 0.9992676 -0.9994109 0 -0.03432145
8 7 0.01870154 0.1592417 0.2706814 0.1174412 0.06909058 0.4162301 0.3345917 0.845459 -0.8971689 0 0.4416876
8 15 0.02655711 0.177712 0.2607412 0.1494391 0.1018524 0.4055425 0.7871991 0.4645996 -0.7533654 0 0.6576022
8 17 0.02599724 0.2291601 0.3021182 0.1134457 0.08604988 0.3112836 0.3075646 0.8991699 -0.9449755 0 0.327141
8 18 0.01223498 0.07920573 0.3447382 0.1544709 0.03549064 0.6781095 0.733986 -0.03784174 0.05571808 0 0.9984465
8 21 0 0 0 0.1428484 0.003722163 -0.03431653 0.01693172 0.9992676 -0.9994109 0 -0.03432145
8 23 0 0 0 0.1428484 0.00637226 -0.03431653 0.01693172 0.9992676 -0.9994109 0 -0.03432145
8 19 0 0 0 0.1428484 0.01150094 -0.03431653 0.01693172 0.9992676 -0.9994109 0 -0.03432145
1 12 0.008068088 0.03765346 0.05732908 0.2142721 0.1407329 0.219666 0.7902774 0.5720215 -0.9335326 0 0.3584924
1 22 4.704125E-05 0.0001709871 0.01019745 0.2751159 0.004613042 0.4653798 0.8236881 0.3239746 -0.5713403 0 0.8207133
1 20 0 0 0 0.2143058 0.1131793 -0.03431653 0.01693172 0.9992676 -0.9994109 0 -0.03432145
1 0 0.1681129 0.8506305 0.5828515 0.1976333 0.2884319 0.1069651 0.7099859 0.6960449 -0.988397 0 0.1518925
1 6 0.07288836 0.2814177 0.4654175 0.2590042 0.1566086 0.00869377 0.9284571 -0.371338 0.9997261 0 0.0234056
1 5 0.01385562 0.04859352 0.09102537 0.2851332 0.1522171 0.2599877 0.9429955 -0.2077636 0.62428 0 0.7812008
1 2 0.007745766 0.03974834 0.04635419 0.1948701 0.1670996 0.5115545 0.1734965 0.8415527 -0.8545118 0 0.5194319
1 13 0.00373728 0.01872863 0.03635528 0.199549 0.1027988 0.08645777 0.329509 0.9401855 -0.9957985 0 0.09157184
1 9 0.1335037 0.5514549 0.7075188 0.2420937 0.1886929 -0.01250731 0.9834204 0.1809081 -0.9976186 0 -0.06897162
1 3 0 0 0 0.1908369 0.1655664 0.3860915 0.1394099 0.9118652 -0.9208577 0 0.389899
1 4 0.1378281 0.5971081 0.7568322 0.2308261 0.1821119 -0.2636377 0.9229329 -0.2805175 0.7286909 0 -0.6848428
1 10 0.08374622 0.2958746 0.7605134 0.2830464 0.110118 0.2448011 0.9597811 -0.1374511 0.4895859 0 0.871955
1 16 0.02348702 0.09408256 0.6411408 0.2496427 0.03663317 0.6112802 0.5868299 0.5310058 -0.6557974 0 0.754937
1 7 0 0 0 0.1938463 0.09217609 0.23438 0.1128214 0.9655762 -0.9717807 0 0.2358861
1 15 0 0 0 0.1898553 0.1348321 0.5269197 0.05848553 0.8479004 -0.8493543 0 0.5278232
1 17 0 0 0 0.2143058 0.1145275 -0.03431653 0.01693172 0.9992676 -0.9994109 0 -0.03432145
1 18 0 0 0 0.1986787 0.02993253 0.2073021 0.003277564 0.9782715 -0.9782767 0 0.2073032
1 21 0 0 0 0.2143058 0.003722163 -0.03431653 0.01693172 0.9992676 -0.9994109 0 -0.03432145
1 23 0 0 0 0.1926785 0.005441032 0.2810331 0.09154117 0.9553223 -0.9593503 0 0.282218
1 19 0 0 0 0.2168433 0.03684814 0.732671 0.01490012 0.6804199 -0.6804954 0 0.7327523
12 22 0.002570398 0.01779176 1 0.1444712 0.002570398 0.6005809 0.7616135 0.2434082 -0.3756116 0 0.9267771
12 20 0.002130084 0.01571339 0.03181779 0.1355585 0.06694632 0.2548814 0.6645902 0.7023926 -0.9400228 0 0.3411117
12 0 0.06270846 0.5223798 0.1993712 0.1200438 0.3145312 0.5184682 0.6952577 0.4978027 -0.6925849 0 0.7213364
12 6 0.04812108 0.298986 0.2955488 0.1609476 0.1628194 0.2977526 0.7736262 -0.5593262 0.8827162 0 0.4699064
12 5 0.05391888 0.3932629 0.4206498 0.1371064 0.12818 0.6888368 0.6108246 0.3903809 -0.4930509 0 0.8700005
12 2 0.05075184 0.3701638 0.3138042 0.1371064 0.1617309 0.6888368 0.6108246 0.3903809 -0.4930509 0 0.8700005
12 13 0.01947716 0.1211194 0.2040823 0.1608096 0.09543776 0.837732 0.5314099 0.1257324 -0.1484243 0 0.9889238
12 9 0.009398529 0.0782925 0.04897256 0.1200438 0.1919142 0.5184682 0.6952577 0.4978027 -0.6925849 0 0.7213364
12 3 0.05978389 0.4229309 0.4754279 0.1413562 0.1257475 0.1481263 0.7281786 0.6691895 -0.9763667 0 0.2161205
12 4 0.02337059 0.1946839 0.1121892 0.1200438 0.2083142 0.5184682 0.6952577 0.4978027 -0.6925849 0 0.7213364
12 10 0 0 0 0.1535674 0.1790746 0.3215272 0.05887337 0.9450684 -0.9467105 0 0.3220858
12 16 0 0 0 0.1543688 0.09227778 0.2728818 0.02695352 0.9616699 -0.9620194 0 0.272981
12 7 0.05667591 0.4032553 0.822688 0.140546 0.06889113 0.3564955 0.3750552 0.8557129 -0.9230967 0 0.384568
12 15 0.08199214 0.5078089 0.7774462 0.1614626 0.1054634 0.2035234 0.9316448 0.3010254 -0.8284257 0 0.5600989
12 17 0.00694686 0.03193207 0.09656971 0.2175512 0.07193622 -0.646058 0.7179909 0.2590332 -0.3721461 0 -0.9281742
12 18 0.004190659 0.02492822 0.08376633 0.1681091 0.05002796 0.888257 0.4574458 -0.04174799 0.04694808 0 0.9988973
12 21 0 0 0 0.1629413 0.003880634 0.1493689 0.02250491 0.9885254 -0.9887758 0 0.1494068
12 23 0.0001090448 0.0007215074 0.0200412 0.1511347 0.005441032 0.2810331 0.09154117 0.9553223 -0.9593503 0 0.282218
12 19 0.0002715177 0.001503531 0.1216417 0.1805867 0.00223211 -0.3526624 0.363979 -0.8620606 0.9255465 0 -0.378634
22 20 0 0 0 0.0297448 0.1107636 -0.06643912 0.06958211 0.9953613 -0.9977797 0 -0.06660055
22 0 0.002570398 1 0.00770996 0.002570398 0.3333867 0.6005809 0.7616135 0.2434082 -0.3756116 0 0.9267771
22 6 0.002570398 1 0.01238141 0.002570398 0.2076015 0.6005809 0.7616135 0.2434082 -0.3756116 0 0.9267771
22 5 0.002570398 1 0.02112172 0.002570398 0.1216945 0.6005809 0.7616135 0.2434082 -0.3756116 0 0.9267771
22 2 0.002570398 1 0.01564011 0.002570398 0.1643465 0.6005809 0.7616135 0.2434082 -0.3756116 0 0.9267771
22 13 0.0005891108 0.1352602 0.006755805 0.00435539 0.08720069 0.658717 0.706036 0.2600097 -0.3671542 0 0.9301601
22 9 0 0 0 0.03103147 0.2573242 -0.03431653 0.01693172 0.9992676 -0.9994109 0 -0.03432145
22 3 0.001369246 0.532698 0.008920299 0.002570398 0.1534978 0.6005809 0.7616135 0.2434082 -0.3756116 0 0.9267771
22 4 0.0008928924 0.3412604 0.0044706 0.002616455 0.1997254 0.5567296 0.7854996 0.2702637 -0.4367107 0 0.8996019
22 10 0 0 0 0.03103147 0.2003543 -0.03431653 0.01693172 0.9992676 -0.9994109 0 -0.03432145
22 16 0 0 0 0.03190865 0.1126516 0.04742682 0.01380628 0.9987793 -0.9988745 0 0.04743133
22 7 0.002053944 0.4688208 0.01716588 0.004381084 0.1196527 0.4830657 0.7947588 0.3674316 -0.6053983 0 0.7959228
22 15 0.001167637 0.2082377 0.01130966 0.005607232 0.1032424 0.4183583 0.8377915 0.3508301 -0.6425573 0 0.7662376
22 17 0.002367099 0.9209076 0.02141277 0.002570398 0.1105461 0.6005809 0.7616135 0.2434082 -0.3756116 0 0.9267771
22 18 0 0 0 0.03190865 0.03366072 0.04742682 0.01380628 0.9987793 -0.9988745 0 0.04743133
22 21 0 0 0 0.03103147 0.003722163 -0.03431653 0.01693172 0.9992676 -0.9994109 0 -0.03432145
22 23 0 0 0 0.03103147 0.00637226 -0.03431653 0.01693172 0.9992676 -0.9994109 0 -0.03432145
22 19 3.654537E-05 0.001977615 0.004900281 0.01847952 0.007457812 -0.4045527 0.7204904 0.5632324 -0.8122003 0 -0.5833787
20 0 0.01117988 0.1821178 0.03740607 0.06138821 0.2988789 0.2803335 0.7582454 0.588623 -0.9028386 0 0.4299796
20 6 0.01250257 0.1503787 0.07415602 0.08314058 0.1685982 -0.3760676 0.8378267 0.395752 -0.7249051 0 -0.6888489
20 5 0.03777505 0.6022805 0.2745203 0.06272002 0.1376038 0.6857941 0.7238243 0.07592774 -0.1100427 0 0.9939268
20 2 0.05106193 0.8141248 0.3094983 0.06272002 0.1649829 0.6857941 0.7238243 0.07592774 -0.1100427 0 0.9939268
20 13 0.007051977 0.1147012 0.07799636 0.06148131 0.09041419 0.6429136 0.7346884 0.2165528 -0.3192088 0 0.9476843
20 9 0 0 0 0.1131793 0.2573242 -0.03431653 0.01693172 0.9992676 -0.9994109 0 -0.03432145
20 3 0 0 0 0.1004001 0.2006754 -0.1560896 0.2395605 0.958252 -0.9869917 0 -0.160771
20 4 0 0 0 0.1131793 0.2179428 -0.03431653 0.01693172 0.9992676 -0.9994109 0 -0.03432145
20 10 0 0 0 0.1131793 0.2003543 -0.03431653 0.01693172 0.9992676 -0.9994109 0 -0.03432145
20 16 0 0 0 0.1131793 0.1186911 -0.03431653 0.01693172 0.9992676 -0.9994109 0 -0.03432145
20 7 0 0 0 0.09875292 0.1259295 -0.2756583 0.1730177 0.9455566 -0.9600352 0 -0.2798792
20 15 0 0 0 0.09694401 0.2025374 -0.2064188 0.265868 0.9416504 -0.9768062 0 -0.2141253
20 17 0.0001943158 0.002463766 0.002563013 0.07886942 0.07581539 0.09455039 0.5790171 0.8098145 -0.9932529 0 0.1159679
20 18 0.008900577 0.1153113 0.2654892 0.0771874 0.0335252 0.5464944 0.8344438 -0.07104491 0.1289164 0 0.9916555
20 21 0 0 0 0.1131793 0.003722163 -0.03431653 0.01693172 0.9992676 -0.9994109 0 -0.03432145
20 23 0 0 0 0.1131793 0.00637226 -0.03431653 0.01693172 0.9992676 -0.9994109 0 -0.03432145
20 19 0.0002395025 0.002731339 0.03329196 0.08768682 0.007194003 -0.4471172 0.7733495 0.4494629 -0.7089543 0 -0.7052544
0 6 0.1163541 0.3266574 0.7656121 0.3561961 0.1519753 -0.316601 0.9206824 0.2282715 -0.5848425 0 -0.8111469
0 5 0.05701221 0.1695421 0.4717434 0.3362717 0.1208543 0.561738 0.8123792 0.1564942 -0.2683695 0 0.963316
0 2 0.05543741 0.159192 0.3445497 0.3482424 0.1608981 0.5582473 0.8175439 -0.1413575 0.2454693 0 0.9694043
0 13 0.03839847 0.1138883 0.4204557 0.337159 0.09132585 0.8079978 0.5879054 0.03881834 -0.04798728 0 0.998848
0 9 0.1351928 0.3697743 0.8001887 0.3656088 0.1689511 0.209596 0.977783 0.003173779 -0.01514063 0 0.9998854
0 3 0.01224297 0.0350771 0.09682485 0.3490302 0.1264445 0.8028211 0.2038115 0.5603027 -0.5723155 0 0.8200335
0 4 0.166472 0.4607745 0.7924908 0.3612872 0.2100617 0.08873329 0.9879004 0.1271973 -0.8201542 0 0.5721425
0 10 0.003204213 0.008306995 0.02224563 0.3857247 0.1440379 0.0275753 0.7795502 -0.6257324 0.9990304 0 0.04402611
0 16 0.01086217 0.03530812 0.2077901 0.3076394 0.05227473 0.3421327 0.82598 0.447998 -0.7947463 0 0.6069418
0 7 0.01851714 0.05064435 0.2126375 0.3656309 0.08708313 -0.7781975 0.3314252 -0.5334472 0.5654029 0 -0.8248148
0 15 0.03623395 0.1151998 0.3543008 0.3145312 0.1022689 0.5184682 0.6952577 0.4978027 -0.6925849 0 0.7213364
0 17 0.01265273 0.03578048 0.1670005 0.3536209 0.0757646 -0.6278604 0.3383663 -0.7009277 0.7448639 0 -0.6672165
0 18 0.015217 0.04432125 0.5221456 0.3433343 0.02914322 0.6006798 0.3073843 0.7380371 -0.7755868 0 0.631241
0 21 0 0 0 0.3286163 0.003515194 -0.163272 0.004171492 0.9865723 -0.9865808 0 -0.1632735
0 23 0.0002371675 0.0006500242 1 0.3648595 0.0002371675 -0.1758396 0.9732747 0.147705 -0.6431914 0 -0.7657055
0 19 0.0003245984 0.0009212415 0.1454222 0.3523489 0.00223211 -0.3526624 0.363979 -0.8620606 0.9255465 0 -0.378634
6 5 0.06969468 0.3350532 0.3869418 0.2080108 0.1801167 -0.7425919 0.1547904 0.6516113 -0.6595608 0 -0.7516512
6 2 0.06767941 0.432287 0.3791913 0.1565613 0.1784835 0.3667601 0.8014448 -0.4724121 0.789896 0 0.6132408
6 13 0.04737238 0.1887877 0.3904381 0.2509294 0.1213313 -0.4640035 0.1086064 0.8791504 -0.8843817 0 -0.4667645
6 9 0.07174156 0.4742119 0.3649121 0.1512859 0.1965996 0.2504778 0.8852784 -0.3918456 0.8425674 0 0.5385908
6 3 0.003990243 0.0248363 0.02996497 0.1606617 0.1331636 -0.6146567 0.7284894 0.3024902 -0.4415548 0 -0.8972343
6 4 0.08028362 0.530675 0.3932046 0.1512859 0.2041777 0.2504778 0.8852784 -0.3918456 0.8425674 0 0.5385908
6 10 0.02509405 0.1653796 0.2111224 0.151736 0.1188602 0.0862444 0.9309801 -0.3547364 0.9716945 0 0.2362408
6 16 0.001020986 0.006576065 0.008489072 0.1552579 0.1202706 -0.7042007 0.6888223 0.1721191 -0.2374286 0 -0.971405
6 7 0.005505926 0.03588311 0.05765325 0.1534406 0.09550071 -0.5769207 0.7905728 0.2053223 -0.3352923 0 -0.9421142
6 15 0.03714146 0.2528509 0.2138123 0.1468908 0.1737106 -0.3952782 0.918147 0.02758792 -0.06962431 0 -0.9975733
6 17 0.003105363 0.0205403 0.05765772 0.1511839 0.05385858 -0.4980833 0.8537722 0.1516114 -0.2911982 0 -0.9566628
6 18 0.02022717 0.07279177 0.2968798 0.2778772 0.06813252 -0.7928393 0.2623968 -0.5500488 0.5700223 0 -0.8216292
6 21 0 0 0 0.2893569 0.003722163 -0.03431653 0.01693172 0.9992676 -0.9994109 0 -0.03432145
6 23 0.0002371675 0.00160689 1 0.1475941 0.0002371675 -0.1758396 0.9732747 0.147705 -0.6431914 0 -0.7657055
6 19 0.0002358881 0.0009115877 0.01256445 0.2587662 0.01877425 -0.6959063 0.5308523 -0.4836426 0.5706938 0 -0.8211629
5 2 0.1112512 0.8501285 0.6947336 0.1308639 0.160135 0.7309949 0.5125921 0.4504394 -0.5246011 0 0.8513482
5 13 0.06146448 0.5058506 0.7291852 0.1215072 0.08429201 0.5734559 0.7567877 0.3137207 -0.4799443 0 0.877299
5 9 0.004893327 0.03702923 0.02806295 0.1321477 0.1743697 0.4595172 0.8879997 -0.01733399 0.03769537 0 0.9992893
5 3 0.005176203 0.0295906 0.03172395 0.1749273 0.1631639 0.9509189 0.2910001 0.1052246 -0.1099843 0 0.9939333
5 4 0.01377999 0.1140215 0.06905629 0.1208543 0.1995472 0.561738 0.8123792 0.1564942 -0.2683695 0 0.963316
5 10 0 0 0 0.1943196 0.18052 0.2728818 0.02695352 0.9616699 -0.9620194 0 0.272981
5 16 0 0 0 0.1943196 0.09227778 0.2728818 0.02695352 0.9616699 -0.9620194 0 0.272981
5 7 0.01424884 0.08078775 0.1985112 0.1763738 0.07177852 0.08343651 0.636973 0.7663574 -0.9941254 0 0.1082346
5 15 0.02875843 0.1957154 0.2782593 0.14694 0.1033512 0.3119709 0.796259 0.5183105 -0.8567741 0 0.5156919
5 17 0.01994973 0.1113577 0.2631356 0.1791499 0.07581539 0.09455039 0.5790171 0.8098145 -0.9932529 0 0.1159679
5 18 0.02096067 0.1456149 0.7065575 0.1439459 0.02966591 0.6298367 0.3476553 0.6945801 -0.7407887 0 0.6717381
5 21 0 0 0 0.2078707 0.003722163 -0.03431653 0.01693172 0.9992676 -0.9994109 0 -0.03432145
5 23 0 0 0 0.2078707 0.00637226 -0.03431653 0.01693172 0.9992676 -0.9994109 0 -0.03432145
5 19 0.001238627 0.006138843 0.5549127 0.2017687 0.00223211 -0.3526624 0.363979 -0.8620606 0.9255465 0 -0.378634
2 13 0.06070136 0.3702688 0.7083244 0.1639386 0.08569712 0.6168423 0.7329488 0.2868652 -0.4216846 0 0.9067426
2 9 0.002717669 0.01515407 0.01250958 0.1793359 0.2172471 0.3314807 0.7899364 -0.5158691 0.8412893 0 0.5405851
2 3 0.01455763 0.09043368 0.1081696 0.1609757 0.1345815 0.7199408 0.4392453 0.5373536 -0.5981447 0 0.8013881
2 4 0.00877917 0.05439616 0.04251979 0.1613932 0.2064726 0.599965 0.7998689 0.01586915 -0.02644087 0 0.9996504
2 10 0 0 0 0.1930737 0.1839713 0.1493689 0.02250491 0.9885254 -0.9887758 0 0.1494068
2 16 0 0 0 0.1864354 0.0988695 0.2073021 0.003277564 0.9782715 -0.9782767 0 0.2073032
2 7 0.02770413 0.1721013 0.2836846 0.1609757 0.09765819 0.7199408 0.4392453 0.5373536 -0.5981447 0 0.8013881
2 15 0.03867362 0.229947 0.328778 0.168185 0.1176284 0.6061673 0.6598059 0.4440918 -0.5909907 0 0.8066784
2 17 0.02903808 0.1280164 0.5457768 0.2268309 0.05320504 -0.5417745 0.8405051 -0.005615248 0.01036399 0 -0.9999463
2 18 0.02467049 0.1424835 0.5837265 0.1731463 0.04226377 -0.2470206 0.4846371 -0.8391113 0.9592964 0 -0.2824011
2 21 0 0 0 0.2059996 0.003722163 -0.03431653 0.01693172 0.9992676 -0.9994109 0 -0.03432145
2 23 0 0 0 0.2059996 0.00637226 -0.03431653 0.01693172 0.9992676 -0.9994109 0 -0.03432145
2 19 0.0007863688 0.004646453 0.3522983 0.1692407 0.00223211 -0.3526624 0.363979 -0.8620606 0.9255465 0 -0.378634
13 9 0 0 0 0.1250929 0.2542625 -0.06643912 0.06958211 0.9953613 -0.9977797 0 -0.06660055
13 3 0 0 0 0.08862375 0.1458732 0.04811664 0.6070405 0.7932129 -0.9981652 0 0.06054914
13 4 0.004996448 0.04221535 0.02302318 0.1183562 0.2170181 -0.0522557 0.1195248 0.9914551 -0.9986139 0 -0.05263302
13 10 0 0 0 0.1356874 0.2003543 -0.03431653 0.01693172 0.9992676 -0.9994109 0 -0.03432145
13 16 0 0 0 0.1380878 0.106883 0.1077844 0.05883846 0.9924316 -0.994154 0 0.1079714
13 7 0.001515609 0.01961124 0.01812436 0.07728267 0.08362279 0.5449287 0.4789456 0.6882324 -0.7840025 0 0.6207576
13 15 0.01546579 0.2205708 0.1448699 0.07011714 0.1067564 0.3433329 0.6792162 0.6486816 -0.8838369 0 0.4677953
13 17 0.004000372 0.04492091 0.05276465 0.08905368 0.07581539 0.09455039 0.5790171 0.8098145 -0.9932529 0 0.1159679
13 18 0.01823139 0.1209682 0.6129541 0.1507123 0.02974349 0.4518901 0.03573929 0.8913574 -0.8919272 0 0.452179
13 21 0 0 0 0.1356874 0.003722163 -0.03431653 0.01693172 0.9992676 -0.9994109 0 -0.03432145
13 23 0 0 0 0.1356874 0.00637226 -0.03431653 0.01693172 0.9992676 -0.9994109 0 -0.03432145
13 19 0.0001491096 0.001413541 0.01230063 0.1054866 0.01212211 -0.2310716 0.3312947 0.9147949 -0.9695479 0 -0.2449018
9 3 0.000521275 0.002610406 0.004064414 0.1996912 0.1282534 0.477879 0.5852934 0.6550293 -0.8078586 0 0.5893762
9 4 0.1262776 0.5243321 0.5981861 0.2408351 0.2111008 -0.4030093 0.8706718 0.2819825 -0.573293 0 -0.8193504
9 10 0.06945845 0.4029929 0.6160066 0.1723565 0.112756 0.05252966 0.9753958 -0.2141113 0.9711985 0 0.238272
9 16 0.004815563 0.0178079 0.03658693 0.2704173 0.1316198 0.9440096 0.04449099 -0.3269042 0.3272282 0 0.9449453
9 7 0.0003246466 0.001254875 0.004672664 0.2587083 0.06947785 0.5454728 0.1067786 0.8312988 -0.8360788 0 0.5486093
9 15 5.639197E-05 0.0003258295 0.0004347077 0.1730721 0.1297239 0.06405681 0.9928889 -0.1003418 0.8428886 0 0.5380881
9 17 0 0 0 0.2565972 0.09269677 0.6066954 0.1926376 0.7712402 -0.7859613 0 0.6182757
9 18 0 0 0 0.2573242 0.03867621 -0.03431653 0.01693172 0.9992676 -0.9994109 0 -0.03432145
9 21 0 0 0 0.2564497 0.003495785 -0.2136004 0.03431214 0.9763184 -0.9768936 0 -0.2137263
9 23 0.0002371675 0.001128589 1 0.2101452 0.0002371675 -0.1758396 0.9732747 0.147705 -0.6431914 0 -0.7657055
9 19 2.054844E-05 7.775597E-05 0.009205838 0.2642684 0.00223211 -0.3526624 0.363979 -0.8620606 0.9255465 0 -0.378634
3 4 0 0 0 0.1364836 0.2124676 0.3797887 0.5384792 0.7521973 -0.8926686 0 0.4507135
3 10 0 0 0 0.16393 0.1730255 0.4518901 0.03573929 0.8913574 -0.8919272 0 0.452179
3 16 0 0 0 0.1743343 0.08665252 0.3215272 0.05887337 0.9450684 -0.9467105 0 0.3220858
3 7 0.05953266 0.3815497 0.7623665 0.1560286 0.07808928 -0.5938861 0.1286949 -0.7941895 0.8008491 0 -0.5988662
3 15 0.0659446 0.515687 0.5900519 0.1278772 0.1117607 0.3459612 0.6334468 0.6921387 -0.894483 0 0.4471018
3 17 0.04728905 0.3407746 0.8780227 0.1387693 0.05385858 -0.4980833 0.8537722 0.1516114 -0.2911982 0 -0.9566628
3 18 0 0 0 0.2043149 0.04400545 -0.0522557 0.1195248 0.9914551 -0.9986139 0 -0.05263302
3 21 0 0 0 0.1644839 0.00399248 0.4227867 0.09136975 0.9016113 -0.9053986 0 0.4245626
3 23 0 0 0 0.1554798 0.005244593 0.5269197 0.05848553 0.8479004 -0.8493543 0 0.5278232
3 19 0 0 0 0.2108696 0.01150094 -0.03431653 0.01693172 0.9992676 -0.9994109 0 -0.03432145
4 10 0.09870723 0.4723226 0.9023924 0.2089827 0.1093839 0.4016821 0.9098263 -0.104248 0.2512065 0 0.9679335
4 16 0.01522054 0.07383638 0.4081995 0.2061387 0.037287 0.5543004 0.714145 0.4274902 -0.6107023 0 0.7918603
4 7 0 0 0 0.2215249 0.08136199 0.2546578 0.2786151 0.9260254 -0.9642051 0 0.2651573
4 15 0.003738166 0.01759987 0.02569176 0.2123974 0.1455006 -0.5981973 0.2967343 -0.7443848 0.7794931 0 -0.6264108
4 17 0 0 0 0.2255242 0.1075258 0.1493689 0.02250491 0.9885254 -0.9887758 0 0.1494068
4 18 0 0 0 0.2229739 0.03254086 0.1077844 0.05883846 0.9924316 -0.994154 0 0.1079714
4 21 0 0 0 0.2179428 0.003722163 -0.03431653 0.01693172 0.9992676 -0.9994109 0 -0.03432145
4 23 0.0002371675 0.001137776 1 0.2084483 0.0002371675 -0.1758396 0.9732747 0.147705 -0.6431914 0 -0.7657055
4 19 0 0 0 0.2268772 0.0362137 0.7051328 0.05049068 0.7072754 -0.7081786 0 0.7060333
10 16 0.01471181 0.1245965 0.1345114 0.1180756 0.1093722 -0.4099552 0.8899193 -0.1999511 0.4383758 0 -0.8987918
10 7 0 0 0 0.1762118 0.08124873 0.3927413 0.05137501 0.9182129 -0.919427 0 0.3932606
10 15 0 0 0 0.1774146 0.1478576 0.3547372 0.01683701 0.9348145 -0.934947 0 0.3547874
10 17 0 0 0 0.1852765 0.1019475 0.1825098 0.1201907 0.9758301 -0.9829557 0 0.1838425
10 18 0 0 0 0.2003543 0.03867621 -0.03431653 0.01693172 0.9992676 -0.9994109 0 -0.03432145
10 21 0 0 0 0.2043399 0.00379673 -0.06643912 0.06958211 0.9953613 -0.9977797 0 -0.06660055
10 23 0 0 0 0.1667925 0.005121491 0.5184171 0.2251652 0.8249512 -0.8466937 0 0.5320805
10 19 0 0 0 0.1762118 0.01669179 0.3927413 0.05137501 0.9182129 -0.919427 0 0.3932606
16 7 0 0 0 0.09373359 0.09217609 0.23438 0.1128214 0.9655762 -0.9717807 0 0.2358861
16 15 0 0 0 0.09566959 0.1543795 0.2289817 0.05414301 0.9719238 -0.9733515 0 0.229318
16 17 0 0 0 0.106883 0.1080784 0.1077844 0.05883846 0.9924316 -0.994154 0 0.1079714
16 18 0 0 0 0.1126516 0.03366072 0.04742682 0.01380628 0.9987793 -0.9988745 0 0.04743133
16 21 0 0 0 0.1186911 0.003722163 -0.03431653 0.01693172 0.9992676 -0.9994109 0 -0.03432145
16 23 0 0 0 0.1228322 0.006182305 -0.1625286 0.1886289 0.9685059 -0.9862099 0 -0.1654996
16 19 0 0 0 0.08665252 0.01265102 0.3215272 0.05887337 0.9450684 -0.9467105 0 0.3220858
7 15 0.05549267 0.7987102 0.417906 0.06947785 0.1327874 0.5454728 0.1067786 0.8312988 -0.8360788 0 0.5486093
7 17 0.04694616 0.4397503 0.882363 0.1067564 0.05320504 -0.5417745 0.8405051 -0.005615248 0.01036399 0 -0.9999463
7 18 0.0003540799 0.005077092 0.01243283 0.0697407 0.02847944 0.4707174 0.2843547 0.8352051 -0.8711677 0 0.4909857
7 21 0 0 0 0.08657868 0.003875193 0.3547372 0.01683701 0.9348145 -0.934947 0 0.3547874
7 23 0 0 0 0.09329028 0.005577208 0.2728818 0.02695352 0.9616699 -0.9620194 0 0.272981
7 19 0 0 0 0.1156315 0.01150094 -0.03431653 0.01693172 0.9992676 -0.9994109 0 -0.03432145
15 17 0.04534261 0.3306243 0.5212621 0.1371424 0.08698619 0.4051568 0.1853401 0.8952637 -0.9110481 0 0.4123001
15 18 0.004233533 0.02502101 0.1106485 0.1691991 0.0382611 0.8263325 0.509719 0.239502 -0.2783803 0 0.960471
15 21 0 0 0 0.1485756 0.003976841 0.3215272 0.05887337 0.9450684 -0.9467105 0 0.3220858
15 23 0 0 0 0.1364989 0.005183403 0.4782434 0.0780088 0.8747559 -0.8774297 0 0.4797053
15 19 0 0 0 0.1748464 0.007112749 0.04742682 0.01380628 0.9987793 -0.9988745 0 0.04743133
17 18 0.0001639994 0.001871645 0.00564953 0.08762316 0.02902886 0.358859 0.2264027 0.9055176 -0.9296573 0 0.3684256
17 21 0 0 0 0.09541638 0.004280489 0.1929392 0.234078 0.9528809 -0.9801105 0 0.1984527
17 23 0 0 0 0.1080784 0.00601247 0.1077844 0.05883846 0.9924316 -0.994154 0 0.1079714
17 19 0 0 0 0.1145275 0.01150094 -0.03431653 0.01693172 0.9992676 -0.9994109 0 -0.03432145
18 21 0 0 0 0.03867621 0.003722163 -0.03431653 0.01693172 0.9992676 -0.9994109 0 -0.03432145
18 23 0 0 0 0.03867621 0.00637226 -0.03431653 0.01693172 0.9992676 -0.9994109 0 -0.03432145
18 19 0 0 0 0.03867621 0.01150094 -0.03431653 0.01693172 0.9992676 -0.9994109 0 -0.03432145
21 23 0 0 0 0.003722163 0.00637226 -0.03431653 0.01693172 0.9992676 -0.9994109 0 -0.03432145
21 19 0 0 0 0.003722163 0.01150094 -0.03431653 0.01693172 0.9992676 -0.9994109 0 -0.03432145
23 19 0 0 0 0.00637226 0.01150094 -0.03431653 0.01693172 0.9992676 -0.9994109 0 -0.03432145
