2 12 0.02879993 0.3142012 0.2707901 0.09166079 0.1063552 0.4830657 0.7947588 0.3674316 -0.6053983 0 0.7959228
2 3 0 0 0 0.1152043 0.09943843 -0.03431653 0.01693172 0.9992676 -0.9994109 0 -0.03432145
2 1 0.07536609 0.7834463 0.5695266 0.09619817 0.1323311 0.9904373 0.08115163 0.1115723 -0.1119415 0 0.9937148
2 11 0 0 0 0.1152043 0.02261631 -0.03431653 0.01693172 0.9992676 -0.9994109 0 -0.03432145
2 4 0 0 0 0.1150271 0.0942452 0.04742682 0.01380628 0.9987793 -0.9988745 0 0.04743133
2 5 0 0 0 0.1152043 0.07106467 -0.03431653 0.01693172 0.9992676 -0.9994109 0 -0.03432145
2 14 0 0 0 0.09750558 0.05757103 -0.1735824 0.7340876 0.6564941 -0.9667764 0 -0.2556236
2 10 0.007650838 0.07118487 0.06467818 0.1074784 0.1182909 -0.1401121 0.7621309 -0.63208 0.9763014 0 -0.2164151
2 13 0 0 0 0.1119724 0.1554814 0.2289817 0.05414301 0.9719238 -0.9733515 0 0.229318
2 6 0 0 0 0.1152043 0.08470052 -0.03431653 0.01693172 0.9992676 -0.9994109 0 -0.03432145
2 16 0 0 0 0.1145715 0.1750784 -0.163272 0.004171492 0.9865723 -0.9865808 0 -0.1632735
2 15 0.0001823594 0.001774907 0.003515379 0.1027431 0.05187475 -0.1085056 0.9628406 -0.2473145 0.9157415 0 -0.401768
2 17 0 0 0 0.1150271 0.06831285 0.04742682 0.01380628 0.9987793 -0.9988745 0 0.04743133
2 19 7.609899E-05 0.0007688808 0.001847882 0.09897371 0.04118172 0.1975617 0.9622394 0.1872558 -0.6879229 0 0.7257838
2 9 0 0 0 0.1152043 0.05359914 -0.03431653 0.01693172 0.9992676 -0.9994109 0 -0.03432145
2 8 0 0 0 0.1152043 0.00139262 -0.03431653 0.01693172 0.9992676 -0.9994109 0 -0.03432145
2 7 0 0 0 0.1152043 0.01900001 -0.03431653 0.01693172 0.9992676 -0.9994109 0 -0.03432145
2 18 0 0 0 0.107811 0.02531081 -0.5698377 0.06613297 0.8190918 -0.8208889 0 -0.571088
12 3 0 0 0 0.1243629 0.09943843 -0.03431653 0.01693172 0.9992676 -0.9994109 0 -0.03432145
12 1 0.0608871 0.5621021 0.4293247 0.1083204 0.1418207 0.573013 0.7399624 -0.3522949 0.5237432 0 0.8518763
12 11 0 0 0 0.1254359 0.02274424 0.04742682 0.01380628 0.9987793 -0.9988745 0 0.04743133
12 4 0 0 0 0.1220826 0.08850726 0.3927413 0.05137501 0.9182129 -0.919427 0 0.3932606
12 5 0.008955333 0.07735258 0.1195171 0.1157729 0.07492928 -0.1392371 0.6223399 0.7702637 -0.9840517 0 -0.1778826
12 14 0 0 0 0.1243629 0.08806958 -0.03431653 0.01693172 0.9992676 -0.9994109 0 -0.03432145
12 10 0.004708368 0.03723575 0.04216263 0.1264475 0.1116716 -0.3526624 0.363979 -0.8620606 0.9255465 0 -0.378634
12 13 0.00631296 0.05366718 0.03791562 0.1176317 0.1665002 0.4560041 0.4915081 0.7419434 -0.8519536 0 0.5236173
12 6 0 0 0 0.1243629 0.08470052 -0.03431653 0.01693172 0.9992676 -0.9994109 0 -0.03432145
12 16 0.02672389 0.2291585 0.2272415 0.1166175 0.1176013 -0.3293885 0.684699 0.6501465 -0.8920463 0 -0.451944
12 15 0.0144728 0.1260226 0.3353596 0.1148429 0.04315607 0.2035234 0.9316448 0.3010254 -0.8284257 0 0.5600989
12 17 0 0 0 0.1243629 0.06780432 -0.03431653 0.01693172 0.9992676 -0.9994109 0 -0.03432145
12 19 0 0 0 0.1169763 0.07382076 -0.441782 0.731206 0.5197754 -0.761959 0 -0.6476254
12 9 0.008730848 0.0843146 0.139212 0.1035508 0.06271622 0.9912576 0.1237902 -0.04565432 0.0460082 0 0.9989411
12 8 0 0 0 0.1243629 0.00139262 -0.03431653 0.01693172 0.9992676 -0.9994109 0 -0.03432145
12 7 0 0 0 0.1243629 0.01900001 -0.03431653 0.01693172 0.9992676 -0.9994109 0 -0.03432145
12 18 0 0 0 0.1187763 0.03200426 -0.267615 0.1216898 0.9558105 -0.9629672 0 -0.2696187
3 1 0 0 0 0.09943843 0.179377 -0.03431653 0.01693172 0.9992676 -0.9994109 0 -0.03432145
3 11 0 0 0 0.09943843 0.02261631 -0.03431653 0.01693172 0.9992676 -0.9994109 0 -0.03432145
3 4 0 0 0 0.09943843 0.09549287 -0.03431653 0.01693172 0.9992676 -0.9994109 0 -0.03432145
3 5 0 0 0 0.09943843 0.07106467 -0.03431653 0.01693172 0.9992676 -0.9994109 0 -0.03432145
3 14 0 0 0 0.09943843 0.08806958 -0.03431653 0.01693172 0.9992676 -0.9994109 0 -0.03432145
3 10 0 0 0 0.09943843 0.1082793 -0.03431653 0.01693172 0.9992676 -0.9994109 0 -0.03432145
3 13 0 0 0 0.09318386 0.1744612 -0.2472899 0.07461375 0.9660645 -0.9687648 0 -0.2479811
3 6 0 0 0 0.097078 0.08322936 -0.1153257 0.02846082 0.9929199 -0.9933223 0 -0.1153724
3 16 0 0 0 0.1032287 0.1785445 0.05644158 0.06422738 0.9963379 -0.9983993 0 0.05655836
3 15 0 0 0 0.09943843 0.07088532 -0.03431653 0.01693172 0.9992676 -0.9994109 0 -0.03432145
3 17 0 0 0 0.09943843 0.06780432 -0.03431653 0.01693172 0.9992676 -0.9994109 0 -0.03432145
3 19 0 0 0 0.09943843 0.08901785 -0.03431653 0.01693172 0.9992676 -0.9994109 0 -0.03432145
3 9 0 0 0 0.09943843 0.05359914 -0.03431653 0.01693172 0.9992676 -0.9994109 0 -0.03432145
3 8 0 0 0 0.09943843 0.00139262 -0.03431653 0.01693172 0.9992676 -0.9994109 0 -0.03432145
3 7 0 0 0 0.09013885 0.01780604 -0.4640035 0.1086064 0.8791504 -0.8843817 0 -0.4667645
3 18 0 0 0 0.09943843 0.03595774 -0.03431653 0.01693172 0.9992676 -0.9994109 0 -0.03432145
1 11 0 0 0 0.179377 0.02261631 -0.03431653 0.01693172 0.9992676 -0.9994109 0 -0.03432145
1 4 0 0 0 0.1741488 0.09273557 0.1493689 0.02250491 0.9885254 -0.9887758 0 0.1494068
1 5 0.0001119274 0.0006619673 0.001437113 0.169083 0.07788353 0.1419002 0.2285514 0.9631348 -0.9893203 0 0.1457581
1 14 0 0 0 0.1665354 0.05562045 0.03156806 0.6609611 0.7497559 -0.9991148 0 0.04206718
1 10 0.03083834 0.1882466 0.2732944 0.1638188 0.1128393 -0.339339 0.4123689 -0.845459 0.9280387 0 -0.3724838
1 13 0.0002251936 0.001470767 0.00135251 0.1531131 0.1665006 0.2278991 0.9713673 -0.06713872 0.2825908 0 0.9592406
1 6 0 0 0 0.179377 0.08470052 -0.03431653 0.01693172 0.9992676 -0.9994109 0 -0.03432145
1 16 0.007506583 0.04664862 0.05278641 0.1609176 0.1422067 0.1747827 0.5745902 0.7995605 -0.9769309 0 0.2135556
1 15 0.009882955 0.05849534 0.1916497 0.1689529 0.0515678 -0.05869447 0.9598884 -0.2741699 0.9778435 0 -0.2093373
1 17 0 0 0 0.1746622 0.06913821 0.1077844 0.05883846 0.9924316 -0.994154 0 0.1079714
1 19 0 0 0 0.1222981 0.07828559 0.8636836 0.4053569 0.2995605 -0.3276899 0 0.9447854
1 9 0 0 0 0.179377 0.05359914 -0.03431653 0.01693172 0.9992676 -0.9994109 0 -0.03432145
1 8 0 0 0 0.179377 0.00139262 -0.03431653 0.01693172 0.9992676 -0.9994109 0 -0.03432145
1 7 0 0 0 0.179377 0.01900001 -0.03431653 0.01693172 0.9992676 -0.9994109 0 -0.03432145
1 18 0 0 0 0.1841151 0.02469416 -0.5582472 0.2249971 0.798584 -0.819599 0 -0.5729377
11 4 0.001678941 0.1494562 0.02172178 0.01123367 0.07729297 0.7594639 0.5133107 -0.3996582 0.465692 0 0.8849469
11 5 0 0 0 0.02261631 0.07106467 -0.03431653 0.01693172 0.9992676 -0.9994109 0 -0.03432145
11 14 0 0 0 0.02261631 0.08806958 -0.03431653 0.01693172 0.9992676 -0.9994109 0 -0.03432145
11 10 0 0 0 0.02261631 0.1082793 -0.03431653 0.01693172 0.9992676 -0.9994109 0 -0.03432145
11 13 0 0 0 0.02200917 0.1662725 -0.163272 0.004171492 0.9865723 -0.9865808 0 -0.1632735
11 6 0 0 0 0.02261631 0.08470052 -0.03431653 0.01693172 0.9992676 -0.9994109 0 -0.03432145
11 16 0 0 0 0.01929552 0.1705844 -0.4880287 0.006581897 0.8728027 -0.8728217 0 -0.4880393
11 15 0 0 0 0.02274424 0.06946477 0.04742682 0.01380628 0.9987793 -0.9988745 0 0.04743133
11 17 0 0 0 0.02261631 0.06780432 -0.03431653 0.01693172 0.9992676 -0.9994109 0 -0.03432145
11 19 0 0 0 0.02261631 0.08901785 -0.03431653 0.01693172 0.9992676 -0.9994109 0 -0.03432145
11 9 0.0006895729 0.04425718 0.009187202 0.01558104 0.07505799 -0.5049007 0.7556382 -0.4172364 0.6370125 0 -0.7708534
11 8 0 0 0 0.02261631 0.00139262 -0.03431653 0.01693172 0.9992676 -0.9994109 0 -0.03432145
11 7 0 0 0 0.02261631 0.01900001 -0.03431653 0.01693172 0.9992676 -0.9994109 0 -0.03432145
11 18 0 0 0 0.02261631 0.03595774 -0.03431653 0.01693172 0.9992676 -0.9994109 0 -0.03432145
4 5 0 0 0 0.09435081 0.08103629 -0.4880287 0.006581897 0.8728027 -0.8728217 0 -0.4880393
4 14 0 0 0 0.09549287 0.08806958 -0.03431653 0.01693172 0.9992676 -0.9994109 0 -0.03432145
4 10 0 0 0 0.09070001 0.105273 0.2073021 0.003277564 0.9782715 -0.9782767 0 0.2073032
4 13 0.00101339 0.01589276 0.007297682 0.06376422 0.1388646 0.1653155 0.7302817 -0.6628419 0.9702784 0 0.2419914
4 6 0 0 0 0.09549287 0.08470052 -0.03431653 0.01693172 0.9992676 -0.9994109 0 -0.03432145
4 16 0 0 0 0.09206975 0.1764456 -0.5963449 0.01955031 0.8024902 -0.8026436 0 -0.5964589
4 15 0 0 0 0.08420096 0.06965426 0.6076496 0.005010491 0.7941895 -0.7941994 0 0.6076573
4 17 0 0 0 0.0856707 0.0690385 0.5024322 0.0140817 0.864502 -0.8645877 0 0.502482
4 19 0 0 0 0.09273557 0.08945397 0.1493689 0.02250491 0.9885254 -0.9887758 0 0.1494068
4 9 0 0 0 0.1071866 0.04982325 0.03808563 0.3085682 0.9504395 -0.9991981 0 0.04003947
4 8 0 0 0 0.09549287 0.00139262 -0.03431653 0.01693172 0.9992676 -0.9994109 0 -0.03432145
4 7 0 0 0 0.09549287 0.01900001 -0.03431653 0.01693172 0.9992676 -0.9994109 0 -0.03432145
4 18 0 0 0 0.09549287 0.03595774 -0.03431653 0.01693172 0.9992676 -0.9994109 0 -0.03432145
5 14 0 0 0 0.07106467 0.08806958 -0.03431653 0.01693172 0.9992676 -0.9994109 0 -0.03432145
5 10 0.001035115 0.0175199 0.008765363 0.05908224 0.1180915 -0.07449497 0.8618228 -0.5017089 0.9891555 0 -0.1468722
5 13 0.04014115 0.618346 0.2714426 0.06491697 0.1478808 0.1544363 0.8387128 -0.5222167 0.9589454 0 0.283591
5 6 0.009124698 0.1208044 0.1595151 0.07553285 0.05720272 -0.2666316 0.6959559 0.666748 -0.9285092 0 -0.3713095
5 16 0.03525338 0.5326049 0.2005915 0.06619049 0.1757472 -0.2866079 0.934703 -0.2102051 0.5914112 0 -0.8063701
5 15 0.004910329 0.06297226 0.08495025 0.07797607 0.05780241 -0.4471172 0.7733495 0.4494629 -0.7089543 0 -0.7052544
5 17 0.002613582 0.02562722 0.03622029 0.1019846 0.07215795 -0.9992568 0.0311511 0.02270511 -0.02271613 0 -0.999742
5 19 0.0006400856 0.009068333 0.01016309 0.07058471 0.06298139 0.3575938 0.7044942 -0.6130372 0.8637857 0 0.5038593
5 9 0 0 0 0.07106467 0.05359914 -0.03431653 0.01693172 0.9992676 -0.9994109 0 -0.03432145
5 8 0 0 0 0.07106467 0.00139262 -0.03431653 0.01693172 0.9992676 -0.9994109 0 -0.03432145
5 7 0 0 0 0.07106467 0.01900001 -0.03431653 0.01693172 0.9992676 -0.9994109 0 -0.03432145
5 18 0 0 0 0.07106467 0.03595774 -0.03431653 0.01693172 0.9992676 -0.9994109 0 -0.03432145
14 10 0 0 0 0.08699272 0.1101782 -0.1153257 0.02846082 0.9929199 -0.9933223 0 -0.1153724
14 13 0 0 0 0.08806958 0.1634268 -0.03431653 0.01693172 0.9992676 -0.9994109 0 -0.03432145
14 6 0 0 0 0.08806958 0.08470052 -0.03431653 0.01693172 0.9992676 -0.9994109 0 -0.03432145
14 16 0 0 0 0.08806958 0.1795861 -0.03431653 0.01693172 0.9992676 -0.9994109 0 -0.03432145
14 15 0 0 0 0.08806958 0.07088532 -0.03431653 0.01693172 0.9992676 -0.9994109 0 -0.03432145
14 17 0 0 0 0.08806958 0.06780432 -0.03431653 0.01693172 0.9992676 -0.9994109 0 -0.03432145
14 19 0.008141806 0.2294347 0.1413461 0.03548638 0.05760192 0.4186534 0.7527335 0.5080566 -0.771741 0 0.635937
14 9 0 0 0 0.08806958 0.05359914 -0.03431653 0.01693172 0.9992676 -0.9994109 0 -0.03432145
14 8 0 0 0 0.08806958 0.00139262 -0.03431653 0.01693172 0.9992676 -0.9994109 0 -0.03432145
14 7 0 0 0 0.08806958 0.01900001 -0.03431653 0.01693172 0.9992676 -0.9994109 0 -0.03432145
14 18 0.00340201 0.04303289 0.1539327 0.07905605 0.02210063 0.4960859 0.7030553 -0.5095215 0.7164903 0 0.6975971
10 13 0 0 0 0.09803193 0.1416874 0.7923183 0.0008303243 0.6101074 -0.6101077 0 0.7923186
10 6 0 0 0 0.1001863 0.08215263 0.3882964 0.4352773 0.8122559 -0.9022093 0 0.4312984
10 16 0.03587766 0.3524929 0.2007685 0.1017826 0.1787016 0.6429136 0.7346884 0.2165528 -0.3192088 0 0.9476843
10 15 0.001212673 0.01051454 0.0235161 0.115333 0.0515678 -0.05869447 0.9598884 -0.2741699 0.9778435 0 -0.2093373
10 17 0 0 0 0.09806763 0.07036136 0.5269197 0.05848553 0.8479004 -0.8493543 0 0.5278232
10 19 0 0 0 0.118153 0.08612423 -0.6510513 0.0009098255 0.7590332 -0.7590335 0 -0.6510516
10 9 0 0 0 0.1082793 0.05359914 -0.03431653 0.01693172 0.9992676 -0.9994109 0 -0.03432145
10 8 0 0 0 0.1082793 0.00139262 -0.03431653 0.01693172 0.9992676 -0.9994109 0 -0.03432145
10 7 0 0 0 0.1067543 0.01902593 0.04742682 0.01380628 0.9987793 -0.9988745 0 0.04743133
10 18 0 0 0 0.1082793 0.03595774 -0.03431653 0.01693172 0.9992676 -0.9994109 0 -0.03432145
13 6 0.009516371 0.06871898 0.109437 0.1384824 0.08695749 -0.5510036 0.1492658 -0.821045 0.8303472 0 -0.5572463
13 16 0.03958196 0.2045332 0.3420054 0.1935234 0.1157349 -0.3424574 0.7893737 0.5095215 -0.8299571 0 -0.5578272
13 15 0.02842082 0.1706954 0.4519827 0.1665002 0.06288034 0.4560041 0.4915081 0.7419434 -0.8519536 0 0.5236173
13 17 0.0184068 0.1291761 0.2477713 0.1424938 0.07428948 -0.8644674 0.001812338 -0.5026855 0.5026864 0 -0.8644689
13 19 0.01052535 0.05930019 0.2385214 0.1774927 0.0441275 0.3513747 0.9099087 0.220459 -0.5314713 0 0.8470763
13 9 0 0 0 0.1642367 0.05195475 0.05644158 0.06422738 0.9963379 -0.9983993 0 0.05655836
13 8 0 0 0 0.1634268 0.00139262 -0.03431653 0.01693172 0.9992676 -0.9994109 0 -0.03432145
13 7 0 0 0 0.1634268 0.01900001 -0.03431653 0.01693172 0.9992676 -0.9994109 0 -0.03432145
13 18 0 0 0 0.1634268 0.03595774 -0.03431653 0.01693172 0.9992676 -0.9994109 0 -0.03432145
6 16 0 0 0 0.06799469 0.1442537 -0.19514 0.379112 0.904541 -0.9775115 0 -0.2108822
6 15 0 0 0 0.08470052 0.07088532 -0.03431653 0.01693172 0.9992676 -0.9994109 0 -0.03432145
6 17 0.009184504 0.1017644 0.1628286 0.09025259 0.05640597 0.4003568 0.7684051 -0.4992675 0.7801496 0 0.6255929
6 19 0 0 0 0.08447158 0.08924893 0.1077844 0.05883846 0.9924316 -0.994154 0 0.1079714
6 9 0 0 0 0.08470052 0.05359914 -0.03431653 0.01693172 0.9992676 -0.9994109 0 -0.03432145
6 8 0 0 0 0.08470052 0.00139262 -0.03431653 0.01693172 0.9992676 -0.9994109 0 -0.03432145
6 7 0.00154434 0.01912692 0.08321895 0.08074172 0.01855755 0.3880356 0.5891652 0.7087402 -0.87714 0 0.4802346
6 18 0 0 0 0.08470052 0.03595774 -0.03431653 0.01693172 0.9992676 -0.9994109 0 -0.03432145
16 15 0.007626744 0.06485256 0.1398656 0.1176013 0.05452908 -0.3293885 0.684699 0.6501465 -0.8920463 0 -0.451944
16 17 0 0 0 0.1661177 0.06792257 -0.153338 0.1360763 0.9787598 -0.9879493 0 -0.1547777
16 19 0 0 0 0.1758291 0.08885001 -0.1153257 0.02846082 0.9929199 -0.9933223 0 -0.1153724
16 9 0.007340397 0.05514152 0.1369728 0.1331192 0.0535902 -0.4535864 0.4524471 0.7678223 -0.8609888 0 -0.508624
16 8 0 0 0 0.1795861 0.00139262 -0.03431653 0.01693172 0.9992676 -0.9994109 0 -0.03432145
16 7 0 0 0 0.1818977 0.01902593 0.04742682 0.01380628 0.9987793 -0.9988745 0 0.04743133
16 18 0 0 0 0.1795861 0.03595774 -0.03431653 0.01693172 0.9992676 -0.9994109 0 -0.03432145
15 17 0 0 0 0.06946477 0.06831285 0.04742682 0.01380628 0.9987793 -0.9988745 0 0.04743133
15 19 0.004928411 0.1030088 0.1155781 0.04784458 0.04264141 0.3023786 0.9205449 0.2473144 -0.6331055 0 0.7740656
15 9 0.005047155 0.06704325 0.0907312 0.07528207 0.05562755 0.8906685 0.04010629 0.4528809 -0.4532456 0 0.8913857
15 8 0 0 0 0.07088532 0.00139262 -0.03431653 0.01693172 0.9992676 -0.9994109 0 -0.03432145
15 7 0 0 0 0.07088532 0.01900001 -0.03431653 0.01693172 0.9992676 -0.9994109 0 -0.03432145
15 18 0 0 0 0.07088532 0.03595774 -0.03431653 0.01693172 0.9992676 -0.9994109 0 -0.03432145
17 19 0.0005639835 0.008275313 0.006089653 0.06815252 0.0926134 -0.6772301 0.1317631 -0.723877 0.7302438 0 -0.6831866
17 9 0 0 0 0.06780432 0.05359914 -0.03431653 0.01693172 0.9992676 -0.9994109 0 -0.03432145
17 8 0 0 0 0.06780432 0.00139262 -0.03431653 0.01693172 0.9992676 -0.9994109 0 -0.03432145
17 7 0.0009572158 0.01266671 0.065193 0.07556938 0.0146828 -0.1425354 0.4767033 0.8674316 -0.9867671 0 -0.1621445
17 18 0 0 0 0.06780432 0.03595774 -0.03431653 0.01693172 0.9992676 -0.9994109 0 -0.03432145
19 9 0 0 0 0.08901785 0.05359914 -0.03431653 0.01693172 0.9992676 -0.9994109 0 -0.03432145
19 8 0 0 0 0.08901785 0.00139262 -0.03431653 0.01693172 0.9992676 -0.9994109 0 -0.03432145
19 7 0 0 0 0.08901785 0.01900001 -0.03431653 0.01693172 0.9992676 -0.9994109 0 -0.03432145
19 18 0 0 0 0.08826805 0.03096845 -0.3232228 0.1158166 0.939209 -0.9455721 0 -0.3254126
9 8 0 0 0 0.05359914 0.00139262 -0.03431653 0.01693172 0.9992676 -0.9994109 0 -0.03432145
9 7 0 0 0 0.05359914 0.01900001 -0.03431653 0.01693172 0.9992676 -0.9994109 0 -0.03432145
9 18 0 0 0 0.05359914 0.03595774 -0.03431653 0.01693172 0.9992676 -0.9994109 0 -0.03432145
8 7 0 0 0 0.00139262 0.01900001 -0.03431653 0.01693172 0.9992676 -0.9994109 0 -0.03432145
8 18 0 0 0 0.00139262 0.03595774 -0.03431653 0.01693172 0.9992676 -0.9994109 0 -0.03432145
7 18 0 0 0 0.01900001 0.03595774 -0.03431653 0.01693172 0.9992676 -0.9994109 0 -0.03432145
