E6.5 E7.5 0.1670503 0.4801161 0.3182948 0.3479372 0.5248289 0.9661046 0.2355135 -0.1057129 0.1087726 0 0.9940667
E6.5 E6.75 0.3209757 0.9537406 0.9106148 0.336544 0.3524824 0.983911 0.1548497 -0.08911139 0.09019937 0 0.9959237
E6.5 E7.75 0.2794669 0.6587083 0.48523 0.424265 0.5759472 0.8504537 0.05474683 0.5231934 -0.5239792 0 0.8517311
E6.5 E7.0 0.3323343 0.9890898 0.7333689 0.3360001 0.4531611 0.9643912 0.06411135 -0.2565917 0.2571207 0 0.9663793
E6.5 E8.0 0.2027527 0.5943067 0.339058 0.3411583 0.5979882 -0.9466467 0.03322056 0.3205566 -0.3207336 0 -0.9471695
E6.5 E8.5 0.1836943 0.4587581 0.3074253 0.4004165 0.597525 0.7189479 0.1189243 -0.6848145 0.6897092 0 0.7240865
E6.5 mixed_gastrulation 0.335551 0.9985425 0.6595782 0.3360408 0.5087357 0.984485 0.1744587 -0.01879884 0.01909162 0 0.9998177
E6.5 E7.25 0.2398823 0.6195101 0.4888639 0.387213 0.4906934 0.9373564 0.1317216 0.3225097 -0.3253445 0 0.9455956
E6.5 E8.25 0.2221345 0.5905145 0.3859479 0.3761711 0.5755558 0.8382348 0.270676 0.4733887 -0.4917453 0 0.8707391
E7.5 E6.75 0.227013 0.4292613 0.6105514 0.5288458 0.3718164 0.9948115 0.02183123 -0.09936518 0.09938887 0 0.9950486
E7.5 E7.75 0.4135432 0.820074 0.7257612 0.5042755 0.5698062 0.7209578 0.3982132 -0.5671386 0.6182743 0 0.7859625
E7.5 E7.0 0.4305346 0.8315269 0.9999309 0.5177639 0.4305643 0.91781 0.3192009 -0.236084 0.249116 0 0.9684736
E7.5 E8.0 0.4094305 0.8024893 0.7081985 0.5102006 0.5781295 0.7975127 0.2808673 -0.5339355 0.5563297 0 0.8309616
E7.5 E8.5 0.3998067 0.7635761 0.8103656 0.5235977 0.4933659 0.02583054 0.9988544 0.04028323 -0.8418035 0 0.5397841
E7.5 mixed_gastrulation 0.4720703 0.9340271 0.9957897 0.5054139 0.4740663 0.6677746 0.4939194 -0.5568848 0.6404599 0 0.7679917
E7.5 E7.25 0.4245352 0.8282017 0.956997 0.5125988 0.4436118 0.9313581 0.2204338 -0.289795 0.2971031 0 0.9548454
E7.5 E8.25 0.4430402 0.8436055 0.8142334 0.5251747 0.5441195 -0.02523442 0.9974245 0.06713863 -0.9360656 0 -0.3518253
E6.75 E7.75 0.2491711 0.6865578 0.438252 0.3629281 0.5685566 -0.8348989 0.05034843 0.5480957 -0.5487917 0 -0.8359591
E6.75 E7.0 0.3495172 0.9992471 0.8066497 0.3497806 0.4332949 0.9366183 0.2926449 -0.1926269 0.201446 0 0.9794996
E6.75 E8.0 0.1467705 0.4094127 0.2545254 0.3584904 0.5766439 -0.8482141 0.0940285 0.5212402 -0.5235599 0 -0.8519889
E6.75 E8.5 0.3217355 0.7492707 0.654593 0.4293982 0.4915046 0.4560041 0.4915081 0.7419434 -0.8519536 0 0.5236173
E6.75 mixed_gastrulation 0.260872 0.702242 0.4975147 0.3714845 0.5243504 -0.6284021 0.1389349 0.7653809 -0.7728766 0 -0.6345564
E6.75 E7.25 0.2774601 0.7533044 0.5641601 0.3683241 0.491811 -0.7852139 0.03178525 0.6184082 -0.6187209 0 -0.7856109
E6.75 E8.25 0.08998714 0.2437271 0.1466016 0.3692128 0.613821 -0.8006278 0.2271294 0.5544434 -0.5693228 0 -0.8221141
E7.75 E7.0 0.3261484 0.5601416 0.7104159 0.5822605 0.459095 0.6186911 0.6247737 -0.4763183 0.6100342 0 0.7923751
E7.75 E8.0 0.5092912 0.8951585 0.9925505 0.5689396 0.5131136 0.5024322 0.0140817 0.864502 -0.8645877 0 0.502482
E7.75 E8.5 0.4025496 0.6281452 0.7749541 0.6408544 0.5194496 -0.03431653 0.01693172 0.9992676 -0.9994109 0 -0.03432145
E7.75 mixed_gastrulation 0.111565 0.1834302 0.2141609 0.6082149 0.5209401 -0.995673 0.01850919 -0.09106441 0.09108001 0 -0.9958436
E7.75 E7.25 0.4310114 0.7140802 0.913583 0.6035897 0.4717813 -0.9781383 0.02201359 0.2067871 -0.2068372 0 -0.9783754
E7.75 E8.25 0.4981897 0.875646 0.9823225 0.5689396 0.5071549 0.5024322 0.0140817 0.864502 -0.8645877 0 0.502482
E7.0 E8.0 0.4231916 0.861591 0.7987371 0.4911746 0.5298259 0.1271717 0.9502265 0.2844238 -0.9129026 0 0.4081774
E7.0 E8.5 0.3797998 0.7985954 0.7267973 0.4755847 0.5225663 -0.2733916 0.8052649 0.526123 -0.8873496 0 -0.4610973
E7.0 mixed_gastrulation 0.4298519 0.9983454 0.8794094 0.4305643 0.4887962 0.91781 0.3192009 -0.236084 0.249116 0 0.9684736
E7.0 E7.25 0.4138025 0.9583199 0.9416091 0.4317999 0.4394631 0.9262852 0.2699232 -0.2629394 0.2730755 0 0.9619926
E7.0 E8.25 0.2507693 0.5222202 0.4098621 0.4801985 0.6118383 0.9356492 0.3061817 0.1755371 -0.1843929 0 0.9828526
E8.0 E8.5 0.4684356 0.8759214 0.9535841 0.5347918 0.4912368 -0.006008167 0.9999769 -0.003173867 0.4670912 0 -0.8842092
E8.0 mixed_gastrulation 0.4272941 0.810807 0.8578685 0.5269985 0.4980881 0.06885229 0.9778799 0.1975098 -0.9442692 0 0.3291741
E8.0 E7.25 0.427441 0.8111809 0.8717296 0.5269367 0.4903367 0.6819218 0.1418953 0.7175293 -0.7248637 0 0.6888923
E8.0 E8.25 0.4980581 0.9706585 0.9820629 0.5131136 0.5071549 0.5024322 0.0140817 0.864502 -0.8645877 0 0.502482
E8.5 mixed_gastrulation 0.3826101 0.7599114 0.7681574 0.503493 0.4980881 0.06885229 0.9778799 0.1975098 -0.9442692 0 0.3291741
E8.5 E7.25 0.40926 0.8046516 0.7782621 0.5086176 0.525864 0.1550839 0.9319029 0.3278809 -0.903981 0 0.4275726
E8.5 E8.25 0.4156485 0.8154456 0.7325703 0.5097195 0.5673838 0.2448073 0.2269885 0.942627 -0.9678914 0 0.2513687
mixed_gastrulation E7.25 0.4358651 0.8990635 0.9941614 0.484799 0.4384249 0.9055195 0.2935227 -0.3063965 0.3205144 0 0.9472436
mixed_gastrulation E8.25 0.4195482 0.8423172 0.7709481 0.4980881 0.5441977 0.06885229 0.9778799 0.1975098 -0.9442692 0 0.3291741
E7.25 E8.25 0.4253924 0.8675517 0.7987865 0.4903367 0.5325484 0.6819218 0.1418953 0.7175293 -0.7248637 0 0.6888923
