Epiblast Primitive.Streak 0.07901889 0.5140599 0.6575571 0.1537153 0.1201704 -0.8918888 0.3860429 -0.2355957 0.2553936 0 -0.9668372
Epiblast ExE.ectoderm 0 0 0 0.1702745 0.09943843 -0.03431653 0.01693172 0.9992676 -0.9994109 0 -0.03432145
Epiblast Visceral.endoderm 0 0 0 0.1702745 0.02937162 -0.03431653 0.01693172 0.9992676 -0.9994109 0 -0.03432145
Epiblast ExE.endoderm 0 0 0 0.1697886 0.0942452 0.04742682 0.01380628 0.9987793 -0.9988745 0 0.04743133
Epiblast Nascent.mesoderm 0 0 0 0.1697886 0.1117113 0.04742682 0.01380628 0.9987793 -0.9988745 0 0.04743133
Epiblast Rostral.neurectoderm 0.08384478 0.5969289 0.5308069 0.1404603 0.1579572 0.2536518 0.8860947 0.3879395 -0.8369705 0 0.547248
Epiblast Blood.progenitors.2 0 0 0 0.1691146 0.03462636 0.06822697 0.1235493 0.9899902 -0.9976337 0 0.06875373
Epiblast Mixed.mesoderm 0 0 0 0.1697886 0.07215437 0.04742682 0.01380628 0.9987793 -0.9988745 0 0.04743133
Epiblast ExE.mesoderm 0 0 0 0.1693327 0.06667327 0.1077844 0.05883846 0.9924316 -0.994154 0 0.1079714
Epiblast Intermediate.mesoderm 0 0 0 0.1702745 0.09191111 -0.03431653 0.01693172 0.9992676 -0.9994109 0 -0.03432145
Epiblast Pharyngeal.mesoderm 0 0 0 0.1697886 0.1332733 0.04742682 0.01380628 0.9987793 -0.9988745 0 0.04743133
Epiblast Caudal.epiblast 0 0 0 0.1690063 0.1059321 0.0169663 0.1090042 0.9938965 -0.9998543 0 0.017068
Epiblast PGC 0 0 0 0.1702745 0.01621222 -0.03431653 0.01693172 0.9992676 -0.9994109 0 -0.03432145
Epiblast Mesenchyme 0 0 0 0.1692178 0.1127921 0.2073021 0.003277564 0.9782715 -0.9782767 0 0.2073032
Epiblast Haematoendothelial.progenitors 0.01604143 0.1097741 0.1443351 0.1461313 0.1111402 0.3723862 0.7584178 0.5349121 -0.8207085 0 0.5713472
Epiblast Blood.progenitors.1 0 0 0 0.1498178 0.04257333 0.8055048 0.1354378 0.5769043 -0.5822694 0 0.8129959
Epiblast Surface.ectoderm 0.007587804 0.05188435 0.04633752 0.1462445 0.1637507 0.1344969 0.848413 0.5119628 -0.9671814 0 0.2540866
Epiblast Gut 0 0 0 0.1635473 0.1207451 0.4518901 0.03573929 0.8913574 -0.8919272 0 0.452179
Epiblast Paraxial.mesoderm 0 0 0 0.1702745 0.1273147 -0.03431653 0.01693172 0.9992676 -0.9994109 0 -0.03432145
Epiblast Caudal.neurectoderm 0.0006893338 0.004343299 0.007118282 0.158712 0.09683992 0.06051695 0.5443539 0.8366699 -0.9973943 0 0.07214226
Epiblast Notochord 0 0 0 0.1702745 0.004717353 -0.03431653 0.01693172 0.9992676 -0.9994109 0 -0.03432145
Epiblast Somitic.mesoderm 0 0 0 0.1702745 0.0901842 -0.03431653 0.01693172 0.9992676 -0.9994109 0 -0.03432145
Epiblast Caudal.Mesoderm 0 0 0 0.1702745 0.03694258 -0.03431653 0.01693172 0.9992676 -0.9994109 0 -0.03432145
Epiblast Erythroid1 0 0 0 0.1772458 0.03243816 -0.4273793 0.3123837 0.8483887 -0.8930821 0 -0.4498938
Epiblast Def..endoderm 0.005983048 0.04128219 0.07477534 0.1449305 0.08001366 0.3555141 0.9314613 -0.07739252 0.21271 0 0.9771154
Epiblast Parietal.endoderm 0.001133284 0.007252619 0.1457814 0.1562586 0.007773858 0.5212047 0.6638112 -0.536377 0.7171773 0 0.6968908
Epiblast Allantois 0 0 0 0.167616 0.06447578 0.3215272 0.05887337 0.9450684 -0.9467105 0 0.3220858
Epiblast Anterior.Primitive.Streak 0 0 0 0.1702745 0.05350759 -0.03431653 0.01693172 0.9992676 -0.9994109 0 -0.03432145
Epiblast Endothelium 0 0 0 0.1505054 0.01893768 0.7145532 0.1112808 0.6906738 -0.6949904 0 0.719019
Epiblast Forebrain/Midbrain/Hindbrain 0.0007355664 0.004397379 0.006568894 0.1672738 0.1119772 -0.003033328 0.2775952 0.9606934 -0.9999951 0 -0.00315742
Epiblast Spinal.cord 0 0 0 0.1702745 0.0565397 -0.03431653 0.01693172 0.9992676 -0.9994109 0 -0.03432145
Epiblast Cardiomyocytes 0 0 0 0.1702745 0.02436399 -0.03431653 0.01693172 0.9992676 -0.9994109 0 -0.03432145
Epiblast Erythroid2 0 0 0 0.1779202 0.02025281 -0.5025711 0.1449677 0.8522949 -0.8613943 0 -0.5079368
Epiblast NMP 0 0 0 0.1702745 0.04527754 -0.03431653 0.01693172 0.9992676 -0.9994109 0 -0.03432145
Epiblast Erythroid3 0 0 0 0.1765493 0.02456083 -0.6017814 0.1010978 0.7922363 -0.7963163 0 -0.6048805
Epiblast Neural.crest 0 0 0 0.1702745 0.01598593 -0.03431653 0.01693172 0.9992676 -0.9994109 0 -0.03432145
Primitive.Streak ExE.ectoderm 0 0 0 0.1621469 0.09943843 -0.03431653 0.01693172 0.9992676 -0.9994109 0 -0.03432145
Primitive.Streak Visceral.endoderm 0 0 0 0.1613339 0.03120268 0.1493689 0.02250491 0.9885254 -0.9887758 0 0.1494068
Primitive.Streak ExE.endoderm 0 0 0 0.1525196 0.08690564 0.4518901 0.03573929 0.8913574 -0.8919272 0 0.452179
Primitive.Streak Nascent.mesoderm 0.03621675 0.2270804 0.4614497 0.1594886 0.07848474 0.132208 0.9148272 -0.3815918 0.9448953 0 0.3273726
Primitive.Streak Rostral.neurectoderm 0.09091588 0.7354259 0.5152541 0.1236234 0.1764486 -0.6965885 0.6066565 0.3830566 -0.481854 0 -0.8762515
Primitive.Streak Blood.progenitors.2 0 0 0 0.1621469 0.03439856 -0.03431653 0.01693172 0.9992676 -0.9994109 0 -0.03432145
Primitive.Streak Mixed.mesoderm 0.001575529 0.01155724 0.02639479 0.136324 0.05969091 -0.2188033 0.9074693 0.3586426 -0.8536705 0 -0.5208135
Primitive.Streak ExE.mesoderm 0 0 0 0.1579278 0.06673533 0.1254137 0.1091319 0.986084 -0.992009 0 0.1261673
Primitive.Streak Intermediate.mesoderm 0.0009726614 0.006322442 0.009907051 0.1538427 0.09817871 0.03808563 0.3085682 0.9504395 -0.9991981 0 0.04003947
Primitive.Streak Pharyngeal.mesoderm 0.001714511 0.01143763 0.02912531 0.1499009 0.05886671 0.2898928 0.9568548 0.01977537 -0.06805798 0 0.9976814
Primitive.Streak Caudal.epiblast 0.02637059 0.1944464 0.3028182 0.1356188 0.08708392 -0.2041099 0.7009797 0.6833496 -0.958171 0 -0.2861964
Primitive.Streak PGC 0.004959049 0.03182074 0.3284375 0.1558433 0.01509891 0.1710274 0.1756515 0.9694824 -0.9847935 0 0.1737285
Primitive.Streak Mesenchyme 0 0 0 0.1502242 0.109824 0.3880356 0.5891652 0.7087402 -0.87714 0 0.4802346
Primitive.Streak Haematoendothelial.progenitors 0.0354643 0.2375383 0.3190953 0.1492993 0.1111402 0.3723862 0.7584178 0.5349121 -0.8207085 0 0.5713472
Primitive.Streak Blood.progenitors.1 0 0 0 0.1238933 0.0295076 -0.5901289 0.311307 0.744873 -0.7838216 0 -0.620986
Primitive.Streak Surface.ectoderm 0.04068964 0.2886738 0.2505253 0.1409537 0.1624173 0.1104578 0.876528 0.4685058 -0.9733146 0 0.2294746
Primitive.Streak Gut 0.0008982561 0.005874097 0.02567468 0.1529181 0.03498607 -0.02841646 0.9726068 -0.2307129 0.9925001 0 -0.1222443
Primitive.Streak Paraxial.mesoderm 0 0 0 0.1586345 0.1246981 0.0169663 0.1090042 0.9938965 -0.9998543 0 0.017068
Primitive.Streak Caudal.neurectoderm 0.01363463 0.08732983 0.2062313 0.156128 0.06611331 0.3138741 0.001797928 -0.9494629 0.9494644 0 0.3138746
Primitive.Streak Notochord 0 0 0 0.1621469 0.004717353 -0.03431653 0.01693172 0.9992676 -0.9994109 0 -0.03432145
Primitive.Streak Somitic.mesoderm 0 0 0 0.1621469 0.0901842 -0.03431653 0.01693172 0.9992676 -0.9994109 0 -0.03432145
Primitive.Streak Caudal.Mesoderm 0.00120026 0.007109901 0.02930772 0.1688153 0.04095373 0.1006832 0.7267872 -0.6794434 0.9891982 0 0.1465842
Primitive.Streak Erythroid1 0 0 0 0.1548592 0.03344001 0.05196001 0.2492626 0.967041 -0.9985596 0 0.05365353
Primitive.Streak Def..endoderm 0.03032265 0.2012723 0.4117915 0.1506548 0.07363593 0.7364487 0.6442702 0.2062989 -0.2697429 0 0.9629323
Primitive.Streak Parietal.endoderm 0.001083665 0.007460934 0.2659724 0.1452453 0.004074352 0.8093088 0.3078557 0.5002441 -0.5257797 0 0.8506208
Primitive.Streak Allantois 0 0 0 0.152747 0.06285365 0.5238841 0.6577106 0.5412598 -0.7185462 0 0.6954792
Primitive.Streak Anterior.Primitive.Streak 0.01423916 0.09369726 1 0.1519699 0.01423916 0.4417521 0.8955715 0.05297857 -0.119075 0 0.9928852
Primitive.Streak Endothelium 0 0 0 0.12818 0.01654714 -0.8348989 0.05034843 0.5480957 -0.5487917 0 -0.8359591
Primitive.Streak Forebrain/Midbrain/Hindbrain 0.01013344 0.06742462 0.0910529 0.1502928 0.1112917 -0.5025507 0.4764175 -0.7214355 0.8205411 0 -0.5715876
Primitive.Streak Spinal.cord 0 0 0 0.1523801 0.05661977 -0.3573058 0.0458512 0.9328613 -0.9338435 0 -0.357682
Primitive.Streak Cardiomyocytes 0 0 0 0.1621469 0.02436399 -0.03431653 0.01693172 0.9992676 -0.9994109 0 -0.03432145
Primitive.Streak Erythroid2 0 0 0 0.1569732 0.01972256 -0.2801453 0.02150143 0.9597168 -0.9599388 0 -0.28021
Primitive.Streak NMP 0 0 0 0.1621469 0.04527754 -0.03431653 0.01693172 0.9992676 -0.9994109 0 -0.03432145
Primitive.Streak Erythroid3 0 0 0 0.1493383 0.03001132 -0.3726342 0.09969591 0.9226074 -0.9272269 0 -0.3745
Primitive.Streak Neural.crest 0 0 0 0.1621469 0.01598593 -0.03431653 0.01693172 0.9992676 -0.9994109 0 -0.03432145
ExE.ectoderm Visceral.endoderm 0 0 0 0.09943843 0.02937162 -0.03431653 0.01693172 0.9992676 -0.9994109 0 -0.03432145
ExE.ectoderm ExE.endoderm 0 0 0 0.09943843 0.09549287 -0.03431653 0.01693172 0.9992676 -0.9994109 0 -0.03432145
ExE.ectoderm Nascent.mesoderm 0 0 0 0.09943843 0.1083542 -0.03431653 0.01693172 0.9992676 -0.9994109 0 -0.03432145
ExE.ectoderm Rostral.neurectoderm 0 0 0 0.09943843 0.2164653 -0.03431653 0.01693172 0.9992676 -0.9994109 0 -0.03432145
ExE.ectoderm Blood.progenitors.2 0 0 0 0.09943843 0.03439856 -0.03431653 0.01693172 0.9992676 -0.9994109 0 -0.03432145
ExE.ectoderm Mixed.mesoderm 0 0 0 0.09943843 0.07244039 -0.03431653 0.01693172 0.9992676 -0.9994109 0 -0.03432145
ExE.ectoderm ExE.mesoderm 0 0 0 0.09943843 0.06718439 -0.03431653 0.01693172 0.9992676 -0.9994109 0 -0.03432145
ExE.ectoderm Intermediate.mesoderm 0.0003406651 0.00508144 0.003212628 0.06704105 0.1060394 -0.2887 0.9009399 -0.3239746 0.746582 0 -0.6652935
ExE.ectoderm Pharyngeal.mesoderm 0 0 0 0.097078 0.125605 -0.1153257 0.02846082 0.9929199 -0.9933223 0 -0.1153724
ExE.ectoderm Caudal.epiblast 0 0 0 0.09943843 0.1026354 -0.03431653 0.01693172 0.9992676 -0.9994109 0 -0.03432145
ExE.ectoderm PGC 0 0 0 0.09943843 0.01621222 -0.03431653 0.01693172 0.9992676 -0.9994109 0 -0.03432145
ExE.ectoderm Mesenchyme 0 0 0 0.097078 0.1194033 -0.1153257 0.02846082 0.9929199 -0.9933223 0 -0.1153724
ExE.ectoderm Haematoendothelial.progenitors 0 0 0 0.09943843 0.1516838 -0.03431653 0.01693172 0.9992676 -0.9994109 0 -0.03432145
ExE.ectoderm Blood.progenitors.1 0 0 0 0.09943843 0.03631695 -0.03431653 0.01693172 0.9992676 -0.9994109 0 -0.03432145
ExE.ectoderm Surface.ectoderm 0 0 0 0.09943843 0.1388116 -0.03431653 0.01693172 0.9992676 -0.9994109 0 -0.03432145
ExE.ectoderm Gut 0 0 0 0.09943843 0.09657712 -0.03431653 0.01693172 0.9992676 -0.9994109 0 -0.03432145
ExE.ectoderm Paraxial.mesoderm 0.0006428631 0.009426426 0.01154247 0.06819797 0.05569547 -0.3415917 0.8309095 0.439209 -0.7893655 0 -0.6139235
ExE.ectoderm Caudal.neurectoderm 0.0001220557 0.001299231 0.001950383 0.09394454 0.06258036 0.1198601 0.5180286 -0.8469238 0.9901335 0 0.1401277
ExE.ectoderm Notochord 0 0 0 0.09943843 0.004717353 -0.03431653 0.01693172 0.9992676 -0.9994109 0 -0.03432145
ExE.ectoderm Somitic.mesoderm 0.0007868919 0.01037661 0.01002633 0.07583324 0.07848254 -0.5031364 0.4713266 0.7243652 -0.8213142 0 -0.5704761
ExE.ectoderm Caudal.Mesoderm 0 0 0 0.09943843 0.03694258 -0.03431653 0.01693172 0.9992676 -0.9994109 0 -0.03432145
ExE.ectoderm Erythroid1 0 0 0 0.09943843 0.0370214 -0.03431653 0.01693172 0.9992676 -0.9994109 0 -0.03432145
ExE.ectoderm Def..endoderm 0 0 0 0.09943843 0.1572905 -0.03431653 0.01693172 0.9992676 -0.9994109 0 -0.03432145
ExE.ectoderm Parietal.endoderm 0 0 0 0.09943843 0.02016668 -0.03431653 0.01693172 0.9992676 -0.9994109 0 -0.03432145
ExE.ectoderm Allantois 0 0 0 0.09943843 0.06759103 -0.03431653 0.01693172 0.9992676 -0.9994109 0 -0.03432145
ExE.ectoderm Anterior.Primitive.Streak 0 0 0 0.09943843 0.05350759 -0.03431653 0.01693172 0.9992676 -0.9994109 0 -0.03432145
ExE.ectoderm Endothelium 0 0 0 0.09943843 0.02309445 -0.03431653 0.01693172 0.9992676 -0.9994109 0 -0.03432145
ExE.ectoderm Forebrain/Midbrain/Hindbrain 0 0 0 0.09943843 0.1182891 -0.03431653 0.01693172 0.9992676 -0.9994109 0 -0.03432145
ExE.ectoderm Spinal.cord 0 0 0 0.1032287 0.05704755 0.05644158 0.06422738 0.9963379 -0.9983993 0 0.05655836
ExE.ectoderm Cardiomyocytes 0.004957472 0.05673461 0.2244743 0.08738003 0.02208481 -0.372568 0.2177368 0.9020996 -0.9242753 0 -0.3817266
ExE.ectoderm Erythroid2 0 0 0 0.09943843 0.02113886 -0.03431653 0.01693172 0.9992676 -0.9994109 0 -0.03432145
ExE.ectoderm NMP 0 0 0 0.09943843 0.04527754 -0.03431653 0.01693172 0.9992676 -0.9994109 0 -0.03432145
ExE.ectoderm Erythroid3 0 0 0 0.09943843 0.03595774 -0.03431653 0.01693172 0.9992676 -0.9994109 0 -0.03432145
ExE.ectoderm Neural.crest 0 0 0 0.09943843 0.01598593 -0.03431653 0.01693172 0.9992676 -0.9994109 0 -0.03432145
Visceral.endoderm ExE.endoderm 0.001693004 0.1263525 0.02190373 0.01339905 0.07729297 0.7594639 0.5133107 -0.3996582 0.465692 0 0.8849469
Visceral.endoderm Nascent.mesoderm 0 0 0 0.02937162 0.1083542 -0.03431653 0.01693172 0.9992676 -0.9994109 0 -0.03432145
Visceral.endoderm Rostral.neurectoderm 0 0 0 0.03025999 0.214873 0.04742682 0.01380628 0.9987793 -0.9988745 0 0.04743133
Visceral.endoderm Blood.progenitors.2 0 0 0 0.02937162 0.03439856 -0.03431653 0.01693172 0.9992676 -0.9994109 0 -0.03432145
Visceral.endoderm Mixed.mesoderm 0 0 0 0.02937162 0.07244039 -0.03431653 0.01693172 0.9992676 -0.9994109 0 -0.03432145
Visceral.endoderm ExE.mesoderm 0 0 0 0.02937162 0.06718439 -0.03431653 0.01693172 0.9992676 -0.9994109 0 -0.03432145
Visceral.endoderm Intermediate.mesoderm 0 0 0 0.02937162 0.09191111 -0.03431653 0.01693172 0.9992676 -0.9994109 0 -0.03432145
Visceral.endoderm Pharyngeal.mesoderm 0 0 0 0.02937162 0.1298429 -0.03431653 0.01693172 0.9992676 -0.9994109 0 -0.03432145
Visceral.endoderm Caudal.epiblast 0 0 0 0.01821357 0.1015933 -0.7248717 0.01499496 0.6887207 -0.6887981 0 -0.7249532
Visceral.endoderm PGC 0 0 0 0.02937162 0.01621222 -0.03431653 0.01693172 0.9992676 -0.9994109 0 -0.03432145
Visceral.endoderm Mesenchyme 0 0 0 0.02937162 0.1186771 -0.03431653 0.01693172 0.9992676 -0.9994109 0 -0.03432145
Visceral.endoderm Haematoendothelial.progenitors 0 0 0 0.02937162 0.1516838 -0.03431653 0.01693172 0.9992676 -0.9994109 0 -0.03432145
Visceral.endoderm Blood.progenitors.1 0 0 0 0.02937162 0.03631695 -0.03431653 0.01693172 0.9992676 -0.9994109 0 -0.03432145
Visceral.endoderm Surface.ectoderm 0 0 0 0.02637458 0.2379769 0.9499839 0.005177998 0.3122559 -0.3122601 0 0.9499967
Visceral.endoderm Gut 0.005794744 0.2725832 0.06645127 0.02125863 0.0872029 0.3513747 0.9099087 0.220459 -0.5314713 0 0.8470763
Visceral.endoderm Paraxial.mesoderm 0 0 0 0.02937162 0.1273147 -0.03431653 0.01693172 0.9992676 -0.9994109 0 -0.03432145
Visceral.endoderm Caudal.neurectoderm 0 0 0 0.02937162 0.08236978 -0.03431653 0.01693172 0.9992676 -0.9994109 0 -0.03432145
Visceral.endoderm Notochord 0 0 0 0.02711994 0.00647889 -0.2932903 0.3933842 0.8713379 -0.9477511 0 -0.3190108
Visceral.endoderm Somitic.mesoderm 0 0 0 0.02937162 0.0901842 -0.03431653 0.01693172 0.9992676 -0.9994109 0 -0.03432145
Visceral.endoderm Caudal.Mesoderm 0 0 0 0.02753487 0.03653382 -0.163272 0.004171492 0.9865723 -0.9865808 0 -0.1632735
Visceral.endoderm Erythroid1 0 0 0 0.02937162 0.0370214 -0.03431653 0.01693172 0.9992676 -0.9994109 0 -0.03432145
Visceral.endoderm Def..endoderm 0.006634062 0.4767181 0.06713778 0.01391611 0.09881265 0.8805333 0.1247418 -0.4572753 0.4608751 0 0.887465
Visceral.endoderm Parietal.endoderm 0 0 0 0.02937162 0.02016668 -0.03431653 0.01693172 0.9992676 -0.9994109 0 -0.03432145
Visceral.endoderm Allantois 0 0 0 0.02937162 0.06759103 -0.03431653 0.01693172 0.9992676 -0.9994109 0 -0.03432145
Visceral.endoderm Anterior.Primitive.Streak 0 0 0 0.0310213 0.05117046 0.1077844 0.05883846 0.9924316 -0.994154 0 0.1079714
Visceral.endoderm Endothelium 0 0 0 0.02937162 0.02309445 -0.03431653 0.01693172 0.9992676 -0.9994109 0 -0.03432145
Visceral.endoderm Forebrain/Midbrain/Hindbrain 0 0 0 0.02937162 0.1182891 -0.03431653 0.01693172 0.9992676 -0.9994109 0 -0.03432145
Visceral.endoderm Spinal.cord 0 0 0 0.02937162 0.0565397 -0.03431653 0.01693172 0.9992676 -0.9994109 0 -0.03432145
Visceral.endoderm Cardiomyocytes 0 0 0 0.02937162 0.02436399 -0.03431653 0.01693172 0.9992676 -0.9994109 0 -0.03432145
Visceral.endoderm Erythroid2 0 0 0 0.02937162 0.02113886 -0.03431653 0.01693172 0.9992676 -0.9994109 0 -0.03432145
Visceral.endoderm NMP 0 0 0 0.02937162 0.04527754 -0.03431653 0.01693172 0.9992676 -0.9994109 0 -0.03432145
Visceral.endoderm Erythroid3 0 0 0 0.02937162 0.03595774 -0.03431653 0.01693172 0.9992676 -0.9994109 0 -0.03432145
Visceral.endoderm Neural.crest 0 0 0 0.02937162 0.01598593 -0.03431653 0.01693172 0.9992676 -0.9994109 0 -0.03432145
ExE.endoderm Nascent.mesoderm 0 0 0 0.0925294 0.1075458 -0.6289607 0.05290691 0.7756348 -0.7767226 0 -0.6298428
ExE.endoderm Rostral.neurectoderm 0 0 0 0.08690564 0.1915476 0.4518901 0.03573929 0.8913574 -0.8919272 0 0.452179
ExE.endoderm Blood.progenitors.2 0 0 0 0.09549287 0.03439856 -0.03431653 0.01693172 0.9992676 -0.9994109 0 -0.03432145
ExE.endoderm Mixed.mesoderm 0 0 0 0.0925294 0.08243512 -0.6289607 0.05290691 0.7756348 -0.7767226 0 -0.6298428
ExE.endoderm ExE.mesoderm 0 0 0 0.08475203 0.04879709 -0.9608328 0.00402823 0.2770996 -0.2771018 0 -0.9608406
ExE.endoderm Intermediate.mesoderm 0 0 0 0.08937124 0.1468517 -0.6510513 0.0009098255 0.7590332 -0.7590335 0 -0.6510516
ExE.endoderm Pharyngeal.mesoderm 0 0 0 0.08420096 0.1395848 0.6076496 0.005010491 0.7941895 -0.7941994 0 0.6076573
ExE.endoderm Caudal.epiblast 0 0 0 0.09493548 0.09981391 -0.5698377 0.06613297 0.8190918 -0.8208889 0 -0.571088
ExE.endoderm PGC 0 0 0 0.08937124 0.03242265 -0.6510513 0.0009098255 0.7590332 -0.7590335 0 -0.6510516
ExE.endoderm Mesenchyme 0 0 0 0.08288582 0.1094506 0.7698446 0.04021977 0.6369629 -0.6374787 0 0.770468
ExE.endoderm Haematoendothelial.progenitors 0 0 0 0.08800304 0.1376996 0.3547372 0.01683701 0.9348145 -0.934947 0 0.3547874
ExE.endoderm Blood.progenitors.1 0 0 0 0.09549287 0.03631695 -0.03431653 0.01693172 0.9992676 -0.9994109 0 -0.03432145
ExE.endoderm Surface.ectoderm 0 0 0 0.08287257 0.1958633 0.732671 0.01490012 0.6804199 -0.6804954 0 0.7327523
ExE.endoderm Gut 0.00202537 0.03160275 0.05818469 0.0640884 0.03480932 -0.03921622 0.9379733 -0.3444824 0.9935824 0 -0.1131104
ExE.endoderm Paraxial.mesoderm 0 0 0 0.09493548 0.1206581 -0.5698377 0.06613297 0.8190918 -0.8208889 0 -0.571088
ExE.endoderm Caudal.neurectoderm 0 0 0 0.09632704 0.06777076 -0.4001794 0.01801315 0.9162598 -0.9164084 0 -0.4002444
ExE.endoderm Notochord 0 0 0 0.09549287 0.004717353 -0.03431653 0.01693172 0.9992676 -0.9994109 0 -0.03432145
ExE.endoderm Somitic.mesoderm 0 0 0 0.09632704 0.08579198 -0.4001794 0.01801315 0.9162598 -0.9164084 0 -0.4002444
ExE.endoderm Caudal.Mesoderm 0 0 0 0.09206975 0.04235885 -0.5963449 0.01955031 0.8024902 -0.8026436 0 -0.5964589
ExE.endoderm Erythroid1 0 0 0 0.09549287 0.0370214 -0.03431653 0.01693172 0.9992676 -0.9994109 0 -0.03432145
ExE.endoderm Def..endoderm 0 0 0 0.1054315 0.08777223 -0.5310066 0.6611362 0.5300292 -0.7064551 0 -0.7077578
ExE.endoderm Parietal.endoderm 0 0 0 0.08584032 0.007546021 0.569857 0.03388599 0.8210449 -0.8215167 0 0.5701845
ExE.endoderm Allantois 0 0 0 0.08151507 0.05076654 0.7923183 0.0008303243 0.6101074 -0.6101077 0 0.7923186
ExE.endoderm Anterior.Primitive.Streak 0 0 0 0.09076365 0.04725333 0.3215272 0.05887337 0.9450684 -0.9467105 0 0.3220858
ExE.endoderm Endothelium 0 0 0 0.0942452 0.02310933 0.04742682 0.01380628 0.9987793 -0.9988745 0 0.04743133
ExE.endoderm Forebrain/Midbrain/Hindbrain 0 0 0 0.08850726 0.119703 0.3927413 0.05137501 0.9182129 -0.919427 0 0.3932606
ExE.endoderm Spinal.cord 0 0 0 0.09605071 0.05731491 -0.163272 0.004171492 0.9865723 -0.9865808 0 -0.1632735
ExE.endoderm Cardiomyocytes 0 0 0 0.09549287 0.02436399 -0.03431653 0.01693172 0.9992676 -0.9994109 0 -0.03432145
ExE.endoderm Erythroid2 0 0 0 0.09549287 0.02113886 -0.03431653 0.01693172 0.9992676 -0.9994109 0 -0.03432145
ExE.endoderm NMP 0 0 0 0.09632704 0.06497336 -0.4001794 0.01801315 0.9162598 -0.9164084 0 -0.4002444
ExE.endoderm Erythroid3 0 0 0 0.09549287 0.03595774 -0.03431653 0.01693172 0.9992676 -0.9994109 0 -0.03432145
ExE.endoderm Neural.crest 0 0 0 0.09549287 0.01598593 -0.03431653 0.01693172 0.9992676 -0.9994109 0 -0.03432145
Nascent.mesoderm Rostral.neurectoderm 0.0331562 0.4160486 0.1702769 0.0796931 0.1947194 0.1642103 0.9266605 -0.3381348 0.8995359 0 0.4368468
Nascent.mesoderm Blood.progenitors.2 0 0 0 0.1083542 0.03439856 -0.03431653 0.01693172 0.9992676 -0.9994109 0 -0.03432145
Nascent.mesoderm Mixed.mesoderm 0.04258554 0.3788795 0.5872086 0.1123986 0.072522 0.3433329 0.6792162 0.6486816 -0.8838369 0 0.4677953
Nascent.mesoderm ExE.mesoderm 0.005906155 0.05153118 0.1106573 0.1146132 0.0533734 -0.3772974 0.925106 -0.04272464 0.1125195 0 -0.9936495
Nascent.mesoderm Intermediate.mesoderm 0.04793558 0.6419669 0.3895412 0.07466986 0.1230565 0.1957683 0.6971316 -0.6896973 0.9619971 0 0.2730598
Nascent.mesoderm Pharyngeal.mesoderm 0.0269749 0.2810347 0.4582369 0.09598423 0.05886671 0.2898928 0.9568548 0.01977537 -0.06805798 0 0.9976814
Nascent.mesoderm Caudal.epiblast 0.03585204 0.3626094 0.329257 0.09887235 0.1088877 0.599965 0.7998689 0.01586915 -0.02644087 0 0.9996504
Nascent.mesoderm PGC 0.007638594 0.06948129 0.5272927 0.1099374 0.01448644 -0.04178947 0.1348071 -0.9899902 0.9991103 0 -0.04217444
Nascent.mesoderm Mesenchyme 0.002502191 0.02124083 0.01900917 0.117801 0.1316307 -0.9458757 0.303102 0.1159668 -0.1216914 0 -0.992568
Nascent.mesoderm Haematoendothelial.progenitors 0.02291095 0.311278 0.2240564 0.07360287 0.1022553 0.1544363 0.8387128 -0.5222167 0.9589454 0 0.283591
Nascent.mesoderm Blood.progenitors.1 0 0 0 0.1083542 0.03631695 -0.03431653 0.01693172 0.9992676 -0.9994109 0 -0.03432145
Nascent.mesoderm Surface.ectoderm 0.04665192 0.3813651 0.1679296 0.1223288 0.2778065 0.9661046 0.2355135 -0.1057129 0.1087726 0 0.9940667
Nascent.mesoderm Gut 0.0001896268 0.00257223 0.003618716 0.07372078 0.05240167 0.2282016 0.7282153 -0.6462402 0.9429368 0 0.3329717
Nascent.mesoderm Paraxial.mesoderm 0.01011084 0.07926068 0.1142428 0.1275644 0.08850315 -0.9832707 0.151371 -0.1013184 0.1024995 0 -0.9947331
Nascent.mesoderm Caudal.neurectoderm 0.02565988 0.2975587 0.3544751 0.08623468 0.07238838 0.6186911 0.6247737 -0.4763183 0.6100342 0 0.7923751
Nascent.mesoderm Notochord 0 0 0 0.1083542 0.004717353 -0.03431653 0.01693172 0.9992676 -0.9994109 0 -0.03432145
Nascent.mesoderm Somitic.mesoderm 0.02082958 0.2034024 0.4187289 0.1024058 0.04974478 0.02583054 0.9988544 0.04028323 -0.8418035 0 0.5397841
Nascent.mesoderm Caudal.Mesoderm 0.008622793 0.1043791 0.1749608 0.08261032 0.04928415 0.6341189 0.4522354 -0.6271971 0.7032158 0 0.7109765
Nascent.mesoderm Erythroid1 0 0 0 0.1083542 0.0370214 -0.03431653 0.01693172 0.9992676 -0.9994109 0 -0.03432145
Nascent.mesoderm Def..endoderm 0.03743741 0.3201717 0.5084123 0.1169292 0.07363593 0.7364487 0.6442702 0.2062989 -0.2697429 0 0.9629323
Nascent.mesoderm Parietal.endoderm 0.002106371 0.01642233 1 0.1282626 0.002106371 0.8619642 0.4375255 0.2561036 -0.2848108 0 0.9585837
Nascent.mesoderm Allantois 0 0 0 0.1022143 0.06314144 -0.5321614 0.03431349 0.8459473 -0.8464457 0 -0.532475
Nascent.mesoderm Anterior.Primitive.Streak 0.01298608 0.135103 0.9063436 0.09611981 0.01432799 0.4874801 0.8727432 0.02612301 -0.05351108 0 0.9985673
Nascent.mesoderm Endothelium 0 0 0 0.1083542 0.02309445 -0.03431653 0.01693172 0.9992676 -0.9994109 0 -0.03432145
Nascent.mesoderm Forebrain/Midbrain/Hindbrain 0.02133403 0.2015693 0.1991858 0.1058397 0.1071062 -0.3489498 0.670202 -0.6550293 0.8825762 0 -0.4701695
Nascent.mesoderm Spinal.cord 0 0 0 0.1133992 0.06127422 -0.9203315 0.01453558 0.3908691 -0.3909104 0 -0.9204288
Nascent.mesoderm Cardiomyocytes 0 0 0 0.1083542 0.02436399 -0.03431653 0.01693172 0.9992676 -0.9994109 0 -0.03432145
Nascent.mesoderm Erythroid2 0 0 0 0.1083542 0.02113886 -0.03431653 0.01693172 0.9992676 -0.9994109 0 -0.03432145
Nascent.mesoderm NMP 0.002517573 0.02372611 0.06942427 0.1061098 0.03626358 -0.1056552 0.398897 0.9108887 -0.9933401 0 -0.1152189
Nascent.mesoderm Erythroid3 0 0 0 0.1083542 0.03595774 -0.03431653 0.01693172 0.9992676 -0.9994109 0 -0.03432145
Nascent.mesoderm Neural.crest 0 0 0 0.1022368 0.01464511 -0.163272 0.004171492 0.9865723 -0.9865808 0 -0.1632735
Rostral.neurectoderm Blood.progenitors.2 0 0 0 0.2164653 0.03439856 -0.03431653 0.01693172 0.9992676 -0.9994109 0 -0.03432145
Rostral.neurectoderm Mixed.mesoderm 0.005040589 0.03072433 0.0832476 0.1640586 0.06054936 0.01770441 0.9743443 0.2243652 -0.9969012 0 0.07866436
Rostral.neurectoderm ExE.mesoderm 0 0 0 0.1891641 0.06060225 0.5024322 0.0140817 0.864502 -0.8645877 0 0.502482
Rostral.neurectoderm Intermediate.mesoderm 0.006047083 0.03303207 0.05219594 0.183067 0.1158535 -0.078585 0.9758415 -0.2038574 0.9330719 0 -0.3596899
Rostral.neurectoderm Pharyngeal.mesoderm 0.002485298 0.01441543 0.04221907 0.1724054 0.05886671 0.2898928 0.9568548 0.01977537 -0.06805798 0 0.9976814
Rostral.neurectoderm Caudal.epiblast 0.04546331 0.2851004 0.4572408 0.1594642 0.0994297 0.2035234 0.9316448 0.3010254 -0.8284257 0 0.5600989
Rostral.neurectoderm PGC 0.003167493 0.01461843 0.1750109 0.2166781 0.01809883 -0.3493206 0.6245735 -0.6984863 0.8943875 0 -0.4472929
Rostral.neurectoderm Mesenchyme 0 0 0 0.1823592 0.1076498 0.569857 0.03388599 0.8210449 -0.8215167 0 0.5701845
Rostral.neurectoderm Haematoendothelial.progenitors 0.04454475 0.2841784 0.4007979 0.1567492 0.1111402 0.3723862 0.7584178 0.5349121 -0.8207085 0 0.5713472
Rostral.neurectoderm Blood.progenitors.1 0 0 0 0.2025036 0.02913517 -0.4898732 0.3348274 0.8049316 -0.8542387 0 -0.519881
Rostral.neurectoderm Surface.ectoderm 0.05820795 0.3564663 0.3450073 0.1632916 0.1687151 0.2476928 0.8288163 0.5017089 -0.896676 0 0.4426873
Rostral.neurectoderm Gut 0.002511081 0.01370502 0.06931857 0.1832235 0.03622523 0.05252966 0.9753958 -0.2141113 0.9711985 0 0.238272
Rostral.neurectoderm Paraxial.mesoderm 0 0 0 0.1687406 0.1149949 0.5642032 0.2114663 0.7980957 -0.816562 0 0.5772578
Rostral.neurectoderm Caudal.neurectoderm 0.05214458 0.3319992 0.4964762 0.1570624 0.1050294 0.3587441 0.7935835 0.491455 -0.8077012 0 0.5895922
Rostral.neurectoderm Notochord 0 0 0 0.2164653 0.004717353 -0.03431653 0.01693172 0.9992676 -0.9994109 0 -0.03432145
Rostral.neurectoderm Somitic.mesoderm 0 0 0 0.2043154 0.1155542 0.2728818 0.02695352 0.9616699 -0.9620194 0 0.272981
Rostral.neurectoderm Caudal.Mesoderm 0 0 0 0.1828517 0.04799218 0.6076496 0.005010491 0.7941895 -0.7941994 0 0.6076573
Rostral.neurectoderm Erythroid1 0 0 0 0.2141638 0.03629667 -0.06643912 0.06958211 0.9953613 -0.9977797 0 -0.06660055
Rostral.neurectoderm Def..endoderm 0.02134881 0.1403097 0.2958413 0.1521549 0.07216305 0.6988637 0.6761867 0.2331543 -0.3164718 0 0.9486019
Rostral.neurectoderm Parietal.endoderm 0.002106371 0.0134691 1 0.1563854 0.002106371 0.8619642 0.4375255 0.2561036 -0.2848108 0 0.9585837
Rostral.neurectoderm Allantois 0 0 0 0.1786638 0.05434917 0.6600751 0.02648859 0.7507324 -0.750996 0 0.6603068
Rostral.neurectoderm Anterior.Primitive.Streak 0.01423916 0.0834915 1 0.1705462 0.01423916 0.4417521 0.8955715 0.05297857 -0.119075 0 0.9928852
Rostral.neurectoderm Endothelium 0 0 0 0.2161704 0.0191246 -0.7050791 0.0733761 0.7053223 -0.7072287 0 -0.7069848
Rostral.neurectoderm Forebrain/Midbrain/Hindbrain 0.06478008 0.3867378 0.4381023 0.1675039 0.1478652 -0.4030093 0.8706718 0.2819825 -0.573293 0 -0.8193504
Rostral.neurectoderm Spinal.cord 0.008065738 0.04972615 0.113208 0.1622031 0.07124703 0.6838235 0.2026961 0.7009277 -0.7157863 0 0.6983194
Rostral.neurectoderm Cardiomyocytes 0 0 0 0.2164653 0.02436399 -0.03431653 0.01693172 0.9992676 -0.9994109 0 -0.03432145
Rostral.neurectoderm Erythroid2 0 0 0 0.2080061 0.02020378 -0.1625286 0.1886289 0.9685059 -0.9862099 0 -0.1654996
Rostral.neurectoderm NMP 0.003915729 0.02070103 0.06124132 0.1891563 0.06393933 -0.1373805 0.9468783 -0.2907715 0.9041625 0 -0.4271886
Rostral.neurectoderm Erythroid3 0 0 0 0.2211793 0.03064009 -0.3573058 0.0458512 0.9328613 -0.9338435 0 -0.357682
Rostral.neurectoderm Neural.crest 0 0 0 0.2211793 0.01353098 -0.3573058 0.0458512 0.9328613 -0.9338435 0 -0.357682
Blood.progenitors.2 Mixed.mesoderm 0 0 0 0.03439856 0.07244039 -0.03431653 0.01693172 0.9992676 -0.9994109 0 -0.03432145
Blood.progenitors.2 ExE.mesoderm 0 0 0 0.03439856 0.06718439 -0.03431653 0.01693172 0.9992676 -0.9994109 0 -0.03432145
Blood.progenitors.2 Intermediate.mesoderm 0 0 0 0.03439856 0.09191111 -0.03431653 0.01693172 0.9992676 -0.9994109 0 -0.03432145
Blood.progenitors.2 Pharyngeal.mesoderm 0 0 0 0.03439856 0.1298429 -0.03431653 0.01693172 0.9992676 -0.9994109 0 -0.03432145
Blood.progenitors.2 Caudal.epiblast 0 0 0 0.03439856 0.1026354 -0.03431653 0.01693172 0.9992676 -0.9994109 0 -0.03432145
Blood.progenitors.2 PGC 0 0 0 0.03439856 0.01621222 -0.03431653 0.01693172 0.9992676 -0.9994109 0 -0.03432145
Blood.progenitors.2 Mesenchyme 0 0 0 0.03439856 0.1186771 -0.03431653 0.01693172 0.9992676 -0.9994109 0 -0.03432145
Blood.progenitors.2 Haematoendothelial.progenitors 0.0009379144 0.03142348 0.005869208 0.02984757 0.1598025 0.5417969 0.3967673 -0.7409667 0.8072244 0 0.5902447
Blood.progenitors.2 Blood.progenitors.1 0.003219193 0.1109009 0.1250682 0.02902766 0.02573949 0.5887786 0.3586571 -0.7243652 0.7759924 0 0.6307422
Blood.progenitors.2 Surface.ectoderm 0 0 0 0.03439856 0.1388116 -0.03431653 0.01693172 0.9992676 -0.9994109 0 -0.03432145
Blood.progenitors.2 Gut 0 0 0 0.03439856 0.09657712 -0.03431653 0.01693172 0.9992676 -0.9994109 0 -0.03432145
Blood.progenitors.2 Paraxial.mesoderm 0 0 0 0.03439856 0.1273147 -0.03431653 0.01693172 0.9992676 -0.9994109 0 -0.03432145
Blood.progenitors.2 Caudal.neurectoderm 0 0 0 0.03439856 0.08236978 -0.03431653 0.01693172 0.9992676 -0.9994109 0 -0.03432145
Blood.progenitors.2 Notochord 0 0 0 0.03439856 0.004717353 -0.03431653 0.01693172 0.9992676 -0.9994109 0 -0.03432145
Blood.progenitors.2 Somitic.mesoderm 0 0 0 0.03439856 0.0901842 -0.03431653 0.01693172 0.9992676 -0.9994109 0 -0.03432145
Blood.progenitors.2 Caudal.Mesoderm 0 0 0 0.03439856 0.03694258 -0.03431653 0.01693172 0.9992676 -0.9994109 0 -0.03432145
Blood.progenitors.2 Erythroid1 0.008462687 0.2688466 0.1893761 0.03147776 0.04468719 -0.6147974 0.5773001 -0.5373535 0.6580924 0 -0.7529372
Blood.progenitors.2 Def..endoderm 0 0 0 0.03439856 0.1572905 -0.03431653 0.01693172 0.9992676 -0.9994109 0 -0.03432145
Blood.progenitors.2 Parietal.endoderm 0 0 0 0.03439856 0.02016668 -0.03431653 0.01693172 0.9992676 -0.9994109 0 -0.03432145
Blood.progenitors.2 Allantois 0 0 0 0.03439856 0.06759103 -0.03431653 0.01693172 0.9992676 -0.9994109 0 -0.03432145
Blood.progenitors.2 Anterior.Primitive.Streak 0 0 0 0.03439856 0.05350759 -0.03431653 0.01693172 0.9992676 -0.9994109 0 -0.03432145
Blood.progenitors.2 Endothelium 0 0 0 0.03439856 0.02309445 -0.03431653 0.01693172 0.9992676 -0.9994109 0 -0.03432145
Blood.progenitors.2 Forebrain/Midbrain/Hindbrain 0 0 0 0.03439856 0.1182891 -0.03431653 0.01693172 0.9992676 -0.9994109 0 -0.03432145
Blood.progenitors.2 Spinal.cord 0 0 0 0.03439856 0.0565397 -0.03431653 0.01693172 0.9992676 -0.9994109 0 -0.03432145
Blood.progenitors.2 Cardiomyocytes 0 0 0 0.03439856 0.02436399 -0.03431653 0.01693172 0.9992676 -0.9994109 0 -0.03432145
Blood.progenitors.2 Erythroid2 0 0 0 0.03439856 0.02113886 -0.03431653 0.01693172 0.9992676 -0.9994109 0 -0.03432145
Blood.progenitors.2 NMP 0 0 0 0.03439856 0.04527754 -0.03431653 0.01693172 0.9992676 -0.9994109 0 -0.03432145
Blood.progenitors.2 Erythroid3 0 0 0 0.03439856 0.03595774 -0.03431653 0.01693172 0.9992676 -0.9994109 0 -0.03432145
Blood.progenitors.2 Neural.crest 0 0 0 0.03439856 0.01598593 -0.03431653 0.01693172 0.9992676 -0.9994109 0 -0.03432145
Mixed.mesoderm ExE.mesoderm 0.01105689 0.1878687 0.196548 0.05885437 0.05625543 -0.2588756 0.9514087 -0.166748 0.541511 0 -0.8406937
Mixed.mesoderm Intermediate.mesoderm 0.03952727 0.5918092 0.2848539 0.06679057 0.1387633 0.3079579 0.9500569 -0.05053708 0.1619378 0 0.9868009
Mixed.mesoderm Pharyngeal.mesoderm 0.0347475 0.5917743 0.4410737 0.0587175 0.07877935 -0.1426988 0.915876 0.3752442 -0.9346959 0 -0.3554485
Mixed.mesoderm Caudal.epiblast 0.007582113 0.1271667 0.0855436 0.05962342 0.08863448 -0.1111479 0.9012965 0.4187012 -0.966525 0 -0.2565725
Mixed.mesoderm PGC 0.004968906 0.08104159 0.2536737 0.06131303 0.01958779 -0.4392914 0.6255301 -0.6447753 0.826423 0 -0.5630497
Mixed.mesoderm Mesenchyme 0.008278065 0.1111434 0.1008685 0.07448094 0.08206786 0.5387784 0.8348296 0.1130371 -0.2053321 0 0.9786924
Mixed.mesoderm Haematoendothelial.progenitors 0.02394055 0.3590623 0.2359983 0.06667521 0.1014438 0.08333393 0.8382901 -0.5388184 0.9882505 0 0.1528433
Mixed.mesoderm Blood.progenitors.1 0 0 0 0.07244039 0.03631695 -0.03431653 0.01693172 0.9992676 -0.9994109 0 -0.03432145
Mixed.mesoderm Surface.ectoderm 0.02999712 0.4863791 0.2226007 0.06167436 0.1347576 -0.3493206 0.6245735 -0.6984863 0.8943875 0 -0.4472929
Mixed.mesoderm Gut 0.002068951 0.0347408 0.05070768 0.05955393 0.04080154 -0.1871152 0.9462221 -0.263916 0.8157697 0 -0.5783769
Mixed.mesoderm Paraxial.mesoderm 0.02217949 0.2918014 0.328901 0.07600886 0.06743515 -0.7617314 0.6072611 0.2258301 -0.284241 0 -0.9587529
Mixed.mesoderm Caudal.neurectoderm 0.01547751 0.1976634 0.2138121 0.07830237 0.07238838 0.6186911 0.6247737 -0.4763183 0.6100342 0 0.7923751
Mixed.mesoderm Notochord 0 0 0 0.07244039 0.004717353 -0.03431653 0.01693172 0.9992676 -0.9994109 0 -0.03432145
Mixed.mesoderm Somitic.mesoderm 0.0132192 0.2112173 0.261619 0.06258575 0.05052843 0.04510467 0.9985309 -0.03002935 0.5541835 0 0.8323945
Mixed.mesoderm Caudal.Mesoderm 0.004630175 0.06624339 0.132719 0.06989641 0.03488707 0.3325373 0.384647 -0.861084 0.9328543 0 0.3602539
Mixed.mesoderm Erythroid1 0 0 0 0.07244039 0.0370214 -0.03431653 0.01693172 0.9992676 -0.9994109 0 -0.03432145
Mixed.mesoderm Def..endoderm 0.007616594 0.1189935 0.09366329 0.0640085 0.08131889 0.01966367 0.852586 0.5222169 -0.9992918 0 0.03762755
Mixed.mesoderm Parietal.endoderm 0 0 0 0.06465845 0.03944464 0.06440443 0.8662963 0.4953614 -0.9916537 0 0.1289299
Mixed.mesoderm Allantois 0 0 0 0.08630522 0.05127162 -0.9293076 0.06230199 0.3640136 -0.3647222 0 -0.9311164
Mixed.mesoderm Anterior.Primitive.Streak 0.0008896258 0.01218452 0.05760885 0.0730128 0.01544252 0.4936848 0.8583153 0.1398926 -0.27263 0 0.962119
Mixed.mesoderm Endothelium 0 0 0 0.07244039 0.02309445 -0.03431653 0.01693172 0.9992676 -0.9994109 0 -0.03432145
Mixed.mesoderm Forebrain/Midbrain/Hindbrain 0.008326578 0.1321446 0.07869355 0.06301112 0.1058102 -0.4264718 0.5317447 -0.7316894 0.8639572 0 -0.5035653
Mixed.mesoderm Spinal.cord 0 0 0 0.0846156 0.05671979 -0.723532 0.2552686 0.6413574 -0.6633335 0 -0.7483239
Mixed.mesoderm Cardiomyocytes 0 0 0 0.07244039 0.02436399 -0.03431653 0.01693172 0.9992676 -0.9994109 0 -0.03432145
Mixed.mesoderm Erythroid2 0 0 0 0.07244039 0.02113886 -0.03431653 0.01693172 0.9992676 -0.9994109 0 -0.03432145
Mixed.mesoderm NMP 0.0003687344 0.005240771 0.009928068 0.07035881 0.0371406 -0.06731362 0.2910209 0.9543457 -0.9975217 0 -0.07035898
Mixed.mesoderm Erythroid3 0 0 0 0.07244039 0.03595774 -0.03431653 0.01693172 0.9992676 -0.9994109 0 -0.03432145
Mixed.mesoderm Neural.crest 0 0 0 0.07237257 0.01464511 -0.163272 0.004171492 0.9865723 -0.9865808 0 -0.1632735
ExE.mesoderm Intermediate.mesoderm 0.01940564 0.3151841 0.1265444 0.06156923 0.1533504 0.5686203 0.7057434 -0.4226075 0.5965095 0 0.8026061
ExE.mesoderm Pharyngeal.mesoderm 0.01465225 0.2357561 0.2033604 0.06215003 0.07205065 0.3641683 0.7568563 -0.5427247 0.8303857 0 0.5571889
ExE.mesoderm Caudal.epiblast 0 0 0 0.06494617 0.09683302 -0.0542891 0.4311725 0.9006348 -0.9981881 0 -0.06016949
ExE.mesoderm PGC 0.0003275432 0.005196011 0.0167111 0.06303745 0.01960034 0.3927413 0.05137501 0.9182129 -0.919427 0 0.3932606
ExE.mesoderm Mesenchyme 0.01656353 0.2898826 0.1511059 0.05713875 0.1096154 -0.2088478 0.9585929 -0.1936035 0.679835 0 -0.7333651
ExE.mesoderm Haematoendothelial.progenitors 0.008784484 0.1369215 0.07001935 0.0641571 0.125458 0.6525959 0.6015647 0.4606934 -0.5767145 0 0.8169457
ExE.mesoderm Blood.progenitors.1 0 0 0 0.06718439 0.03631695 -0.03431653 0.01693172 0.9992676 -0.9994109 0 -0.03432145
ExE.mesoderm Surface.ectoderm 0.02430825 0.436696 0.1241083 0.05566402 0.1958633 0.732671 0.01490012 0.6804199 -0.6804954 0 0.7327523
ExE.mesoderm Gut 0.01106198 0.1977694 0.1352899 0.0559337 0.08176496 -0.4128125 0.6272617 0.6604004 -0.8479624 0 -0.5300564
ExE.mesoderm Paraxial.mesoderm 0.007122406 0.1427741 0.06936368 0.04988585 0.1026821 0.9312129 0.1218449 -0.3435059 0.3460845 0 0.9382033
ExE.mesoderm Caudal.neurectoderm 0 0 0 0.05078556 0.08882143 -0.7248717 0.01499496 0.6887207 -0.6887981 0 -0.7249532
ExE.mesoderm Notochord 0 0 0 0.06718439 0.004717353 -0.03431653 0.01693172 0.9992676 -0.9994109 0 -0.03432145
ExE.mesoderm Somitic.mesoderm 0.003132642 0.0637095 0.03057933 0.04917073 0.1024431 0.7585518 0.001375867 -0.6516113 0.6516119 0 0.7585525
ExE.mesoderm Caudal.Mesoderm 0 0 0 0.06711647 0.04111689 0.0169663 0.1090042 0.9938965 -0.9998543 0 0.017068
ExE.mesoderm Erythroid1 0 0 0 0.06718439 0.0370214 -0.03431653 0.01693172 0.9992676 -0.9994109 0 -0.03432145
ExE.mesoderm Def..endoderm 0 0 0 0.05904839 0.1190208 -0.3483714 0.486822 0.8010254 -0.9170284 0 -0.3988219
ExE.mesoderm Parietal.endoderm 0 0 0 0.06696316 0.02327208 -0.0522557 0.1195248 0.9914551 -0.9986139 0 -0.05263302
ExE.mesoderm Allantois 0.01430102 0.3052469 0.2518269 0.04685066 0.05678908 -0.8127963 0.4443563 0.376709 -0.4205045 0 -0.9072904
ExE.mesoderm Anterior.Primitive.Streak 0 0 0 0.06220243 0.04448225 0.4782434 0.0780088 0.8747559 -0.8774297 0 0.4797053
ExE.mesoderm Endothelium 0 0 0 0.06718439 0.02309445 -0.03431653 0.01693172 0.9992676 -0.9994109 0 -0.03432145
ExE.mesoderm Forebrain/Midbrain/Hindbrain 0 0 0 0.06078744 0.135593 0.5880368 0.08416376 0.8044434 -0.8073078 0 0.5901307
ExE.mesoderm Spinal.cord 0 0 0 0.06227692 0.05581266 -0.4550163 0.0438203 0.8894043 -0.8902594 0 -0.4554538
ExE.mesoderm Cardiomyocytes 0 0 0 0.06718439 0.02436399 -0.03431653 0.01693172 0.9992676 -0.9994109 0 -0.03432145
ExE.mesoderm Erythroid2 0 0 0 0.06718439 0.02113886 -0.03431653 0.01693172 0.9992676 -0.9994109 0 -0.03432145
ExE.mesoderm NMP 0 0 0 0.06649477 0.04169745 -0.105826 0.196116 0.9748535 -0.9941594 0 -0.1079217
ExE.mesoderm Erythroid3 0 0 0 0.06718439 0.03595774 -0.03431653 0.01693172 0.9992676 -0.9994109 0 -0.03432145
ExE.mesoderm Neural.crest 0 0 0 0.06715388 0.01464511 -0.163272 0.004171492 0.9865723 -0.9865808 0 -0.1632735
Intermediate.mesoderm Pharyngeal.mesoderm 0.02746185 0.1779938 0.3852783 0.1542854 0.07127794 0.572682 0.769754 -0.2819824 0.4417429 0 0.8971417
Intermediate.mesoderm Caudal.epiblast 0.02673895 0.257931 0.3094403 0.1036671 0.08641071 -0.3415917 0.8309095 0.439209 -0.7893655 0 -0.6139235
Intermediate.mesoderm PGC 0.00448688 0.03860562 0.2472783 0.1162235 0.01814506 -0.381169 0.5285071 -0.7585449 0.8935318 0 -0.4489999
Intermediate.mesoderm Mesenchyme 0.005716575 0.05804963 0.0417781 0.09847736 0.1368318 -0.1425354 0.4767033 0.8674316 -0.9867671 0 -0.1621445
Intermediate.mesoderm Haematoendothelial.progenitors 0.0030706 0.02481599 0.03026899 0.1237348 0.1014438 0.08333393 0.8382901 -0.5388184 0.9882505 0 0.1528433
Intermediate.mesoderm Blood.progenitors.1 0 0 0 0.09191111 0.03631695 -0.03431653 0.01693172 0.9992676 -0.9994109 0 -0.03432145
Intermediate.mesoderm Surface.ectoderm 0.02642107 0.2351379 0.1959791 0.1123642 0.1348158 -0.3024372 0.5634537 -0.7687988 0.9305829 0 -0.3660813
Intermediate.mesoderm Gut 0 0 0 0.09191111 0.09657712 -0.03431653 0.01693172 0.9992676 -0.9994109 0 -0.03432145
Intermediate.mesoderm Paraxial.mesoderm 0.03590011 0.3645519 0.3576525 0.09847736 0.1003771 -0.1425354 0.4767033 0.8674316 -0.9867671 0 -0.1621445
Intermediate.mesoderm Caudal.neurectoderm 0.02721844 0.2361289 0.4122615 0.1152695 0.06602228 0.01533442 0.6729797 -0.739502 0.9997851 0 0.02073169
Intermediate.mesoderm Notochord 0 0 0 0.09191111 0.004717353 -0.03431653 0.01693172 0.9992676 -0.9994109 0 -0.03432145
Intermediate.mesoderm Somitic.mesoderm 0.04904743 0.3860965 0.9859812 0.1270341 0.04974478 0.02583054 0.9988544 0.04028323 -0.8418035 0 0.5397841
Intermediate.mesoderm Caudal.Mesoderm 0.01319053 0.1446763 0.4157868 0.09117272 0.03172427 0.07571365 0.1062274 -0.9914551 0.9970968 0 0.07614449
Intermediate.mesoderm Erythroid1 0 0 0 0.09191111 0.0370214 -0.03431653 0.01693172 0.9992676 -0.9994109 0 -0.03432145
Intermediate.mesoderm Def..endoderm 0.01416521 0.1366413 0.1614551 0.1036671 0.08773465 -0.3415917 0.8309095 0.439209 -0.7893655 0 -0.6139235
Intermediate.mesoderm Parietal.endoderm 0.0006154524 0.003604908 0.1382452 0.1707262 0.00445189 0.7935495 0.2732548 0.5437012 -0.5652122 0 0.8249456
Intermediate.mesoderm Allantois 0 0 0 0.1223176 0.06461261 -0.4001794 0.01801315 0.9162598 -0.9164084 0 -0.4002444
Intermediate.mesoderm Anterior.Primitive.Streak 0.0009433883 0.008171746 0.03432883 0.1154451 0.02748093 -0.09501108 0.8971455 -0.4313964 0.9765951 0 -0.2150861
Intermediate.mesoderm Endothelium 0 0 0 0.09191111 0.02309445 -0.03431653 0.01693172 0.9992676 -0.9994109 0 -0.03432145
Intermediate.mesoderm Forebrain/Midbrain/Hindbrain 0.007133983 0.0569394 0.06193511 0.1252908 0.1151848 0.09978654 0.9653899 -0.2409668 0.9239137 0 0.3826011
Intermediate.mesoderm Spinal.cord 0 0 0 0.1799221 0.07228369 0.9097187 0.06916691 0.4094238 -0.4104066 0 0.9119026
Intermediate.mesoderm Cardiomyocytes 0.0005336511 0.005436765 0.02440046 0.098156 0.02187053 -0.1312659 0.2070582 -0.9694824 0.9909578 0 -0.1341736
Intermediate.mesoderm Erythroid2 0 0 0 0.09191111 0.02113886 -0.03431653 0.01693172 0.9992676 -0.9994109 0 -0.03432145
Intermediate.mesoderm NMP 0.01820377 0.1786409 0.5255564 0.1019014 0.03463713 -0.108773 0.5709878 0.8137207 -0.9911836 0 -0.1324951
Intermediate.mesoderm Erythroid3 0 0 0 0.09191111 0.03595774 -0.03431653 0.01693172 0.9992676 -0.9994109 0 -0.03432145
Intermediate.mesoderm Neural.crest 0 0 0 0.1115176 0.0188162 0.2728818 0.02695352 0.9616699 -0.9620194 0 0.272981
Pharyngeal.mesoderm Caudal.epiblast 0 0 0 0.1065804 0.09042554 -0.5349042 0.3039954 0.7883301 -0.8274924 0 -0.5614769
Pharyngeal.mesoderm PGC 0.005184479 0.04016202 0.4011338 0.1290891 0.01292456 -0.09268808 0.2525478 -0.9631348 0.9954013 0 -0.09579327
Pharyngeal.mesoderm Mesenchyme 0.01861021 0.2627248 0.2758353 0.07083537 0.06746855 0.573013 0.7399624 -0.3522949 0.5237432 0 0.8518763
Pharyngeal.mesoderm Haematoendothelial.progenitors 0.01730143 0.2953733 0.1516584 0.0585748 0.1140816 0.05252966 0.9753958 -0.2141113 0.9711985 0 0.238272
Pharyngeal.mesoderm Blood.progenitors.1 0 0 0 0.1298429 0.03631695 -0.03431653 0.01693172 0.9992676 -0.9994109 0 -0.03432145
Pharyngeal.mesoderm Surface.ectoderm 0.002396978 0.02697844 0.01353237 0.08884788 0.1771292 0.2200899 0.6619008 -0.7165527 0.9559243 0 0.2936131
Pharyngeal.mesoderm Gut 0.005316121 0.06437829 0.1098959 0.08257629 0.04837414 -0.2500439 0.9667841 -0.05297854 0.2072755 0 -0.9782826
Pharyngeal.mesoderm Paraxial.mesoderm 0.04022145 0.7125977 0.4402378 0.05644342 0.09136301 0.1960732 0.9743326 -0.1105957 0.4912884 0 0.870997
Pharyngeal.mesoderm Caudal.neurectoderm 0.002555767 0.03241631 0.03419579 0.07884199 0.07473922 0.6543871 0.620007 -0.4328613 0.5516994 0 0.834043
Pharyngeal.mesoderm Notochord 0 0 0 0.1298429 0.004717353 -0.03431653 0.01693172 0.9992676 -0.9994109 0 -0.03432145
Pharyngeal.mesoderm Somitic.mesoderm 0.004701891 0.05589746 0.08492207 0.08411636 0.05536712 0.01045965 0.9127219 0.4084473 -0.9996723 0 0.02559992
Pharyngeal.mesoderm Caudal.Mesoderm 0.0003936547 0.005453279 0.006448007 0.07218678 0.0610506 0.6032152 0.7016954 -0.3791504 0.532158 0 0.8466451
Pharyngeal.mesoderm Erythroid1 0 0 0 0.1298429 0.0370214 -0.03431653 0.01693172 0.9992676 -0.9994109 0 -0.03432145
Pharyngeal.mesoderm Def..endoderm 0.005321404 0.05179708 0.07189989 0.1027356 0.0740113 0.3894798 0.8191119 0.4211426 -0.7341664 0 0.6789696
Pharyngeal.mesoderm Parietal.endoderm 0 0 0 0.1427153 0.01443164 0.9236218 0.02375439 0.3825683 -0.3826763 0 0.9238825
Pharyngeal.mesoderm Allantois 0 0 0 0.1018737 0.0601011 -0.6510513 0.0009098255 0.7590332 -0.7590335 0 -0.6510516
Pharyngeal.mesoderm Anterior.Primitive.Streak 0 0 0 0.1395848 0.04312396 0.6076496 0.005010491 0.7941895 -0.7941994 0 0.6076573
Pharyngeal.mesoderm Endothelium 0 0 0 0.1298429 0.02309445 -0.03431653 0.01693172 0.9992676 -0.9994109 0 -0.03432145
Pharyngeal.mesoderm Forebrain/Midbrain/Hindbrain 0.00283685 0.05100607 0.02396356 0.05561788 0.1183818 0.2278991 0.9713673 -0.06713872 0.2825908 0 0.9592406
Pharyngeal.mesoderm Spinal.cord 0 0 0 0.1117696 0.05350979 -0.4626331 0.1760384 0.8688965 -0.8826811 0 -0.4699725
Pharyngeal.mesoderm Cardiomyocytes 0.005716984 0.04406954 0.2637706 0.1297264 0.02167407 -0.1411417 0.2685091 -0.9528809 0.9892074 0 -0.1465224
Pharyngeal.mesoderm Erythroid2 0 0 0 0.1298429 0.02113886 -0.03431653 0.01693172 0.9992676 -0.9994109 0 -0.03432145
Pharyngeal.mesoderm NMP 0 0 0 0.1283146 0.04480631 -0.06643912 0.06958211 0.9953613 -0.9977797 0 -0.06660055
Pharyngeal.mesoderm Erythroid3 0 0 0 0.1298429 0.03595774 -0.03431653 0.01693172 0.9992676 -0.9994109 0 -0.03432145
Pharyngeal.mesoderm Neural.crest 0 0 0 0.117595 0.01384659 -0.3232228 0.1158166 0.939209 -0.9455721 0 -0.3254126
Caudal.epiblast PGC 0.01284313 0.1100181 1 0.1167365 0.01284313 -0.08504917 0.3111937 -0.9465332 0.9959875 0 -0.08949281
Caudal.epiblast Mesenchyme 0 0 0 0.09195257 0.1295945 -0.2180506 0.1634182 0.9621582 -0.9752688 0 -0.2210218
Caudal.epiblast Haematoendothelial.progenitors 0.00485469 0.05555852 0.03102293 0.08737975 0.1564871 -0.2058316 0.7627705 0.6130371 -0.9479917 0 -0.318295
Caudal.epiblast Blood.progenitors.1 0 0 0 0.1026354 0.03631695 -0.03431653 0.01693172 0.9992676 -0.9994109 0 -0.03432145
Caudal.epiblast Surface.ectoderm 0.0499175 0.5724772 0.306182 0.08719561 0.1630321 -0.1426988 0.915876 0.3752442 -0.9346959 0 -0.3554485
Caudal.epiblast Gut 7.587694E-05 0.0006663026 0.001028269 0.1138776 0.07379097 0.4960859 0.7030553 -0.5095215 0.7164903 0 0.6975971
Caudal.epiblast Paraxial.mesoderm 0 0 0 0.1064686 0.1183689 0.05196001 0.2492626 0.967041 -0.9985596 0 0.05365353
Caudal.epiblast Caudal.neurectoderm 0.03520846 0.3207473 0.4102504 0.1097701 0.0858219 0.7584661 0.3879262 -0.5236817 0.5681753 0 0.8229076
Caudal.epiblast Notochord 0.0001745115 0.001335979 0.0398727 0.1306245 0.004376717 0.5641872 0.2663826 0.7814941 -0.8107901 0 0.585337
Caudal.epiblast Somitic.mesoderm 0.01736475 0.1720981 0.3465775 0.1009003 0.05010352 -0.02523442 0.9974245 0.06713863 -0.9360656 0 -0.3518253
Caudal.epiblast Caudal.Mesoderm 0.02175083 0.1640965 0.7796595 0.132549 0.02789786 -0.2470206 0.4846371 -0.8391113 0.9592964 0 -0.2824011
Caudal.epiblast Erythroid1 0 0 0 0.1026354 0.0370214 -0.03431653 0.01693172 0.9992676 -0.9994109 0 -0.03432145
Caudal.epiblast Def..endoderm 0.03343061 0.3657861 0.3771577 0.09139388 0.08863828 -0.111558 0.9656649 0.2346191 -0.9031076 0 -0.4294145
Caudal.epiblast Parietal.endoderm 0.001567342 0.01481713 0.4173064 0.1057791 0.003755855 0.8050427 0.5751563 -0.1452636 0.1775744 0 0.9841074
Caudal.epiblast Allantois 0 0 0 0.09195257 0.07152189 -0.2180506 0.1634182 0.9621582 -0.9752688 0 -0.2210218
Caudal.epiblast Anterior.Primitive.Streak 0.00987594 0.0845141 0.4039494 0.1168555 0.02444846 -0.009462146 0.9535692 -0.3010254 0.9995063 0 -0.03141753
Caudal.epiblast Endothelium 0 0 0 0.1026354 0.02309445 -0.03431653 0.01693172 0.9992676 -0.9994109 0 -0.03432145
Caudal.epiblast Forebrain/Midbrain/Hindbrain 0.02530587 0.1850729 0.248771 0.1367346 0.1017236 -0.3586453 0.2643418 -0.8952636 0.9282835 0 -0.3718732
Caudal.epiblast Spinal.cord 0.004901279 0.03822117 0.1068901 0.1282347 0.04585344 -0.1192054 0.7995705 -0.588623 0.9801037 0 -0.1984863
Caudal.epiblast Cardiomyocytes 0 0 0 0.1026354 0.02436399 -0.03431653 0.01693172 0.9992676 -0.9994109 0 -0.03432145
Caudal.epiblast Erythroid2 0 0 0 0.1026354 0.02113886 -0.03431653 0.01693172 0.9992676 -0.9994109 0 -0.03432145
Caudal.epiblast NMP 0.02376193 0.2606013 0.6843831 0.09118119 0.03472022 -0.1284424 0.5262455 0.8405762 -0.9885262 0 -0.1510496
Caudal.epiblast Erythroid3 0 0 0 0.1026354 0.03595774 -0.03431653 0.01693172 0.9992676 -0.9994109 0 -0.03432145
Caudal.epiblast Neural.crest 0 0 0 0.1026354 0.01598593 -0.03431653 0.01693172 0.9992676 -0.9994109 0 -0.03432145
PGC Mesenchyme 0 0 0 0.01679835 0.1205613 -0.0522557 0.1195248 0.9914551 -0.9986139 0 -0.05263302
PGC Haematoendothelial.progenitors 0.0004221752 0.01405807 0.004161668 0.03003081 0.1014438 0.08333393 0.8382901 -0.5388184 0.9882505 0 0.1528433
PGC Blood.progenitors.1 0 0 0 0.01621222 0.03631695 -0.03431653 0.01693172 0.9992676 -0.9994109 0 -0.03432145
PGC Surface.ectoderm 0.003621615 0.1243796 0.01940308 0.02911744 0.1866515 -0.5769207 0.7905728 0.2053223 -0.3352923 0 -0.9421142
PGC Gut 0 0 0 0.01875187 0.08745959 -0.2472899 0.07461375 0.9660645 -0.9687648 0 -0.2479811
PGC Paraxial.mesoderm 0 0 0 0.01621222 0.1273147 -0.03431653 0.01693172 0.9992676 -0.9994109 0 -0.03432145
PGC Caudal.neurectoderm 0.0002993701 0.02207377 0.00389076 0.01356225 0.07694384 -0.03901587 0.28816 -0.9567871 0.9991696 0 -0.04074415
PGC Notochord 0 0 0 0.01621222 0.004717353 -0.03431653 0.01693172 0.9992676 -0.9994109 0 -0.03432145
PGC Somitic.mesoderm 0.001793626 0.1127306 0.02110337 0.01591073 0.0849924 0.07571365 0.1062274 -0.9914551 0.9970968 0 0.07614449
PGC Caudal.Mesoderm 0.003738176 0.201986 0.1122814 0.0185071 0.03329292 -0.3917661 0.5789376 -0.7150878 0.8770082 0 -0.4804754
PGC Erythroid1 0 0 0 0.01621222 0.0370214 -0.03431653 0.01693172 0.9992676 -0.9994109 0 -0.03432145
PGC Def..endoderm 0.01284313 1 0.07381578 0.01284313 0.1739889 -0.08504917 0.3111937 -0.9465332 0.9959875 0 -0.08949281
PGC Parietal.endoderm 0.000527384 0.0396772 0.0528859 0.01329186 0.009972109 -0.1227516 0.3729946 -0.9196777 0.9912098 0 -0.1322992
PGC Allantois 0 0 0 0.01863649 0.07314709 -0.2184915 0.2148015 0.9519043 -0.9746549 0 -0.2237135
PGC Anterior.Primitive.Streak 7.69664E-05 0.001811252 0.004002081 0.04249348 0.0192316 0.3759543 0.8882605 0.263916 -0.5745548 0 0.8184661
PGC Endothelium 0 0 0 0.01621222 0.02309445 -0.03431653 0.01693172 0.9992676 -0.9994109 0 -0.03432145
PGC Forebrain/Midbrain/Hindbrain 0.001166194 0.05651426 0.01047871 0.02063539 0.1112917 -0.5025507 0.4764175 -0.7214355 0.8205411 0 -0.5715876
PGC Spinal.cord 0 0 0 0.01621222 0.0565397 -0.03431653 0.01693172 0.9992676 -0.9994109 0 -0.03432145
PGC Cardiomyocytes 0 0 0 0.01621222 0.02436399 -0.03431653 0.01693172 0.9992676 -0.9994109 0 -0.03432145
PGC Erythroid2 0 0 0 0.01621222 0.02113886 -0.03431653 0.01693172 0.9992676 -0.9994109 0 -0.03432145
PGC NMP 9.431686E-05 0.006885438 0.001874894 0.01369802 0.05030518 -0.04903325 0.2238532 -0.9733887 0.9987336 0 -0.05030997
PGC Erythroid3 0 0 0 0.01621222 0.03595774 -0.03431653 0.01693172 0.9992676 -0.9994109 0 -0.03432145
PGC Neural.crest 0 0 0 0.01621222 0.01598593 -0.03431653 0.01693172 0.9992676 -0.9994109 0 -0.03432145
Mesenchyme Haematoendothelial.progenitors 0.01256227 0.1398294 0.1058931 0.08984 0.1186317 0.6168423 0.7329488 0.2868652 -0.4216846 0 0.9067426
Mesenchyme Blood.progenitors.1 0 0 0 0.1085363 0.03888664 0.3547372 0.01683701 0.9348145 -0.934947 0 0.3547874
Mesenchyme Surface.ectoderm 0.03500505 0.4638331 0.1619741 0.07546907 0.2161152 0.599965 0.7998689 0.01586915 -0.02644087 0 0.9996504
Mesenchyme Gut 0.01699888 0.1690315 0.4531578 0.1005664 0.03751205 -0.1373805 0.9468783 -0.2907715 0.9041625 0 -0.4271886
Mesenchyme Paraxial.mesoderm 0.005740398 0.08317142 0.05266032 0.06901887 0.109008 0.6027172 0.7614708 -0.2385254 0.3679816 0 0.9298331
Mesenchyme Caudal.neurectoderm 0 0 0 0.1296275 0.07238305 -0.267615 0.1216898 0.9558105 -0.9629672 0 -0.2696187
Mesenchyme Notochord 0 0 0 0.1186771 0.004717353 -0.03431653 0.01693172 0.9992676 -0.9994109 0 -0.03432145
Mesenchyme Somitic.mesoderm 0 0 0 0.1388775 0.08581392 -0.5025711 0.1449677 0.8522949 -0.8613943 0 -0.5079368
Mesenchyme Caudal.Mesoderm 0 0 0 0.1186771 0.03694258 -0.03431653 0.01693172 0.9992676 -0.9994109 0 -0.03432145
Mesenchyme Erythroid1 0 0 0 0.1186771 0.0370214 -0.03431653 0.01693172 0.9992676 -0.9994109 0 -0.03432145
Mesenchyme Def..endoderm 0 0 0 0.1419015 0.1290704 -0.3300464 0.3374392 0.8815918 -0.9365213 0 -0.3506107
Mesenchyme Parietal.endoderm 0 0 0 0.1186771 0.02016668 -0.03431653 0.01693172 0.9992676 -0.9994109 0 -0.03432145
Mesenchyme Allantois 0.02048164 0.2247361 0.7339565 0.09113641 0.0279058 -0.2729124 0.7882586 -0.5515136 0.8962685 0 -0.4435118
Mesenchyme Anterior.Primitive.Streak 0 0 0 0.1281066 0.05758481 -0.1625286 0.1886289 0.9685059 -0.9862099 0 -0.1654996
Mesenchyme Endothelium 0.0001498958 0.001503246 0.01325362 0.09971475 0.0113098 0.209596 0.977783 0.003173779 -0.01514063 0 0.9998854
Mesenchyme Forebrain/Midbrain/Hindbrain 0 0 0 0.1076992 0.1356476 0.6076496 0.005010491 0.7941895 -0.7941994 0 0.6076573
Mesenchyme Spinal.cord 0 0 0 0.1296275 0.05554101 -0.267615 0.1216898 0.9558105 -0.9629672 0 -0.2696187
Mesenchyme Cardiomyocytes 0.007065721 0.06173582 0.2848924 0.1144509 0.02480137 0.2469806 0.1151183 -0.9621582 0.9685976 0 0.2486335
Mesenchyme Erythroid2 0 0 0 0.1186771 0.02113886 -0.03431653 0.01693172 0.9992676 -0.9994109 0 -0.03432145
Mesenchyme NMP 0 0 0 0.1186771 0.04527754 -0.03431653 0.01693172 0.9992676 -0.9994109 0 -0.03432145
Mesenchyme Erythroid3 0 0 0 0.1186771 0.03595774 -0.03431653 0.01693172 0.9992676 -0.9994109 0 -0.03432145
Mesenchyme Neural.crest 0 0 0 0.1316159 0.01384659 -0.3232228 0.1158166 0.939209 -0.9455721 0 -0.3254126
Haematoendothelial.progenitors Blood.progenitors.1 0.006106976 0.05271028 0.3888713 0.1158593 0.01570436 0.4576861 0.8659994 -0.201416 0.4027957 0 0.9152899
Haematoendothelial.progenitors Surface.ectoderm 0.06891332 0.6742904 0.4028813 0.1022012 0.1710512 0.2073346 0.9076312 -0.3649903 0.8695039 0 0.4939261
Haematoendothelial.progenitors Gut 0.01451253 0.1144611 0.4148088 0.12679 0.03498607 -0.02841646 0.9726068 -0.2307129 0.9925001 0 -0.1222443
Haematoendothelial.progenitors Paraxial.mesoderm 0.02113123 0.1338301 0.3348524 0.1578959 0.06310611 -0.1920017 0.9568719 0.2180175 -0.7504637 0 -0.6609117
Haematoendothelial.progenitors Caudal.neurectoderm 0.008438981 0.04970206 0.1374376 0.1697914 0.06140229 0.4498306 0.1777644 -0.8752441 0.8894097 0 0.4571109
Haematoendothelial.progenitors Notochord 0 0 0 0.1516838 0.004717353 -0.03431653 0.01693172 0.9992676 -0.9994109 0 -0.03432145
Haematoendothelial.progenitors Somitic.mesoderm 0 0 0 0.1516838 0.0901842 -0.03431653 0.01693172 0.9992676 -0.9994109 0 -0.03432145
Haematoendothelial.progenitors Caudal.Mesoderm 0 0 0 0.147827 0.03912774 0.1077844 0.05883846 0.9924316 -0.994154 0 0.1079714
Haematoendothelial.progenitors Erythroid1 0 0 0 0.1516838 0.0370214 -0.03431653 0.01693172 0.9992676 -0.9994109 0 -0.03432145
Haematoendothelial.progenitors Def..endoderm 0.01379323 0.1053995 0.1911398 0.1308662 0.07216305 0.6988637 0.6761867 0.2331543 -0.3164718 0 0.9486019
Haematoendothelial.progenitors Parietal.endoderm 0.0001531155 0.0009646073 0.0726916 0.1587335 0.002106371 0.8619642 0.4375255 0.2561036 -0.2848108 0 0.9585837
Haematoendothelial.progenitors Allantois 0.009558087 0.09136841 0.2641934 0.1046104 0.03617838 0.1479281 0.9520444 -0.2678223 0.8753508 0 0.4834884
Haematoendothelial.progenitors Anterior.Primitive.Streak 0.004082707 0.0361232 0.2643809 0.1130217 0.01544252 0.4936848 0.8583153 0.1398926 -0.27263 0 0.962119
Haematoendothelial.progenitors Endothelium 0.007423667 0.06892302 0.6712173 0.1077095 0.01106001 0.2278991 0.9713673 -0.06713872 0.2825908 0 0.9592406
Haematoendothelial.progenitors Forebrain/Midbrain/Hindbrain 0.03445425 0.3302601 0.2921762 0.1043246 0.1179228 0.1802237 0.9576949 -0.2243652 0.7796274 0 0.6262437
Haematoendothelial.progenitors Spinal.cord 0 0 0 0.1656603 0.05699399 -0.2136004 0.03431214 0.9763184 -0.9768936 0 -0.2137263
Haematoendothelial.progenitors Cardiomyocytes 0 0 0 0.1516838 0.02436399 -0.03431653 0.01693172 0.9992676 -0.9994109 0 -0.03432145
Haematoendothelial.progenitors Erythroid2 0 0 0 0.1516838 0.02113886 -0.03431653 0.01693172 0.9992676 -0.9994109 0 -0.03432145
Haematoendothelial.progenitors NMP 0 0 0 0.1516838 0.04527754 -0.03431653 0.01693172 0.9992676 -0.9994109 0 -0.03432145
Haematoendothelial.progenitors Erythroid3 0 0 0 0.1695687 0.03266287 -0.2472899 0.07461375 0.9660645 -0.9687648 0 -0.2479811
Haematoendothelial.progenitors Neural.crest 0 0 0 0.1516838 0.01598593 -0.03431653 0.01693172 0.9992676 -0.9994109 0 -0.03432145
Blood.progenitors.1 Surface.ectoderm 0 0 0 0.03631695 0.1388116 -0.03431653 0.01693172 0.9992676 -0.9994109 0 -0.03432145
Blood.progenitors.1 Gut 0 0 0 0.03631695 0.09657712 -0.03431653 0.01693172 0.9992676 -0.9994109 0 -0.03432145
Blood.progenitors.1 Paraxial.mesoderm 0 0 0 0.03631695 0.1273147 -0.03431653 0.01693172 0.9992676 -0.9994109 0 -0.03432145
Blood.progenitors.1 Caudal.neurectoderm 0 0 0 0.03631695 0.08236978 -0.03431653 0.01693172 0.9992676 -0.9994109 0 -0.03432145
Blood.progenitors.1 Notochord 0 0 0 0.03631695 0.004717353 -0.03431653 0.01693172 0.9992676 -0.9994109 0 -0.03432145
Blood.progenitors.1 Somitic.mesoderm 0 0 0 0.03631695 0.0901842 -0.03431653 0.01693172 0.9992676 -0.9994109 0 -0.03432145
Blood.progenitors.1 Caudal.Mesoderm 0 0 0 0.03631695 0.03694258 -0.03431653 0.01693172 0.9992676 -0.9994109 0 -0.03432145
Blood.progenitors.1 Erythroid1 0 0 0 0.03631695 0.0370214 -0.03431653 0.01693172 0.9992676 -0.9994109 0 -0.03432145
Blood.progenitors.1 Def..endoderm 0 0 0 0.03631695 0.1572905 -0.03431653 0.01693172 0.9992676 -0.9994109 0 -0.03432145
Blood.progenitors.1 Parietal.endoderm 0 0 0 0.03631695 0.02016668 -0.03431653 0.01693172 0.9992676 -0.9994109 0 -0.03432145
Blood.progenitors.1 Allantois 0 0 0 0.03964021 0.06102674 0.4518901 0.03573929 0.8913574 -0.8919272 0 0.452179
Blood.progenitors.1 Anterior.Primitive.Streak 0 0 0 0.03631695 0.05350759 -0.03431653 0.01693172 0.9992676 -0.9994109 0 -0.03432145
Blood.progenitors.1 Endothelium 0.000240703 0.01310743 0.02307274 0.01836387 0.01043235 0.572682 0.769754 -0.2819824 0.4417429 0 0.8971417
Blood.progenitors.1 Forebrain/Midbrain/Hindbrain 0 0 0 0.03631695 0.1182891 -0.03431653 0.01693172 0.9992676 -0.9994109 0 -0.03432145
Blood.progenitors.1 Spinal.cord 0 0 0 0.03631695 0.0565397 -0.03431653 0.01693172 0.9992676 -0.9994109 0 -0.03432145
Blood.progenitors.1 Cardiomyocytes 0 0 0 0.03631695 0.02436399 -0.03431653 0.01693172 0.9992676 -0.9994109 0 -0.03432145
Blood.progenitors.1 Erythroid2 0 0 0 0.03631695 0.02113886 -0.03431653 0.01693172 0.9992676 -0.9994109 0 -0.03432145
Blood.progenitors.1 NMP 0 0 0 0.03631695 0.04527754 -0.03431653 0.01693172 0.9992676 -0.9994109 0 -0.03432145
Blood.progenitors.1 Erythroid3 0 0 0 0.0332311 0.03231095 -0.2801453 0.02150143 0.9597168 -0.9599388 0 -0.28021
Blood.progenitors.1 Neural.crest 0 0 0 0.03631695 0.01598593 -0.03431653 0.01693172 0.9992676 -0.9994109 0 -0.03432145
Surface.ectoderm Gut 0.02547707 0.1498304 0.6755384 0.1700394 0.03771373 0.09978654 0.9653899 -0.2409668 0.9239137 0 0.3826011
Surface.ectoderm Paraxial.mesoderm 0.009496419 0.05367353 0.1624247 0.1769293 0.0584666 -0.5386219 0.8234294 0.1784668 -0.3145241 0 -0.9492495
Surface.ectoderm Caudal.neurectoderm 0.03893326 0.2255735 0.3612266 0.1725968 0.1077807 -0.5280538 0.8422956 0.1081544 -0.2006515 0 -0.9796627
Surface.ectoderm Notochord 0 0 0 0.1388116 0.004717353 -0.03431653 0.01693172 0.9992676 -0.9994109 0 -0.03432145
Surface.ectoderm Somitic.mesoderm 0.007387262 0.04343406 0.1485033 0.1700799 0.04974478 0.02583054 0.9988544 0.04028323 -0.8418035 0 0.5397841
Surface.ectoderm Caudal.Mesoderm 0.01493645 0.1032906 0.534377 0.1446061 0.02795115 -0.339339 0.4123689 -0.845459 0.9280387 0 -0.3724838
Surface.ectoderm Erythroid1 0 0 0 0.1388116 0.0370214 -0.03431653 0.01693172 0.9992676 -0.9994109 0 -0.03432145
Surface.ectoderm Def..endoderm 0.05134369 0.3135478 0.6364713 0.1637507 0.08066929 0.1344969 0.848413 0.5119628 -0.9671814 0 0.2540866
Surface.ectoderm Parietal.endoderm 0.001551025 0.007428444 0.09519239 0.2087953 0.01629358 0.6482502 0.6369345 0.4172363 -0.5412201 0 0.8408809
Surface.ectoderm Allantois 0.0121841 0.07337411 0.3389424 0.1660545 0.03594741 0.1864134 0.8579273 -0.4787598 0.931854 0 0.3628335
Surface.ectoderm Anterior.Primitive.Streak 0.006558038 0.02711825 0.2122539 0.2418312 0.03089713 0.8486558 0.501157 0.1691894 -0.1955142 0 0.9807009
Surface.ectoderm Endothelium 0.0008943047 0.004791638 0.04846849 0.1866386 0.01845126 -0.6917386 0.4936231 -0.5270995 0.6060873 0 -0.7953982
Surface.ectoderm Forebrain/Midbrain/Hindbrain 0.0389154 0.2680317 0.3593701 0.1451896 0.1082878 -0.4367802 0.5792747 -0.6882324 0.8443198 0 -0.5358396
Surface.ectoderm Spinal.cord 0.003909728 0.02265238 0.08375226 0.1725968 0.04668206 -0.5280538 0.8422956 0.1081544 -0.2006515 0 -0.9796627
Surface.ectoderm Cardiomyocytes 0 0 0 0.1388116 0.02436399 -0.03431653 0.01693172 0.9992676 -0.9994109 0 -0.03432145
Surface.ectoderm Erythroid2 0 0 0 0.1388116 0.02113886 -0.03431653 0.01693172 0.9992676 -0.9994109 0 -0.03432145
Surface.ectoderm NMP 0.01178498 0.08703104 0.2447798 0.1354112 0.04814522 -0.04178947 0.1348071 -0.9899902 0.9991103 0 -0.04217444
Surface.ectoderm Erythroid3 0 0 0 0.1388116 0.03595774 -0.03431653 0.01693172 0.9992676 -0.9994109 0 -0.03432145
Surface.ectoderm Neural.crest 0 0 0 0.1388116 0.01598593 -0.03431653 0.01693172 0.9992676 -0.9994109 0 -0.03432145
Gut Paraxial.mesoderm 5.857242E-05 0.0008326434 0.001062853 0.07034515 0.05510867 -0.3696506 0.8703147 0.3254394 -0.660796 0 -0.7505656
Gut Caudal.neurectoderm 0 0 0 0.08745959 0.07128467 -0.2472899 0.07461375 0.9660645 -0.9687648 0 -0.2479811
Gut Notochord 0 0 0 0.0849255 0.006055689 -0.4165192 0.07526719 0.9060059 -0.9085831 0 -0.417704
Gut Somitic.mesoderm 0 0 0 0.09657712 0.0901842 -0.03431653 0.01693172 0.9992676 -0.9994109 0 -0.03432145
Gut Caudal.Mesoderm 0 0 0 0.09657712 0.03694258 -0.03431653 0.01693172 0.9992676 -0.9994109 0 -0.03432145
Gut Erythroid1 0 0 0 0.09657712 0.0370214 -0.03431653 0.01693172 0.9992676 -0.9994109 0 -0.03432145
Gut Def..endoderm 0.02016258 0.4126679 0.2132666 0.04885911 0.09454167 0.04510467 0.9985309 -0.03002935 0.5541835 0 0.8323945
Gut Parietal.endoderm 0 0 0 0.1452375 0.01443164 0.9236218 0.02375439 0.3825683 -0.3826763 0 0.9238825
Gut Allantois 0.01155461 0.3351981 0.3279085 0.03447098 0.03523729 0.02119813 0.9660275 -0.2575683 0.9966303 0 0.08202369
Gut Anterior.Primitive.Streak 0 0 0 0.1403919 0.04204711 0.7772095 0.1053434 0.6203613 -0.6238324 0 0.7815582
Gut Endothelium 0.0008634939 0.02289601 0.07253992 0.03771373 0.01190371 0.09978654 0.9653899 -0.2409668 0.9239137 0 0.3826011
Gut Forebrain/Midbrain/Hindbrain 0 0 0 0.14664 0.1964407 0.9719496 0.06734289 0.2253418 -0.2258545 0 0.974161
Gut Spinal.cord 0 0 0 0.09657712 0.0565397 -0.03431653 0.01693172 0.9992676 -0.9994109 0 -0.03432145
Gut Cardiomyocytes 0 0 0 0.09657712 0.02436399 -0.03431653 0.01693172 0.9992676 -0.9994109 0 -0.03432145
Gut Erythroid2 0 0 0 0.09657712 0.02113886 -0.03431653 0.01693172 0.9992676 -0.9994109 0 -0.03432145
Gut NMP 0 0 0 0.09657712 0.04527754 -0.03431653 0.01693172 0.9992676 -0.9994109 0 -0.03432145
Gut Erythroid3 0 0 0 0.09657712 0.03595774 -0.03431653 0.01693172 0.9992676 -0.9994109 0 -0.03432145
Gut Neural.crest 0 0 0 0.09657712 0.01598593 -0.03431653 0.01693172 0.9992676 -0.9994109 0 -0.03432145
Paraxial.mesoderm Caudal.neurectoderm 0.01434616 0.1250942 0.1839043 0.1146829 0.07800883 0.6872653 0.6132135 -0.3894043 0.4929685 0 0.8700472
Paraxial.mesoderm Notochord 0 0 0 0.1273147 0.004717353 -0.03431653 0.01693172 0.9992676 -0.9994109 0 -0.03432145
Paraxial.mesoderm Somitic.mesoderm 0.01724807 0.2689499 0.2942885 0.06413114 0.05860937 -0.1644258 0.8407397 0.5158692 -0.9527732 0 -0.3036826
Paraxial.mesoderm Caudal.Mesoderm 0 0 0 0.1273147 0.03694258 -0.03431653 0.01693172 0.9992676 -0.9994109 0 -0.03432145
Paraxial.mesoderm Erythroid1 0 0 0 0.1273147 0.0370214 -0.03431653 0.01693172 0.9992676 -0.9994109 0 -0.03432145
Paraxial.mesoderm Def..endoderm 0 0 0 0.09781713 0.1173451 0.09455039 0.5790171 0.8098145 -0.9932529 0 0.1159679
Paraxial.mesoderm Parietal.endoderm 0 0 0 0.1273147 0.02016668 -0.03431653 0.01693172 0.9992676 -0.9994109 0 -0.03432145
Paraxial.mesoderm Allantois 0 0 0 0.1198125 0.06194683 -0.6289607 0.05290691 0.7756348 -0.7767226 0 -0.6298428
Paraxial.mesoderm Anterior.Primitive.Streak 0 0 0 0.0969476 0.05075781 0.01599294 0.572042 0.8200684 -0.9998099 0 0.01949825
Paraxial.mesoderm Endothelium 0 0 0 0.1273147 0.02309445 -0.03431653 0.01693172 0.9992676 -0.9994109 0 -0.03432145
Paraxial.mesoderm Forebrain/Midbrain/Hindbrain 0.01434588 0.1636599 0.1133375 0.08765662 0.1265766 0.2476928 0.8288163 0.5017089 -0.896676 0 0.4426873
Paraxial.mesoderm Spinal.cord 0 0 0 0.0969476 0.04657454 0.01599294 0.572042 0.8200684 -0.9998099 0 0.01949825
Paraxial.mesoderm Cardiomyocytes 0.006421657 0.04982334 0.2829702 0.1288885 0.02269376 -0.1929333 0.272454 -0.942627 0.9796898 0 -0.2005192
Paraxial.mesoderm Erythroid2 0 0 0 0.1273147 0.02113886 -0.03431653 0.01693172 0.9992676 -0.9994109 0 -0.03432145
Paraxial.mesoderm NMP 0 0 0 0.1242484 0.04331331 0.06822697 0.1235493 0.9899902 -0.9976337 0 0.06875373
Paraxial.mesoderm Erythroid3 0 0 0 0.1273147 0.03595774 -0.03431653 0.01693172 0.9992676 -0.9994109 0 -0.03432145
Paraxial.mesoderm Neural.crest 0 0 0 0.1229562 0.01325528 -0.4001794 0.01801315 0.9162598 -0.9164084 0 -0.4002444
Caudal.neurectoderm Notochord 0 0 0 0.08236978 0.004717353 -0.03431653 0.01693172 0.9992676 -0.9994109 0 -0.03432145
Caudal.neurectoderm Somitic.mesoderm 0.01096298 0.1641552 0.1354387 0.06678427 0.08094427 -0.03811739 0.6533411 -0.7561035 0.9987317 0 -0.050349
Caudal.neurectoderm Caudal.Mesoderm 0 0 0 0.112146 0.04795833 0.569857 0.03388599 0.8210449 -0.8215167 0 0.5701845
Caudal.neurectoderm Erythroid1 0 0 0 0.08236978 0.0370214 -0.03431653 0.01693172 0.9992676 -0.9994109 0 -0.03432145
Caudal.neurectoderm Def..endoderm 0.01362232 0.132147 0.1589566 0.1030846 0.08569835 0.9354946 0.3528661 0.01831055 -0.01956938 0 0.9998085
Caudal.neurectoderm Parietal.endoderm 0 0 0 0.1143944 0.007243173 0.732671 0.01490012 0.6804199 -0.6804954 0 0.7327523
Caudal.neurectoderm Allantois 0 0 0 0.07238305 0.06980501 -0.267615 0.1216898 0.9558105 -0.9629672 0 -0.2696187
Caudal.neurectoderm Anterior.Primitive.Streak 0.006400899 0.06894737 0.2174658 0.09283747 0.02943405 -0.1675483 0.8781943 -0.4479981 0.9366388 0 -0.3502967
Caudal.neurectoderm Endothelium 0 0 0 0.08236978 0.02309445 -0.03431653 0.01693172 0.9992676 -0.9994109 0 -0.03432145
Caudal.neurectoderm Forebrain/Midbrain/Hindbrain 0.02074418 0.3409117 0.1345551 0.06084913 0.1541686 0.4089106 0.1378709 -0.9020996 0.9107975 0 0.4128533
Caudal.neurectoderm Spinal.cord 0.01159019 0.1354221 0.2629138 0.08558563 0.0440836 -0.09876587 0.8324898 -0.545166 0.9839826 0 -0.1782648
Caudal.neurectoderm Cardiomyocytes 0.003362503 0.04589588 0.123861 0.07326372 0.02714739 -0.1759818 0.6226544 -0.7624512 0.9743824 0 -0.2248977
Caudal.neurectoderm Erythroid2 0 0 0 0.08236978 0.02113886 -0.03431653 0.01693172 0.9992676 -0.9994109 0 -0.03432145
Caudal.neurectoderm NMP 0.009181093 0.1065233 0.2471983 0.08618856 0.0371406 -0.06731362 0.2910209 0.9543457 -0.9975217 0 -0.07035898
Caudal.neurectoderm Erythroid3 0 0 0 0.08236978 0.03595774 -0.03431653 0.01693172 0.9992676 -0.9994109 0 -0.03432145
Caudal.neurectoderm Neural.crest 0 0 0 0.06790838 0.01353098 -0.3573058 0.0458512 0.9328613 -0.9338435 0 -0.357682
Notochord Somitic.mesoderm 0 0 0 0.004717353 0.0901842 -0.03431653 0.01693172 0.9992676 -0.9994109 0 -0.03432145
Notochord Caudal.Mesoderm 0 0 0 0.004717353 0.03694258 -0.03431653 0.01693172 0.9992676 -0.9994109 0 -0.03432145
Notochord Erythroid1 0 0 0 0.004717353 0.0370214 -0.03431653 0.01693172 0.9992676 -0.9994109 0 -0.03432145
Notochord Def..endoderm 0.001105017 0.1896769 0.009446733 0.005825786 0.1169734 0.2988574 0.5738924 0.7624512 -0.9310325 0 0.3649361
Notochord Parietal.endoderm 0 0 0 0.004717353 0.02016668 -0.03431653 0.01693172 0.9992676 -0.9994109 0 -0.03432145
Notochord Allantois 0 0 0 0.004717353 0.06759103 -0.03431653 0.01693172 0.9992676 -0.9994109 0 -0.03432145
Notochord Anterior.Primitive.Streak 0 0 0 0.004717353 0.05350759 -0.03431653 0.01693172 0.9992676 -0.9994109 0 -0.03432145
Notochord Endothelium 0 0 0 0.004717353 0.02309445 -0.03431653 0.01693172 0.9992676 -0.9994109 0 -0.03432145
Notochord Forebrain/Midbrain/Hindbrain 0 0 0 0.004717353 0.1182891 -0.03431653 0.01693172 0.9992676 -0.9994109 0 -0.03432145
Notochord Spinal.cord 0 0 0 0.004717353 0.0565397 -0.03431653 0.01693172 0.9992676 -0.9994109 0 -0.03432145
Notochord Cardiomyocytes 0 0 0 0.004717353 0.02436399 -0.03431653 0.01693172 0.9992676 -0.9994109 0 -0.03432145
Notochord Erythroid2 0 0 0 0.004717353 0.02113886 -0.03431653 0.01693172 0.9992676 -0.9994109 0 -0.03432145
Notochord NMP 0 0 0 0.004717353 0.04527754 -0.03431653 0.01693172 0.9992676 -0.9994109 0 -0.03432145
Notochord Erythroid3 0 0 0 0.004717353 0.03595774 -0.03431653 0.01693172 0.9992676 -0.9994109 0 -0.03432145
Notochord Neural.crest 0 0 0 0.004717353 0.01598593 -0.03431653 0.01693172 0.9992676 -0.9994109 0 -0.03432145
Somitic.mesoderm Caudal.Mesoderm 0.01778691 0.1870077 0.6554229 0.09511323 0.02713806 -0.1227516 0.3729946 -0.9196777 0.9912098 0 -0.1322992
Somitic.mesoderm Erythroid1 0 0 0 0.0901842 0.0370214 -0.03431653 0.01693172 0.9992676 -0.9994109 0 -0.03432145
Somitic.mesoderm Def..endoderm 0.00864932 0.1402243 0.106363 0.06168202 0.08131889 0.01966367 0.852586 0.5222169 -0.9992918 0 0.03762755
Somitic.mesoderm Parietal.endoderm 0 0 0 0.148765 0.009747213 0.8733603 0.08423122 0.4797363 -0.4814472 0 0.876475
Somitic.mesoderm Allantois 0 0 0 0.0901842 0.06759103 -0.03431653 0.01693172 0.9992676 -0.9994109 0 -0.03432145
Somitic.mesoderm Anterior.Primitive.Streak 0 0 0 0.0901842 0.05350759 -0.03431653 0.01693172 0.9992676 -0.9994109 0 -0.03432145
Somitic.mesoderm Endothelium 0 0 0 0.0901842 0.02309445 -0.03431653 0.01693172 0.9992676 -0.9994109 0 -0.03432145
Somitic.mesoderm Forebrain/Midbrain/Hindbrain 0 0 0 0.119673 0.115043 0.3215272 0.05887337 0.9450684 -0.9467105 0 0.3220858
Somitic.mesoderm Spinal.cord 0 0 0 0.129521 0.06775812 0.4518901 0.03573929 0.8913574 -0.8919272 0 0.452179
Somitic.mesoderm Cardiomyocytes 0.004596915 0.07567775 0.1100274 0.06074329 0.04177972 -0.3778043 0.8000299 0.4660645 -0.7768257 0 -0.6297156
Somitic.mesoderm Erythroid2 0 0 0 0.0901842 0.02113886 -0.03431653 0.01693172 0.9992676 -0.9994109 0 -0.03432145
Somitic.mesoderm NMP 0.01327983 0.2411657 0.2818472 0.05506516 0.04711712 -0.2390962 0.9396117 0.2448731 -0.7154962 0 -0.6986167
Somitic.mesoderm Erythroid3 0 0 0 0.0901842 0.03595774 -0.03431653 0.01693172 0.9992676 -0.9994109 0 -0.03432145
Somitic.mesoderm Neural.crest 0 0 0 0.1026561 0.01758633 0.1077844 0.05883846 0.9924316 -0.994154 0 0.1079714
Caudal.Mesoderm Erythroid1 0 0 0 0.03694258 0.0370214 -0.03431653 0.01693172 0.9992676 -0.9994109 0 -0.03432145
Caudal.Mesoderm Def..endoderm 0.01869603 0.5549375 0.1199 0.03369033 0.1559302 0.2865261 0.4404441 -0.8508301 0.9477044 0 0.3191495
Caudal.Mesoderm Parietal.endoderm 0 0 0 0.04799218 0.007526123 0.6076496 0.005010491 0.7941895 -0.7941994 0 0.6076573
Caudal.Mesoderm Allantois 0 0 0 0.03694258 0.06759103 -0.03431653 0.01693172 0.9992676 -0.9994109 0 -0.03432145
Caudal.Mesoderm Anterior.Primitive.Streak 0 0 0 0.03705132 0.05208018 0.04742682 0.01380628 0.9987793 -0.9988745 0 0.04743133
Caudal.Mesoderm Endothelium 0 0 0 0.03694258 0.02309445 -0.03431653 0.01693172 0.9992676 -0.9994109 0 -0.03432145
Caudal.Mesoderm Forebrain/Midbrain/Hindbrain 0 0 0 0.04076018 0.114822 0.3547372 0.01683701 0.9348145 -0.934947 0 0.3547874
Caudal.Mesoderm Spinal.cord 0 0 0 0.03758723 0.06159843 0.2073021 0.003277564 0.9782715 -0.9782767 0 0.2073032
Caudal.Mesoderm Cardiomyocytes 0 0 0 0.03694258 0.02436399 -0.03431653 0.01693172 0.9992676 -0.9994109 0 -0.03432145
Caudal.Mesoderm Erythroid2 0 0 0 0.03694258 0.02113886 -0.03431653 0.01693172 0.9992676 -0.9994109 0 -0.03432145
Caudal.Mesoderm NMP 0.01154349 0.4100503 0.2065803 0.02815139 0.05587893 -0.1030388 0.5004377 -0.8596192 0.9928926 0 -0.1190137
Caudal.Mesoderm Erythroid3 0 0 0 0.03694258 0.03595774 -0.03431653 0.01693172 0.9992676 -0.9994109 0 -0.03432145
Caudal.Mesoderm Neural.crest 0 0 0 0.03694258 0.01598593 -0.03431653 0.01693172 0.9992676 -0.9994109 0 -0.03432145
Erythroid1 Def..endoderm 0 0 0 0.0370214 0.1572905 -0.03431653 0.01693172 0.9992676 -0.9994109 0 -0.03432145
Erythroid1 Parietal.endoderm 0 0 0 0.0370214 0.02016668 -0.03431653 0.01693172 0.9992676 -0.9994109 0 -0.03432145
Erythroid1 Allantois 0 0 0 0.0370214 0.06759103 -0.03431653 0.01693172 0.9992676 -0.9994109 0 -0.03432145
Erythroid1 Anterior.Primitive.Streak 0 0 0 0.0370214 0.05350759 -0.03431653 0.01693172 0.9992676 -0.9994109 0 -0.03432145
Erythroid1 Endothelium 0 0 0 0.0370214 0.02309445 -0.03431653 0.01693172 0.9992676 -0.9994109 0 -0.03432145
Erythroid1 Forebrain/Midbrain/Hindbrain 0 0 0 0.0370214 0.1182891 -0.03431653 0.01693172 0.9992676 -0.9994109 0 -0.03432145
Erythroid1 Spinal.cord 0 0 0 0.0370214 0.0565397 -0.03431653 0.01693172 0.9992676 -0.9994109 0 -0.03432145
Erythroid1 Cardiomyocytes 0 0 0 0.0370214 0.02436399 -0.03431653 0.01693172 0.9992676 -0.9994109 0 -0.03432145
Erythroid1 Erythroid2 0.003332294 0.08821466 0.2563953 0.03777483 0.01299671 0.4837565 0.6555701 -0.579834 0.7678555 0 0.6406231
Erythroid1 NMP 0 0 0 0.0370214 0.04527754 -0.03431653 0.01693172 0.9992676 -0.9994109 0 -0.03432145
Erythroid1 Erythroid3 0 0 0 0.03975751 0.03972866 0.4518901 0.03573929 0.8913574 -0.8919272 0 0.452179
Erythroid1 Neural.crest 0 0 0 0.0370214 0.01598593 -0.03431653 0.01693172 0.9992676 -0.9994109 0 -0.03432145
Def..endoderm Parietal.endoderm 0.002083172 0.02308895 0.9889864 0.09022375 0.002106371 0.8619642 0.4375255 0.2561036 -0.2848108 0 0.9585837
Def..endoderm Allantois 0 0 0 0.1290704 0.07529131 -0.3300464 0.3374392 0.8815918 -0.9365213 0 -0.3506107
Def..endoderm Anterior.Primitive.Streak 0.008282058 0.1088573 0.5526777 0.0760818 0.01498533 0.4135596 0.9104273 0.009521536 -0.02301727 0 0.9997351
Def..endoderm Endothelium 0 0 0 0.1294228 0.02394738 -0.2434996 0.3902198 0.8879395 -0.964395 0 -0.264466
Def..endoderm Forebrain/Midbrain/Hindbrain 0.01291082 0.1753332 0.07513528 0.07363593 0.1718344 0.7364487 0.6442702 0.2062989 -0.2697429 0 0.9629323
Def..endoderm Spinal.cord 0 0 0 0.1320255 0.07330199 0.7923183 0.0008303243 0.6101074 -0.6101077 0 0.7923186
Def..endoderm Cardiomyocytes 0 0 0 0.1572905 0.02436399 -0.03431653 0.01693172 0.9992676 -0.9994109 0 -0.03432145
Def..endoderm Erythroid2 0 0 0 0.1572905 0.02113886 -0.03431653 0.01693172 0.9992676 -0.9994109 0 -0.03432145
Def..endoderm NMP 0.004867165 0.05613414 0.1118205 0.08670598 0.04352659 -0.2188033 0.9074693 0.3586426 -0.8536705 0 -0.5208135
Def..endoderm Erythroid3 0 0 0 0.1529797 0.03534263 -0.06643912 0.06958211 0.9953613 -0.9977797 0 -0.06660055
Def..endoderm Neural.crest 0 0 0 0.1509099 0.01464511 -0.163272 0.004171492 0.9865723 -0.9865808 0 -0.1632735
Parietal.endoderm Allantois 0 0 0 0.02016668 0.06759103 -0.03431653 0.01693172 0.9992676 -0.9994109 0 -0.03432145
Parietal.endoderm Anterior.Primitive.Streak 0.0007251008 0.3131061 0.02412837 0.002315831 0.03005179 0.8532929 0.5184785 0.05541996 -0.06481179 0 0.9978976
Parietal.endoderm Endothelium 0 0 0 0.02016668 0.02309445 -0.03431653 0.01693172 0.9992676 -0.9994109 0 -0.03432145
Parietal.endoderm Forebrain/Midbrain/Hindbrain 0 0 0 0.00969797 0.1708168 0.8235253 0.02670997 0.5666504 -0.5668526 0 0.8238192
Parietal.endoderm Spinal.cord 0 0 0 0.01170313 0.06576673 0.3547372 0.01683701 0.9348145 -0.934947 0 0.3547874
Parietal.endoderm Cardiomyocytes 0 0 0 0.02016668 0.02436399 -0.03431653 0.01693172 0.9992676 -0.9994109 0 -0.03432145
Parietal.endoderm Erythroid2 0 0 0 0.02016668 0.02113886 -0.03431653 0.01693172 0.9992676 -0.9994109 0 -0.03432145
Parietal.endoderm NMP 0.0003818013 0.08117819 0.003808227 0.00470325 0.100257 0.7538237 0.6146896 -0.2321778 0.2943546 0 0.9556963
Parietal.endoderm Erythroid3 0 0 0 0.02016668 0.03595774 -0.03431653 0.01693172 0.9992676 -0.9994109 0 -0.03432145
Parietal.endoderm Neural.crest 0 0 0 0.02016668 0.01598593 -0.03431653 0.01693172 0.9992676 -0.9994109 0 -0.03432145
Allantois Anterior.Primitive.Streak 0 0 0 0.0698223 0.0579537 -0.2036511 0.1137582 0.9724121 -0.9787658 0 -0.2049817
Allantois Endothelium 0.0006984649 0.01936264 0.05867625 0.03607281 0.01190371 0.09978654 0.9653899 -0.2409668 0.9239137 0 0.3826011
Allantois Forebrain/Midbrain/Hindbrain 0 0 0 0.06168904 0.180205 -0.5963449 0.01955031 0.8024902 -0.8026436 0 -0.5964589
Allantois Spinal.cord 0 0 0 0.0693436 0.05595215 -0.06643912 0.06958211 0.9953613 -0.9977797 0 -0.06660055
Allantois Cardiomyocytes 0 0 0 0.06759103 0.02436399 -0.03431653 0.01693172 0.9992676 -0.9994109 0 -0.03432145
Allantois Erythroid2 0 0 0 0.06759103 0.02113886 -0.03431653 0.01693172 0.9992676 -0.9994109 0 -0.03432145
Allantois NMP 0 0 0 0.06759103 0.04527754 -0.03431653 0.01693172 0.9992676 -0.9994109 0 -0.03432145
Allantois Erythroid3 0 0 0 0.06759103 0.03595774 -0.03431653 0.01693172 0.9992676 -0.9994109 0 -0.03432145
Allantois Neural.crest 0 0 0 0.06759103 0.01598593 -0.03431653 0.01693172 0.9992676 -0.9994109 0 -0.03432145
Anterior.Primitive.Streak Endothelium 0 0 0 0.05350759 0.02309445 -0.03431653 0.01693172 0.9992676 -0.9994109 0 -0.03432145
Anterior.Primitive.Streak Forebrain/Midbrain/Hindbrain 0.00626494 0.1556929 0.04842658 0.04023908 0.1293699 -0.5687335 0.6698745 -0.4772949 0.6428436 0 -0.7659974
Anterior.Primitive.Streak Spinal.cord 0 0 0 0.06077024 0.05616216 -0.4880287 0.006581897 0.8728027 -0.8728217 0 -0.4880393
Anterior.Primitive.Streak Cardiomyocytes 0 0 0 0.05350759 0.02436399 -0.03431653 0.01693172 0.9992676 -0.9994109 0 -0.03432145
Anterior.Primitive.Streak Erythroid2 0 0 0 0.05350759 0.02113886 -0.03431653 0.01693172 0.9992676 -0.9994109 0 -0.03432145
Anterior.Primitive.Streak NMP 0 0 0 0.05350759 0.04527754 -0.03431653 0.01693172 0.9992676 -0.9994109 0 -0.03432145
Anterior.Primitive.Streak Erythroid3 0 0 0 0.05350759 0.03595774 -0.03431653 0.01693172 0.9992676 -0.9994109 0 -0.03432145
Anterior.Primitive.Streak Neural.crest 0 0 0 0.05350759 0.01598593 -0.03431653 0.01693172 0.9992676 -0.9994109 0 -0.03432145
Endothelium Forebrain/Midbrain/Hindbrain 0 0 0 0.02309445 0.1182891 -0.03431653 0.01693172 0.9992676 -0.9994109 0 -0.03432145
Endothelium Spinal.cord 0 0 0 0.02309445 0.0565397 -0.03431653 0.01693172 0.9992676 -0.9994109 0 -0.03432145
Endothelium Cardiomyocytes 0 0 0 0.02309445 0.02436399 -0.03431653 0.01693172 0.9992676 -0.9994109 0 -0.03432145
Endothelium Erythroid2 0 0 0 0.02309445 0.02113886 -0.03431653 0.01693172 0.9992676 -0.9994109 0 -0.03432145
Endothelium NMP 0 0 0 0.02309445 0.04527754 -0.03431653 0.01693172 0.9992676 -0.9994109 0 -0.03432145
Endothelium Erythroid3 0 0 0 0.023063 0.03096845 -0.3232228 0.1158166 0.939209 -0.9455721 0 -0.3254126
Endothelium Neural.crest 0 0 0 0.02309445 0.01598593 -0.03431653 0.01693172 0.9992676 -0.9994109 0 -0.03432145
Forebrain/Midbrain/Hindbrain Spinal.cord 0.007834272 0.05571423 0.1689022 0.1406153 0.04638347 0.4328586 0.8445659 -0.3151855 0.5886348 0 0.808399
Forebrain/Midbrain/Hindbrain Cardiomyocytes 0 0 0 0.1138415 0.02713246 0.04742682 0.01380628 0.9987793 -0.9988745 0 0.04743133
Forebrain/Midbrain/Hindbrain Erythroid2 0 0 0 0.1182891 0.02113886 -0.03431653 0.01693172 0.9992676 -0.9994109 0 -0.03432145
Forebrain/Midbrain/Hindbrain NMP 0.004234935 0.03098768 0.06729742 0.1366651 0.06292863 0.435982 0.6342947 0.6384277 -0.8258115 0 0.5639462
Forebrain/Midbrain/Hindbrain Erythroid3 0 0 0 0.1182891 0.03595774 -0.03431653 0.01693172 0.9992676 -0.9994109 0 -0.03432145
Forebrain/Midbrain/Hindbrain Neural.crest 0.002728215 0.02187384 0.3070107 0.124725 0.008886384 -0.1184114 0.9909492 -0.06323245 0.4710505 0 -0.8821063
Spinal.cord Cardiomyocytes 0 0 0 0.0569028 0.02713246 0.04742682 0.01380628 0.9987793 -0.9988745 0 0.04743133
Spinal.cord Erythroid2 0 0 0 0.0565397 0.02113886 -0.03431653 0.01693172 0.9992676 -0.9994109 0 -0.03432145
Spinal.cord NMP 0.004412579 0.08192196 0.05296205 0.0538632 0.08331586 0.630459 0.7024305 0.3303222 -0.4640972 0 0.8857843
Spinal.cord Erythroid3 0 0 0 0.0565397 0.03595774 -0.03431653 0.01693172 0.9992676 -0.9994109 0 -0.03432145
Spinal.cord Neural.crest 0.006147192 0.1449925 0.7646387 0.04239661 0.008039341 -0.07449497 0.8618228 -0.5017089 0.9891555 0 -0.1468722
Cardiomyocytes Erythroid2 0 0 0 0.02436399 0.02113886 -0.03431653 0.01693172 0.9992676 -0.9994109 0 -0.03432145
Cardiomyocytes NMP 0 0 0 0.02436399 0.04527754 -0.03431653 0.01693172 0.9992676 -0.9994109 0 -0.03432145
Cardiomyocytes Erythroid3 0 0 0 0.02436399 0.03595774 -0.03431653 0.01693172 0.9992676 -0.9994109 0 -0.03432145
Cardiomyocytes Neural.crest 0 0 0 0.02713246 0.01683402 0.04742682 0.01380628 0.9987793 -0.9988745 0 0.04743133
Erythroid2 NMP 0 0 0 0.02113886 0.04527754 -0.03431653 0.01693172 0.9992676 -0.9994109 0 -0.03432145
Erythroid2 Erythroid3 0.005237981 0.440872 0.2161931 0.01188096 0.02422826 0.538862 0.7436451 -0.395752 0.591934 0 0.8059865
Erythroid2 Neural.crest 0 0 0 0.02113886 0.01598593 -0.03431653 0.01693172 0.9992676 -0.9994109 0 -0.03432145
NMP Erythroid3 0 0 0 0.04527754 0.03595774 -0.03431653 0.01693172 0.9992676 -0.9994109 0 -0.03432145
NMP Neural.crest 0 0 0 0.04527754 0.01598593 -0.03431653 0.01693172 0.9992676 -0.9994109 0 -0.03432145
Erythroid3 Neural.crest 0 0 0 0.03595774 0.01598593 -0.03431653 0.01693172 0.9992676 -0.9994109 0 -0.03432145
