Epiblast Primitive.Streak 0.04873101 0.3786898 0.4669036 0.1286832 0.1043706 0.4461276 0.8498706 0.2805176 -0.5323001 0 0.8465557
Epiblast ExE.ectoderm 0 0 0 0.1571667 0.09943843 -0.03431653 0.01693172 0.9992676 -0.9994109 0 -0.03432145
Epiblast Visceral.endoderm 0 0 0 0.1571667 0.02261631 -0.03431653 0.01693172 0.9992676 -0.9994109 0 -0.03432145
Epiblast ExE.endoderm 0 0 0 0.1582721 0.0942452 0.04742682 0.01380628 0.9987793 -0.9988745 0 0.04743133
Epiblast Nascent.mesoderm 0 0 0 0.1571667 0.06160652 -0.03431653 0.01693172 0.9992676 -0.9994109 0 -0.03432145
Epiblast Rostral.neurectoderm 0.02109414 0.1414461 0.2968395 0.149132 0.07106245 0.356378 0.1001853 -0.9289551 0.9336525 0 0.3581801
Epiblast Blood.progenitors.2 0 0 0 0.1591034 0.03331517 0.06822697 0.1235493 0.9899902 -0.9976337 0 0.06875373
Epiblast Mixed.mesoderm 0 0 0 0.1571667 0.05423987 -0.03431653 0.01693172 0.9992676 -0.9994109 0 -0.03432145
Epiblast ExE.mesoderm 0 0 0 0.1589493 0.05810163 0.1077844 0.05883846 0.9924316 -0.994154 0 0.1079714
Epiblast Intermediate.mesoderm 0 0 0 0.1571667 0.06106731 -0.03431653 0.01693172 0.9992676 -0.9994109 0 -0.03432145
Epiblast Pharyngeal.mesoderm 0 0 0 0.1571667 0.05749846 -0.03431653 0.01693172 0.9992676 -0.9994109 0 -0.03432145
Epiblast Caudal.epiblast 0 0 0 0.1571667 0.05081218 -0.03431653 0.01693172 0.9992676 -0.9994109 0 -0.03432145
Epiblast PGC 0 0 0 0.1571667 0.008682773 -0.03431653 0.01693172 0.9992676 -0.9994109 0 -0.03432145
Epiblast Mesenchyme 0 0 0 0.1582721 0.06831285 0.04742682 0.01380628 0.9987793 -0.9988745 0 0.04743133
Epiblast Haematoendothelial.progenitors 0 0 0 0.1447524 0.05233619 0.5880368 0.08416376 0.8044434 -0.8073078 0 0.5901307
Epiblast Blood.progenitors.1 0 0 0 0.1546719 0.01417328 0.06631152 0.3776181 0.923584 -0.9974325 0 0.07161369
Epiblast Surface.ectoderm 0 0 0 0.1481606 0.06243652 0.5269197 0.05848553 0.8479004 -0.8493543 0 0.5278232
Epiblast Gut 0 0 0 0.1571667 0.02507437 -0.03431653 0.01693172 0.9992676 -0.9994109 0 -0.03432145
Epiblast Paraxial.mesoderm 0 0 0 0.1571667 0.0531585 -0.03431653 0.01693172 0.9992676 -0.9994109 0 -0.03432145
Epiblast Caudal.neurectoderm 0 0 0 0.1537122 0.04978669 -0.163272 0.004171492 0.9865723 -0.9865808 0 -0.1632735
Epiblast Notochord 0 0 0 0.1571667 0.00407114 -0.03431653 0.01693172 0.9992676 -0.9994109 0 -0.03432145
Epiblast Somitic.mesoderm 0 0 0 0.1571667 0.03411619 -0.03431653 0.01693172 0.9992676 -0.9994109 0 -0.03432145
Epiblast Caudal.Mesoderm 0 0 0 0.1571667 0.02958396 -0.03431653 0.01693172 0.9992676 -0.9994109 0 -0.03432145
Epiblast Erythroid1 0 0 0 0.1558476 0.02985295 -0.4273793 0.3123837 0.8483887 -0.8930821 0 -0.4498938
Epiblast Def..endoderm 0 0 0 0.1571667 0.03189201 -0.03431653 0.01693172 0.9992676 -0.9994109 0 -0.03432145
Epiblast Parietal.endoderm 0 0 0 0.1571667 0.00139262 -0.03431653 0.01693172 0.9992676 -0.9994109 0 -0.03432145
Epiblast Allantois 0 0 0 0.1588808 0.0315555 0.1755089 0.06725698 0.9821777 -0.9844068 0 0.1759073
Epiblast Anterior.Primitive.Streak 0 0 0 0.1571667 0.01720322 -0.03431653 0.01693172 0.9992676 -0.9994109 0 -0.03432145
Epiblast Endothelium 0 0 0 0.1412091 0.01492208 0.6389964 0.1121761 0.7609863 -0.7658199 0 0.6430551
Epiblast Forebrain/Midbrain/Hindbrain 0 0 0 0.1571667 0.06533267 -0.03431653 0.01693172 0.9992676 -0.9994109 0 -0.03432145
Epiblast Spinal.cord 0 0 0 0.1571667 0.02574069 -0.03431653 0.01693172 0.9992676 -0.9994109 0 -0.03432145
Epiblast Cardiomyocytes 0 0 0 0.1571667 0.01900001 -0.03431653 0.01693172 0.9992676 -0.9994109 0 -0.03432145
Epiblast Erythroid2 0 0 0 0.1544019 0.01839811 -0.5025711 0.1449677 0.8522949 -0.8613943 0 -0.5079368
Epiblast NMP 0 0 0 0.1571667 0.02261177 -0.03431653 0.01693172 0.9992676 -0.9994109 0 -0.03432145
Epiblast Erythroid3 0 0 0 0.1546154 0.02434543 -0.6017814 0.1010978 0.7922363 -0.7963163 0 -0.6048805
Epiblast Neural.crest 0 0 0 0.1571667 0.007068662 -0.03431653 0.01693172 0.9992676 -0.9994109 0 -0.03432145
Primitive.Streak ExE.ectoderm 0 0 0 0.1243629 0.09943843 -0.03431653 0.01693172 0.9992676 -0.9994109 0 -0.03432145
Primitive.Streak Visceral.endoderm 0 0 0 0.1254359 0.02274424 0.04742682 0.01380628 0.9987793 -0.9988745 0 0.04743133
Primitive.Streak ExE.endoderm 0 0 0 0.1220826 0.08850726 0.3927413 0.05137501 0.9182129 -0.919427 0 0.3932606
Primitive.Streak Nascent.mesoderm 0.008716909 0.07529317 0.1512604 0.1157729 0.0576285 -0.1392371 0.6223399 0.7702637 -0.9840517 0 -0.1778826
Primitive.Streak Rostral.neurectoderm 0.01798436 0.1523924 0.2496909 0.1180135 0.07202648 0.3851165 0.02192781 -0.9226074 0.9228293 0 0.3852092
Primitive.Streak Blood.progenitors.2 0 0 0 0.1243629 0.03299162 -0.03431653 0.01693172 0.9992676 -0.9994109 0 -0.03432145
Primitive.Streak Mixed.mesoderm 0 0 0 0.1223638 0.05586028 0.2448073 0.2269885 0.942627 -0.9678914 0 0.2513687
Primitive.Streak ExE.mesoderm 0 0 0 0.1235389 0.05903781 0.06822697 0.1235493 0.9899902 -0.9976337 0 0.06875373
Primitive.Streak Intermediate.mesoderm 0 0 0 0.1245795 0.06462265 0.1755089 0.06725698 0.9821777 -0.9844068 0 0.1759073
Primitive.Streak Pharyngeal.mesoderm 0 0 0 0.1243629 0.05749846 -0.03431653 0.01693172 0.9992676 -0.9994109 0 -0.03432145
Primitive.Streak Caudal.epiblast 0.008658553 0.07907703 0.1584367 0.1094952 0.05464991 0.4149788 0.8929285 -0.1745605 0.3877412 0 0.9217682
Primitive.Streak PGC 0 0 0 0.1232602 0.008582628 0.3547372 0.01683701 0.9348145 -0.934947 0 0.3547874
Primitive.Streak Mesenchyme 0 0 0 0.1243629 0.06780432 -0.03431653 0.01693172 0.9992676 -0.9994109 0 -0.03432145
Primitive.Streak Haematoendothelial.progenitors 0 0 0 0.1130438 0.04127418 0.3885726 0.6799585 0.6218262 -0.8480405 0 0.5299315
Primitive.Streak Blood.progenitors.1 0 0 0 0.1243629 0.01336709 -0.03431653 0.01693172 0.9992676 -0.9994109 0 -0.03432145
Primitive.Streak Surface.ectoderm 0.01382373 0.1222636 0.3156777 0.113065 0.04379066 0.2530107 0.9278019 0.27417 -0.734896 0 0.6781798
Primitive.Streak Gut 0 0 0 0.1150796 0.0235142 -0.4880287 0.006581897 0.8728027 -0.8728217 0 -0.4880393
Primitive.Streak Paraxial.mesoderm 0 0 0 0.1243629 0.0531585 -0.03431653 0.01693172 0.9992676 -0.9994109 0 -0.03432145
Primitive.Streak Caudal.neurectoderm 0.00472758 0.04422313 0.192578 0.1069029 0.02454891 -0.796771 0.6042788 -0.001709027 0.002144936 0 -0.9999977
Primitive.Streak Notochord 0 0 0 0.1243629 0.00407114 -0.03431653 0.01693172 0.9992676 -0.9994109 0 -0.03432145
Primitive.Streak Somitic.mesoderm 0 0 0 0.1243629 0.03411619 -0.03431653 0.01693172 0.9992676 -0.9994109 0 -0.03432145
Primitive.Streak Caudal.Mesoderm 0 0 0 0.1257646 0.02837909 0.2073021 0.003277564 0.9782715 -0.9782767 0 0.2073032
Primitive.Streak Erythroid1 0 0 0 0.1243629 0.03471635 -0.03431653 0.01693172 0.9992676 -0.9994109 0 -0.03432145
Primitive.Streak Def..endoderm 0.001380091 0.01277706 0.05896489 0.1080132 0.0234053 -0.870749 0.0742869 -0.486084 0.4874308 0 -0.8731616
Primitive.Streak Parietal.endoderm 0 0 0 0.1243629 0.00139262 -0.03431653 0.01693172 0.9992676 -0.9994109 0 -0.03432145
Primitive.Streak Allantois 0 0 0 0.1235389 0.03277032 0.06822697 0.1235493 0.9899902 -0.9976337 0 0.06875373
Primitive.Streak Anterior.Primitive.Streak 0.004420685 0.04579716 0.2259502 0.09652748 0.01956486 -0.9642966 0.203326 0.1696777 -0.1732977 0 -0.9848695
Primitive.Streak Endothelium 0 0 0 0.1076212 0.0143271 -0.7050791 0.0733761 0.7053223 -0.7072287 0 -0.7069848
Primitive.Streak Forebrain/Midbrain/Hindbrain 0 0 0 0.1243629 0.06533267 -0.03431653 0.01693172 0.9992676 -0.9994109 0 -0.03432145
Primitive.Streak Spinal.cord 0 0 0 0.1243629 0.02574069 -0.03431653 0.01693172 0.9992676 -0.9994109 0 -0.03432145
Primitive.Streak Cardiomyocytes 0 0 0 0.1243629 0.01900001 -0.03431653 0.01693172 0.9992676 -0.9994109 0 -0.03432145
Primitive.Streak Erythroid2 0 0 0 0.1243629 0.0194883 -0.03431653 0.01693172 0.9992676 -0.9994109 0 -0.03432145
Primitive.Streak NMP 0 0 0 0.1243629 0.02261177 -0.03431653 0.01693172 0.9992676 -0.9994109 0 -0.03432145
Primitive.Streak Erythroid3 0 0 0 0.1187763 0.03200426 -0.267615 0.1216898 0.9558105 -0.9629672 0 -0.2696187
Primitive.Streak Neural.crest 0 0 0 0.1243629 0.007068662 -0.03431653 0.01693172 0.9992676 -0.9994109 0 -0.03432145
ExE.ectoderm Visceral.endoderm 0 0 0 0.09943843 0.02261631 -0.03431653 0.01693172 0.9992676 -0.9994109 0 -0.03432145
ExE.ectoderm ExE.endoderm 0 0 0 0.09943843 0.09549287 -0.03431653 0.01693172 0.9992676 -0.9994109 0 -0.03432145
ExE.ectoderm Nascent.mesoderm 0 0 0 0.09943843 0.06160652 -0.03431653 0.01693172 0.9992676 -0.9994109 0 -0.03432145
ExE.ectoderm Rostral.neurectoderm 0 0 0 0.09943843 0.07441628 -0.03431653 0.01693172 0.9992676 -0.9994109 0 -0.03432145
ExE.ectoderm Blood.progenitors.2 0 0 0 0.09943843 0.03299162 -0.03431653 0.01693172 0.9992676 -0.9994109 0 -0.03432145
ExE.ectoderm Mixed.mesoderm 0 0 0 0.09943843 0.05423987 -0.03431653 0.01693172 0.9992676 -0.9994109 0 -0.03432145
ExE.ectoderm ExE.mesoderm 0 0 0 0.09943843 0.0589442 -0.03431653 0.01693172 0.9992676 -0.9994109 0 -0.03432145
ExE.ectoderm Intermediate.mesoderm 0 0 0 0.09556956 0.06091465 -0.163272 0.004171492 0.9865723 -0.9865808 0 -0.1632735
ExE.ectoderm Pharyngeal.mesoderm 0 0 0 0.09858136 0.05662904 -0.06643912 0.06958211 0.9953613 -0.9977797 0 -0.06660055
ExE.ectoderm Caudal.epiblast 0 0 0 0.09943843 0.05081218 -0.03431653 0.01693172 0.9992676 -0.9994109 0 -0.03432145
ExE.ectoderm PGC 0 0 0 0.09943843 0.008682773 -0.03431653 0.01693172 0.9992676 -0.9994109 0 -0.03432145
ExE.ectoderm Mesenchyme 0 0 0 0.09943843 0.06780432 -0.03431653 0.01693172 0.9992676 -0.9994109 0 -0.03432145
ExE.ectoderm Haematoendothelial.progenitors 0 0 0 0.09943843 0.05559314 -0.03431653 0.01693172 0.9992676 -0.9994109 0 -0.03432145
ExE.ectoderm Blood.progenitors.1 0 0 0 0.09943843 0.01336709 -0.03431653 0.01693172 0.9992676 -0.9994109 0 -0.03432145
ExE.ectoderm Surface.ectoderm 0 0 0 0.09943843 0.0657052 -0.03431653 0.01693172 0.9992676 -0.9994109 0 -0.03432145
ExE.ectoderm Gut 0 0 0 0.09943843 0.02507437 -0.03431653 0.01693172 0.9992676 -0.9994109 0 -0.03432145
ExE.ectoderm Paraxial.mesoderm 0 0 0 0.09943843 0.0531585 -0.03431653 0.01693172 0.9992676 -0.9994109 0 -0.03432145
ExE.ectoderm Caudal.neurectoderm 0 0 0 0.09943843 0.04902384 -0.03431653 0.01693172 0.9992676 -0.9994109 0 -0.03432145
ExE.ectoderm Notochord 0 0 0 0.09943843 0.00407114 -0.03431653 0.01693172 0.9992676 -0.9994109 0 -0.03432145
ExE.ectoderm Somitic.mesoderm 0 0 0 0.09318386 0.03595255 -0.2472899 0.07461375 0.9660645 -0.9687648 0 -0.2479811
ExE.ectoderm Caudal.Mesoderm 0 0 0 0.09943843 0.02958396 -0.03431653 0.01693172 0.9992676 -0.9994109 0 -0.03432145
ExE.ectoderm Erythroid1 0 0 0 0.09943843 0.03471635 -0.03431653 0.01693172 0.9992676 -0.9994109 0 -0.03432145
ExE.ectoderm Def..endoderm 0 0 0 0.09943843 0.03189201 -0.03431653 0.01693172 0.9992676 -0.9994109 0 -0.03432145
ExE.ectoderm Parietal.endoderm 0 0 0 0.09943843 0.00139262 -0.03431653 0.01693172 0.9992676 -0.9994109 0 -0.03432145
ExE.ectoderm Allantois 0 0 0 0.09943843 0.03215934 -0.03431653 0.01693172 0.9992676 -0.9994109 0 -0.03432145
ExE.ectoderm Anterior.Primitive.Streak 0 0 0 0.09943843 0.01720322 -0.03431653 0.01693172 0.9992676 -0.9994109 0 -0.03432145
ExE.ectoderm Endothelium 0 0 0 0.09943843 0.01575093 -0.03431653 0.01693172 0.9992676 -0.9994109 0 -0.03432145
ExE.ectoderm Forebrain/Midbrain/Hindbrain 0 0 0 0.09943843 0.06533267 -0.03431653 0.01693172 0.9992676 -0.9994109 0 -0.03432145
ExE.ectoderm Spinal.cord 0 0 0 0.1032287 0.0261333 0.05644158 0.06422738 0.9963379 -0.9983993 0 0.05655836
ExE.ectoderm Cardiomyocytes 0 0 0 0.09013885 0.01780604 -0.4640035 0.1086064 0.8791504 -0.8843817 0 -0.4667645
ExE.ectoderm Erythroid2 0 0 0 0.09943843 0.0194883 -0.03431653 0.01693172 0.9992676 -0.9994109 0 -0.03432145
ExE.ectoderm NMP 0 0 0 0.09943843 0.02261177 -0.03431653 0.01693172 0.9992676 -0.9994109 0 -0.03432145
ExE.ectoderm Erythroid3 0 0 0 0.09943843 0.03595774 -0.03431653 0.01693172 0.9992676 -0.9994109 0 -0.03432145
ExE.ectoderm Neural.crest 0 0 0 0.09943843 0.007068662 -0.03431653 0.01693172 0.9992676 -0.9994109 0 -0.03432145
Visceral.endoderm ExE.endoderm 0.001678941 0.1494562 0.02172178 0.01123367 0.07729297 0.7594639 0.5133107 -0.3996582 0.465692 0 0.8849469
Visceral.endoderm Nascent.mesoderm 0 0 0 0.02261631 0.06160652 -0.03431653 0.01693172 0.9992676 -0.9994109 0 -0.03432145
Visceral.endoderm Rostral.neurectoderm 0 0 0 0.02261631 0.07441628 -0.03431653 0.01693172 0.9992676 -0.9994109 0 -0.03432145
Visceral.endoderm Blood.progenitors.2 0 0 0 0.02261631 0.03299162 -0.03431653 0.01693172 0.9992676 -0.9994109 0 -0.03432145
Visceral.endoderm Mixed.mesoderm 0 0 0 0.02261631 0.05423987 -0.03431653 0.01693172 0.9992676 -0.9994109 0 -0.03432145
Visceral.endoderm ExE.mesoderm 0 0 0 0.02261631 0.0589442 -0.03431653 0.01693172 0.9992676 -0.9994109 0 -0.03432145
Visceral.endoderm Intermediate.mesoderm 0 0 0 0.02261631 0.06106731 -0.03431653 0.01693172 0.9992676 -0.9994109 0 -0.03432145
Visceral.endoderm Pharyngeal.mesoderm 0 0 0 0.02261631 0.05749846 -0.03431653 0.01693172 0.9992676 -0.9994109 0 -0.03432145
Visceral.endoderm Caudal.epiblast 0 0 0 0.02085925 0.05146249 -0.3573058 0.0458512 0.9328613 -0.9338435 0 -0.357682
Visceral.endoderm PGC 0 0 0 0.02261631 0.008682773 -0.03431653 0.01693172 0.9992676 -0.9994109 0 -0.03432145
Visceral.endoderm Mesenchyme 0 0 0 0.02261631 0.06780432 -0.03431653 0.01693172 0.9992676 -0.9994109 0 -0.03432145
Visceral.endoderm Haematoendothelial.progenitors 0 0 0 0.02261631 0.05559314 -0.03431653 0.01693172 0.9992676 -0.9994109 0 -0.03432145
Visceral.endoderm Blood.progenitors.1 0 0 0 0.02261631 0.01336709 -0.03431653 0.01693172 0.9992676 -0.9994109 0 -0.03432145
Visceral.endoderm Surface.ectoderm 0 0 0 0.02274424 0.06462087 0.04742682 0.01380628 0.9987793 -0.9988745 0 0.04743133
Visceral.endoderm Gut 0.0006678699 0.04193958 0.02578394 0.01592457 0.02590255 -0.5163608 0.7218956 -0.4606933 0.6657398 0 -0.746184
Visceral.endoderm Paraxial.mesoderm 0 0 0 0.02261631 0.0531585 -0.03431653 0.01693172 0.9992676 -0.9994109 0 -0.03432145
Visceral.endoderm Caudal.neurectoderm 0 0 0 0.02261631 0.04902384 -0.03431653 0.01693172 0.9992676 -0.9994109 0 -0.03432145
Visceral.endoderm Notochord 0 0 0 0.02246809 0.004757838 -0.2719336 0.2264087 0.9353027 -0.9602378 0 -0.2791834
Visceral.endoderm Somitic.mesoderm 0 0 0 0.02261631 0.03411619 -0.03431653 0.01693172 0.9992676 -0.9994109 0 -0.03432145
Visceral.endoderm Caudal.Mesoderm 0 0 0 0.02200917 0.02996266 -0.163272 0.004171492 0.9865723 -0.9865808 0 -0.1632735
Visceral.endoderm Erythroid1 0 0 0 0.02261631 0.03471635 -0.03431653 0.01693172 0.9992676 -0.9994109 0 -0.03432145
Visceral.endoderm Def..endoderm 0 0 0 0.02207753 0.02923626 0.4518901 0.03573929 0.8913574 -0.8919272 0 0.452179
Visceral.endoderm Parietal.endoderm 0 0 0 0.02261631 0.00139262 -0.03431653 0.01693172 0.9992676 -0.9994109 0 -0.03432145
Visceral.endoderm Allantois 0 0 0 0.02261631 0.03215934 -0.03431653 0.01693172 0.9992676 -0.9994109 0 -0.03432145
Visceral.endoderm Anterior.Primitive.Streak 0 0 0 0.02261631 0.01720322 -0.03431653 0.01693172 0.9992676 -0.9994109 0 -0.03432145
Visceral.endoderm Endothelium 0 0 0 0.02261631 0.01575093 -0.03431653 0.01693172 0.9992676 -0.9994109 0 -0.03432145
Visceral.endoderm Forebrain/Midbrain/Hindbrain 0 0 0 0.02261631 0.06533267 -0.03431653 0.01693172 0.9992676 -0.9994109 0 -0.03432145
Visceral.endoderm Spinal.cord 0 0 0 0.02261631 0.02574069 -0.03431653 0.01693172 0.9992676 -0.9994109 0 -0.03432145
Visceral.endoderm Cardiomyocytes 0 0 0 0.02261631 0.01900001 -0.03431653 0.01693172 0.9992676 -0.9994109 0 -0.03432145
Visceral.endoderm Erythroid2 0 0 0 0.02261631 0.0194883 -0.03431653 0.01693172 0.9992676 -0.9994109 0 -0.03432145
Visceral.endoderm NMP 0 0 0 0.02261631 0.02261177 -0.03431653 0.01693172 0.9992676 -0.9994109 0 -0.03432145
Visceral.endoderm Erythroid3 0 0 0 0.02261631 0.03595774 -0.03431653 0.01693172 0.9992676 -0.9994109 0 -0.03432145
Visceral.endoderm Neural.crest 0 0 0 0.02261631 0.007068662 -0.03431653 0.01693172 0.9992676 -0.9994109 0 -0.03432145
ExE.endoderm Nascent.mesoderm 0 0 0 0.09658775 0.06635692 -0.4550163 0.0438203 0.8894043 -0.8902594 0 -0.4554538
ExE.endoderm Rostral.neurectoderm 0 0 0 0.09273557 0.07585707 0.1493689 0.02250491 0.9885254 -0.9887758 0 0.1494068
ExE.endoderm Blood.progenitors.2 0 0 0 0.09549287 0.03299162 -0.03431653 0.01693172 0.9992676 -0.9994109 0 -0.03432145
ExE.endoderm Mixed.mesoderm 0 0 0 0.09435081 0.06142893 -0.4880287 0.006581897 0.8728027 -0.8728217 0 -0.4880393
ExE.endoderm ExE.mesoderm 0 0 0 0.08475203 0.04623544 -0.9608328 0.00402823 0.2770996 -0.2771018 0 -0.9608406
ExE.endoderm Intermediate.mesoderm 0 0 0 0.08937124 0.06883467 -0.6510513 0.0009098255 0.7590332 -0.7590335 0 -0.6510516
ExE.endoderm Pharyngeal.mesoderm 0 0 0 0.09549287 0.05749846 -0.03431653 0.01693172 0.9992676 -0.9994109 0 -0.03432145
ExE.endoderm Caudal.epiblast 0 0 0 0.09435081 0.05307883 -0.4880287 0.006581897 0.8728027 -0.8728217 0 -0.4880393
ExE.endoderm PGC 0 0 0 0.08937124 0.013026 -0.6510513 0.0009098255 0.7590332 -0.7590335 0 -0.6510516
ExE.endoderm Mesenchyme 0 0 0 0.0856707 0.0690385 0.5024322 0.0140817 0.864502 -0.8645877 0 0.502482
ExE.endoderm Haematoendothelial.progenitors 0 0 0 0.09273557 0.05569207 0.1493689 0.02250491 0.9885254 -0.9887758 0 0.1494068
ExE.endoderm Blood.progenitors.1 0 0 0 0.09549287 0.01336709 -0.03431653 0.01693172 0.9992676 -0.9994109 0 -0.03432145
ExE.endoderm Surface.ectoderm 0 0 0 0.08420096 0.06268932 0.6076496 0.005010491 0.7941895 -0.7941994 0 0.6076573
ExE.endoderm Gut 0 0 0 0.09605459 0.02484168 0.05644158 0.06422738 0.9963379 -0.9983993 0 0.05655836
ExE.endoderm Paraxial.mesoderm 0 0 0 0.09549287 0.0531585 -0.03431653 0.01693172 0.9992676 -0.9994109 0 -0.03432145
ExE.endoderm Caudal.neurectoderm 0 0 0 0.09632704 0.04940648 -0.4001794 0.01801315 0.9162598 -0.9164084 0 -0.4002444
ExE.endoderm Notochord 0 0 0 0.09549287 0.00407114 -0.03431653 0.01693172 0.9992676 -0.9994109 0 -0.03432145
ExE.endoderm Somitic.mesoderm 0 0 0 0.09632704 0.03635338 -0.4001794 0.01801315 0.9162598 -0.9164084 0 -0.4002444
ExE.endoderm Caudal.Mesoderm 0 0 0 0.1041715 0.03483089 -0.4504965 0.2445114 0.8586426 -0.8855213 0 -0.4645987
ExE.endoderm Erythroid1 0 0 0 0.09549287 0.03471635 -0.03431653 0.01693172 0.9992676 -0.9994109 0 -0.03432145
ExE.endoderm Def..endoderm 0 0 0 0.1048605 0.03152394 -0.03449543 0.2367942 0.9709473 -0.9993695 0 -0.03550521
ExE.endoderm Parietal.endoderm 0 0 0 0.09549287 0.00139262 -0.03431653 0.01693172 0.9992676 -0.9994109 0 -0.03432145
ExE.endoderm Allantois 0 0 0 0.08690564 0.02784998 0.4518901 0.03573929 0.8913574 -0.8919272 0 0.452179
ExE.endoderm Anterior.Primitive.Streak 0 0 0 0.09870578 0.01696204 0.06822697 0.1235493 0.9899902 -0.9976337 0 0.06875373
ExE.endoderm Endothelium 0 0 0 0.09549287 0.01575093 -0.03431653 0.01693172 0.9992676 -0.9994109 0 -0.03432145
ExE.endoderm Forebrain/Midbrain/Hindbrain 0 0 0 0.09273557 0.0689607 0.1493689 0.02250491 0.9885254 -0.9887758 0 0.1494068
ExE.endoderm Spinal.cord 0 0 0 0.09605071 0.02588841 -0.163272 0.004171492 0.9865723 -0.9865808 0 -0.1632735
ExE.endoderm Cardiomyocytes 0 0 0 0.09549287 0.01900001 -0.03431653 0.01693172 0.9992676 -0.9994109 0 -0.03432145
ExE.endoderm Erythroid2 0 0 0 0.09549287 0.0194883 -0.03431653 0.01693172 0.9992676 -0.9994109 0 -0.03432145
ExE.endoderm NMP 0 0 0 0.09906547 0.02286098 -0.1226607 0.08250041 0.9890137 -0.9923967 0 -0.1230802
ExE.endoderm Erythroid3 0 0 0 0.09549287 0.03595774 -0.03431653 0.01693172 0.9992676 -0.9994109 0 -0.03432145
ExE.endoderm Neural.crest 0 0 0 0.09549287 0.007068662 -0.03431653 0.01693172 0.9992676 -0.9994109 0 -0.03432145
Nascent.mesoderm Rostral.neurectoderm 0.002884356 0.05892828 0.02854349 0.04894689 0.1010513 -0.04829426 0.8875093 -0.4582519 0.9944925 0 -0.1048076
Nascent.mesoderm Blood.progenitors.2 0 0 0 0.06160652 0.03299162 -0.03431653 0.01693172 0.9992676 -0.9994109 0 -0.03432145
Nascent.mesoderm Mixed.mesoderm 0.0281953 0.4824173 0.5784768 0.05844588 0.04874059 -0.1234356 0.8634983 0.4890137 -0.9695885 0 -0.2447412
Nascent.mesoderm ExE.mesoderm 0.001323835 0.02061314 0.02730637 0.06422285 0.04848081 -0.5839153 0.8115367 0.02124026 -0.03635155 0 -0.9993391
Nascent.mesoderm Intermediate.mesoderm 0.009677664 0.1915108 0.1648378 0.05053327 0.05871022 0.04116102 0.8580208 -0.511963 0.9967836 0 0.08013983
Nascent.mesoderm Pharyngeal.mesoderm 0 0 0 0.06844281 0.05929052 0.435982 0.6342947 0.6384277 -0.8258115 0 0.5639462
Nascent.mesoderm Caudal.epiblast 0.009943744 0.1602373 0.1976527 0.06205635 0.05030917 0.03002312 0.5034109 0.8635254 -0.9993961 0 0.03474709
Nascent.mesoderm PGC 0.002028725 0.0406628 0.2501746 0.04989141 0.008109234 -0.2729124 0.7882586 -0.5515136 0.8962685 0 -0.4435118
Nascent.mesoderm Mesenchyme 0 0 0 0.06196469 0.07402765 0.003944125 0.4551992 0.8903809 -0.9999902 0 0.004429662
Nascent.mesoderm Haematoendothelial.progenitors 0 0 0 0.06096057 0.05689913 -0.163272 0.004171492 0.9865723 -0.9865808 0 -0.1632735
Nascent.mesoderm Blood.progenitors.1 0 0 0 0.06160652 0.01336709 -0.03431653 0.01693172 0.9992676 -0.9994109 0 -0.03432145
Nascent.mesoderm Surface.ectoderm 0.003842891 0.07052963 0.05957676 0.05448619 0.06450319 0.005321592 0.5214399 -0.8532714 0.9999806 0 0.006236571
Nascent.mesoderm Gut 0 0 0 0.06160652 0.02507437 -0.03431653 0.01693172 0.9992676 -0.9994109 0 -0.03432145
Nascent.mesoderm Paraxial.mesoderm 0 0 0 0.06351883 0.05341474 0.04742682 0.01380628 0.9987793 -0.9988745 0 0.04743133
Nascent.mesoderm Caudal.neurectoderm 0 0 0 0.07915425 0.03890217 0.8209547 0.3426062 0.4567871 -0.4862131 0 0.8738403
Nascent.mesoderm Notochord 0 0 0 0.06160652 0.00407114 -0.03431653 0.01693172 0.9992676 -0.9994109 0 -0.03432145
Nascent.mesoderm Somitic.mesoderm 0 0 0 0.06566636 0.03422174 0.1493689 0.02250491 0.9885254 -0.9887758 0 0.1494068
Nascent.mesoderm Caudal.Mesoderm 0.004037689 0.07095228 0.149892 0.0569071 0.02693732 0.09801722 0.386096 -0.9172363 0.9943388 0 0.1062565
Nascent.mesoderm Erythroid1 0 0 0 0.06160652 0.03471635 -0.03431653 0.01693172 0.9992676 -0.9994109 0 -0.03432145
Nascent.mesoderm Def..endoderm 0 0 0 0.06160652 0.03189201 -0.03431653 0.01693172 0.9992676 -0.9994109 0 -0.03432145
Nascent.mesoderm Parietal.endoderm 0 0 0 0.06160652 0.00139262 -0.03431653 0.01693172 0.9992676 -0.9994109 0 -0.03432145
Nascent.mesoderm Allantois 0 0 0 0.06129313 0.03220946 -0.2136004 0.03431214 0.9763184 -0.9768936 0 -0.2137263
Nascent.mesoderm Anterior.Primitive.Streak 0 0 0 0.06160652 0.01720322 -0.03431653 0.01693172 0.9992676 -0.9994109 0 -0.03432145
Nascent.mesoderm Endothelium 0 0 0 0.06160652 0.01575093 -0.03431653 0.01693172 0.9992676 -0.9994109 0 -0.03432145
Nascent.mesoderm Forebrain/Midbrain/Hindbrain 0 0 0 0.08022186 0.06805282 0.8680545 0.01140375 0.4963379 -0.4963702 0 0.868111
Nascent.mesoderm Spinal.cord 0 0 0 0.08007516 0.02586076 0.8906685 0.04010629 0.4528809 -0.4532456 0 0.8913857
Nascent.mesoderm Cardiomyocytes 0 0 0 0.06160652 0.01900001 -0.03431653 0.01693172 0.9992676 -0.9994109 0 -0.03432145
Nascent.mesoderm Erythroid2 0 0 0 0.06160652 0.0194883 -0.03431653 0.01693172 0.9992676 -0.9994109 0 -0.03432145
Nascent.mesoderm NMP 0 0 0 0.06160652 0.02261177 -0.03431653 0.01693172 0.9992676 -0.9994109 0 -0.03432145
Nascent.mesoderm Erythroid3 0 0 0 0.06160652 0.03595774 -0.03431653 0.01693172 0.9992676 -0.9994109 0 -0.03432145
Nascent.mesoderm Neural.crest 0 0 0 0.06160652 0.007068662 -0.03431653 0.01693172 0.9992676 -0.9994109 0 -0.03432145
Rostral.neurectoderm Blood.progenitors.2 0 0 0 0.07441628 0.03299162 -0.03431653 0.01693172 0.9992676 -0.9994109 0 -0.03432145
Rostral.neurectoderm Mixed.mesoderm 0.0006922173 0.007548418 0.01361583 0.09170362 0.05083917 -0.3526624 0.363979 -0.8620606 0.9255465 0 -0.378634
Rostral.neurectoderm ExE.mesoderm 0 0 0 0.0781811 0.05424697 0.3927413 0.05137501 0.9182129 -0.919427 0 0.3932606
Rostral.neurectoderm Intermediate.mesoderm 0 0 0 0.07511295 0.06153901 0.04742682 0.01380628 0.9987793 -0.9988745 0 0.04743133
Rostral.neurectoderm Pharyngeal.mesoderm 0 0 0 0.07567076 0.05953071 0.1254137 0.1091319 0.986084 -0.992009 0 0.1261673
Rostral.neurectoderm Caudal.epiblast 0 0 0 0.07441628 0.05081218 -0.03431653 0.01693172 0.9992676 -0.9994109 0 -0.03432145
Rostral.neurectoderm PGC 0 0 0 0.07441628 0.008682773 -0.03431653 0.01693172 0.9992676 -0.9994109 0 -0.03432145
Rostral.neurectoderm Mesenchyme 0 0 0 0.0779563 0.06805129 0.3547372 0.01683701 0.9348145 -0.934947 0 0.3547874
Rostral.neurectoderm Haematoendothelial.progenitors 0.0008574729 0.009381026 0.0152106 0.09140502 0.05637338 -0.4112755 0.7667348 0.49292 -0.7678313 0 -0.6406521
Rostral.neurectoderm Blood.progenitors.1 0 0 0 0.07940619 0.01308295 -0.1059383 0.3307763 0.9377441 -0.9936792 0 -0.1122573
Rostral.neurectoderm Surface.ectoderm 0.006071729 0.07437007 0.09724643 0.08164211 0.06243652 0.5269197 0.05848553 0.8479004 -0.8493543 0 0.5278232
Rostral.neurectoderm Gut 0 0 0 0.07441628 0.02507437 -0.03431653 0.01693172 0.9992676 -0.9994109 0 -0.03432145
Rostral.neurectoderm Paraxial.mesoderm 0 0 0 0.07559326 0.05254157 0.0169663 0.1090042 0.9938965 -0.9998543 0 0.017068
Rostral.neurectoderm Caudal.neurectoderm 0.006499522 0.06736659 0.2032422 0.09647991 0.0319792 0.4710139 0.8567145 0.210205 -0.4075392 0 0.9131877
Rostral.neurectoderm Notochord 0 0 0 0.07441628 0.00407114 -0.03431653 0.01693172 0.9992676 -0.9994109 0 -0.03432145
Rostral.neurectoderm Somitic.mesoderm 0 0 0 0.07441628 0.03411619 -0.03431653 0.01693172 0.9992676 -0.9994109 0 -0.03432145
Rostral.neurectoderm Caudal.Mesoderm 0 0 0 0.07441628 0.02958396 -0.03431653 0.01693172 0.9992676 -0.9994109 0 -0.03432145
Rostral.neurectoderm Erythroid1 0 0 0 0.07441628 0.03471635 -0.03431653 0.01693172 0.9992676 -0.9994109 0 -0.03432145
Rostral.neurectoderm Def..endoderm 0 0 0 0.07441628 0.03189201 -0.03431653 0.01693172 0.9992676 -0.9994109 0 -0.03432145
Rostral.neurectoderm Parietal.endoderm 0 0 0 0.07441628 0.00139262 -0.03431653 0.01693172 0.9992676 -0.9994109 0 -0.03432145
Rostral.neurectoderm Allantois 0 0 0 0.07973054 0.02784998 0.4518901 0.03573929 0.8913574 -0.8919272 0 0.452179
Rostral.neurectoderm Anterior.Primitive.Streak 0 0 0 0.07441628 0.01720322 -0.03431653 0.01693172 0.9992676 -0.9994109 0 -0.03432145
Rostral.neurectoderm Endothelium 0 0 0 0.07441628 0.01575093 -0.03431653 0.01693172 0.9992676 -0.9994109 0 -0.03432145
Rostral.neurectoderm Forebrain/Midbrain/Hindbrain 0.01815184 0.2385131 0.3321904 0.07610416 0.05464287 0.1716551 0.3019443 -0.9377442 0.9836558 0 0.1800593
Rostral.neurectoderm Spinal.cord 0.001369864 0.0174268 0.04774576 0.0786067 0.02869079 -0.06731362 0.2910209 0.9543457 -0.9975217 0 -0.07035898
Rostral.neurectoderm Cardiomyocytes 0 0 0 0.07441628 0.01900001 -0.03431653 0.01693172 0.9992676 -0.9994109 0 -0.03432145
Rostral.neurectoderm Erythroid2 0 0 0 0.07441628 0.0194883 -0.03431653 0.01693172 0.9992676 -0.9994109 0 -0.03432145
Rostral.neurectoderm NMP 0 0 0 0.07441628 0.02261177 -0.03431653 0.01693172 0.9992676 -0.9994109 0 -0.03432145
Rostral.neurectoderm Erythroid3 0 0 0 0.07441628 0.03595774 -0.03431653 0.01693172 0.9992676 -0.9994109 0 -0.03432145
Rostral.neurectoderm Neural.crest 0 0 0 0.07441628 0.007068662 -0.03431653 0.01693172 0.9992676 -0.9994109 0 -0.03432145
Blood.progenitors.2 Mixed.mesoderm 0 0 0 0.03299162 0.05423987 -0.03431653 0.01693172 0.9992676 -0.9994109 0 -0.03432145
Blood.progenitors.2 ExE.mesoderm 0 0 0 0.03299162 0.0589442 -0.03431653 0.01693172 0.9992676 -0.9994109 0 -0.03432145
Blood.progenitors.2 Intermediate.mesoderm 0 0 0 0.03299162 0.06106731 -0.03431653 0.01693172 0.9992676 -0.9994109 0 -0.03432145
Blood.progenitors.2 Pharyngeal.mesoderm 0 0 0 0.03299162 0.05749846 -0.03431653 0.01693172 0.9992676 -0.9994109 0 -0.03432145
Blood.progenitors.2 Caudal.epiblast 0 0 0 0.03299162 0.05081218 -0.03431653 0.01693172 0.9992676 -0.9994109 0 -0.03432145
Blood.progenitors.2 PGC 0 0 0 0.03299162 0.008682773 -0.03431653 0.01693172 0.9992676 -0.9994109 0 -0.03432145
Blood.progenitors.2 Mesenchyme 0 0 0 0.03299162 0.06780432 -0.03431653 0.01693172 0.9992676 -0.9994109 0 -0.03432145
Blood.progenitors.2 Haematoendothelial.progenitors 0 0 0 0.03299162 0.05559314 -0.03431653 0.01693172 0.9992676 -0.9994109 0 -0.03432145
Blood.progenitors.2 Blood.progenitors.1 0.001471317 0.05663671 0.1241094 0.02597814 0.011855 0.6341189 0.4522354 -0.6271971 0.7032158 0 0.7109765
Blood.progenitors.2 Surface.ectoderm 0 0 0 0.03299162 0.0657052 -0.03431653 0.01693172 0.9992676 -0.9994109 0 -0.03432145
Blood.progenitors.2 Gut 0 0 0 0.03299162 0.02507437 -0.03431653 0.01693172 0.9992676 -0.9994109 0 -0.03432145
Blood.progenitors.2 Paraxial.mesoderm 0 0 0 0.03299162 0.0531585 -0.03431653 0.01693172 0.9992676 -0.9994109 0 -0.03432145
Blood.progenitors.2 Caudal.neurectoderm 0 0 0 0.03299162 0.04902384 -0.03431653 0.01693172 0.9992676 -0.9994109 0 -0.03432145
Blood.progenitors.2 Notochord 0 0 0 0.03299162 0.00407114 -0.03431653 0.01693172 0.9992676 -0.9994109 0 -0.03432145
Blood.progenitors.2 Somitic.mesoderm 0 0 0 0.03299162 0.03411619 -0.03431653 0.01693172 0.9992676 -0.9994109 0 -0.03432145
Blood.progenitors.2 Caudal.Mesoderm 0 0 0 0.03299162 0.02958396 -0.03431653 0.01693172 0.9992676 -0.9994109 0 -0.03432145
Blood.progenitors.2 Erythroid1 0.004287144 0.1564924 0.134738 0.02739521 0.03181836 0.6057786 0.2306267 -0.7614746 0.7825709 0 0.6225615
Blood.progenitors.2 Def..endoderm 0 0 0 0.03299162 0.03189201 -0.03431653 0.01693172 0.9992676 -0.9994109 0 -0.03432145
Blood.progenitors.2 Parietal.endoderm 0 0 0 0.03299162 0.00139262 -0.03431653 0.01693172 0.9992676 -0.9994109 0 -0.03432145
Blood.progenitors.2 Allantois 0 0 0 0.03299162 0.03215934 -0.03431653 0.01693172 0.9992676 -0.9994109 0 -0.03432145
Blood.progenitors.2 Anterior.Primitive.Streak 0 0 0 0.03299162 0.01720322 -0.03431653 0.01693172 0.9992676 -0.9994109 0 -0.03432145
Blood.progenitors.2 Endothelium 0 0 0 0.03299162 0.01575093 -0.03431653 0.01693172 0.9992676 -0.9994109 0 -0.03432145
Blood.progenitors.2 Forebrain/Midbrain/Hindbrain 0 0 0 0.03299162 0.06533267 -0.03431653 0.01693172 0.9992676 -0.9994109 0 -0.03432145
Blood.progenitors.2 Spinal.cord 0 0 0 0.03299162 0.02574069 -0.03431653 0.01693172 0.9992676 -0.9994109 0 -0.03432145
Blood.progenitors.2 Cardiomyocytes 0 0 0 0.03299162 0.01900001 -0.03431653 0.01693172 0.9992676 -0.9994109 0 -0.03432145
Blood.progenitors.2 Erythroid2 0 0 0 0.03299162 0.0194883 -0.03431653 0.01693172 0.9992676 -0.9994109 0 -0.03432145
Blood.progenitors.2 NMP 0 0 0 0.03299162 0.02261177 -0.03431653 0.01693172 0.9992676 -0.9994109 0 -0.03432145
Blood.progenitors.2 Erythroid3 0 0 0 0.03299162 0.03595774 -0.03431653 0.01693172 0.9992676 -0.9994109 0 -0.03432145
Blood.progenitors.2 Neural.crest 0 0 0 0.03299162 0.007068662 -0.03431653 0.01693172 0.9992676 -0.9994109 0 -0.03432145
Mixed.mesoderm ExE.mesoderm 0.00744928 0.1469158 0.1277225 0.05070442 0.05832393 -0.08799448 0.944124 -0.317627 0.9637017 0 -0.2669812
Mixed.mesoderm Intermediate.mesoderm 0.01280458 0.2290094 0.1923091 0.05591289 0.06658331 0.4660059 0.8420225 -0.2717286 0.5037214 0 0.8638662
Mixed.mesoderm Pharyngeal.mesoderm 0.006969042 0.1411049 0.1788614 0.04938908 0.03896337 -0.4112755 0.7667348 0.49292 -0.7678313 0 -0.6406521
Mixed.mesoderm Caudal.epiblast 0 0 0 0.05017414 0.05350674 -0.2727041 0.5848631 0.763916 -0.94179 0 -0.3362018
Mixed.mesoderm PGC 0.001272509 0.0262734 0.1533743 0.04843335 0.008296754 -0.1756046 0.4977367 -0.8493652 0.9792893 0 -0.2024661
Mixed.mesoderm Mesenchyme 0.004138942 0.06518038 0.05669902 0.06349982 0.07299849 -0.9712077 0.2008159 -0.1281739 0.1308392 0 -0.9914036
Mixed.mesoderm Haematoendothelial.progenitors 0.0009876071 0.01772085 0.01771325 0.05573134 0.05575526 0.1977139 0.1513461 -0.9685059 0.9797922 0 0.2000179
Mixed.mesoderm Blood.progenitors.1 0 0 0 0.05423987 0.01336709 -0.03431653 0.01693172 0.9992676 -0.9994109 0 -0.03432145
Mixed.mesoderm Surface.ectoderm 0.0007719251 0.01586634 0.01394517 0.04865173 0.0553543 -0.3778043 0.8000299 0.4660645 -0.7768257 0 -0.6297156
Mixed.mesoderm Gut 0 0 0 0.05423987 0.02507437 -0.03431653 0.01693172 0.9992676 -0.9994109 0 -0.03432145
Mixed.mesoderm Paraxial.mesoderm 0.001560706 0.02416189 0.03414496 0.06459368 0.04570823 -0.8127963 0.4443563 0.376709 -0.4205045 0 -0.9072904
Mixed.mesoderm Caudal.neurectoderm 0 0 0 0.05910457 0.04375497 0.4454116 0.1355221 0.8850098 -0.8932506 0 0.449559
Mixed.mesoderm Notochord 0 0 0 0.05423987 0.00407114 -0.03431653 0.01693172 0.9992676 -0.9994109 0 -0.03432145
Mixed.mesoderm Somitic.mesoderm 0 0 0 0.05470479 0.03422174 0.1493689 0.02250491 0.9885254 -0.9887758 0 0.1494068
Mixed.mesoderm Caudal.Mesoderm 0 0 0 0.05423987 0.02958396 -0.03431653 0.01693172 0.9992676 -0.9994109 0 -0.03432145
Mixed.mesoderm Erythroid1 0 0 0 0.05423987 0.03471635 -0.03431653 0.01693172 0.9992676 -0.9994109 0 -0.03432145
Mixed.mesoderm Def..endoderm 0 0 0 0.05423987 0.03189201 -0.03431653 0.01693172 0.9992676 -0.9994109 0 -0.03432145
Mixed.mesoderm Parietal.endoderm 0 0 0 0.05423987 0.00139262 -0.03431653 0.01693172 0.9992676 -0.9994109 0 -0.03432145
Mixed.mesoderm Allantois 0 0 0 0.06023594 0.03064362 -0.4550163 0.0438203 0.8894043 -0.8902594 0 -0.4554538
Mixed.mesoderm Anterior.Primitive.Streak 0 0 0 0.05423987 0.01720322 -0.03431653 0.01693172 0.9992676 -0.9994109 0 -0.03432145
Mixed.mesoderm Endothelium 0 0 0 0.05423987 0.01575093 -0.03431653 0.01693172 0.9992676 -0.9994109 0 -0.03432145
Mixed.mesoderm Forebrain/Midbrain/Hindbrain 0 0 0 0.06091788 0.06992636 0.732671 0.01490012 0.6804199 -0.6804954 0 0.7327523
Mixed.mesoderm Spinal.cord 0 0 0 0.06069274 0.02813444 -0.5336693 0.183975 0.8254395 -0.8397737 0 -0.5429367
Mixed.mesoderm Cardiomyocytes 0 0 0 0.05423987 0.01900001 -0.03431653 0.01693172 0.9992676 -0.9994109 0 -0.03432145
Mixed.mesoderm Erythroid2 0 0 0 0.05423987 0.0194883 -0.03431653 0.01693172 0.9992676 -0.9994109 0 -0.03432145
Mixed.mesoderm NMP 0 0 0 0.05423987 0.02261177 -0.03431653 0.01693172 0.9992676 -0.9994109 0 -0.03432145
Mixed.mesoderm Erythroid3 0 0 0 0.05423987 0.03595774 -0.03431653 0.01693172 0.9992676 -0.9994109 0 -0.03432145
Mixed.mesoderm Neural.crest 0 0 0 0.05423987 0.007068662 -0.03431653 0.01693172 0.9992676 -0.9994109 0 -0.03432145
ExE.mesoderm Intermediate.mesoderm 0.01653993 0.3699085 0.2385687 0.04471356 0.06932984 -0.7272619 0.3264416 -0.6037599 0.6387524 0 -0.7694123
ExE.mesoderm Pharyngeal.mesoderm 0.003562969 0.06328259 0.06924543 0.05630252 0.05145422 0.47893 0.3353387 -0.8112793 0.8611414 0 0.5083655
ExE.mesoderm Caudal.epiblast 0 0 0 0.05978283 0.04918029 0.01518935 0.2113384 0.9772949 -0.9998792 0 0.01554036
ExE.mesoderm PGC 0 0 0 0.0595467 0.007623377 0.09676734 0.2742161 0.9567871 -0.9949245 0 0.1006245
ExE.mesoderm Mesenchyme 0.01083416 0.1810565 0.1531473 0.0598386 0.07074343 0.03808563 0.3085682 0.9504395 -0.9991981 0 0.04003947
ExE.mesoderm Haematoendothelial.progenitors 0.001309172 0.02420704 0.02462328 0.05408229 0.05316805 0.4227867 0.09136975 0.9016113 -0.9053986 0 0.4245626
ExE.mesoderm Blood.progenitors.1 0 0 0 0.0589442 0.01336709 -0.03431653 0.01693172 0.9992676 -0.9994109 0 -0.03432145
ExE.mesoderm Surface.ectoderm 0 0 0 0.05909727 0.06137308 0.1419002 0.2285514 0.9631348 -0.9893203 0 0.1457581
ExE.mesoderm Gut 0 0 0 0.0589442 0.02507437 -0.03431653 0.01693172 0.9992676 -0.9994109 0 -0.03432145
ExE.mesoderm Paraxial.mesoderm 0 0 0 0.0589442 0.0531585 -0.03431653 0.01693172 0.9992676 -0.9994109 0 -0.03432145
ExE.mesoderm Caudal.neurectoderm 0 0 0 0.05810937 0.04432583 0.2448073 0.2269885 0.942627 -0.9678914 0 0.2513687
ExE.mesoderm Notochord 0 0 0 0.0589442 0.00407114 -0.03431653 0.01693172 0.9992676 -0.9994109 0 -0.03432145
ExE.mesoderm Somitic.mesoderm 0.0005806334 0.01276118 0.01393312 0.04549998 0.04167289 -0.7425919 0.1547904 0.6516113 -0.6595608 0 -0.7516512
ExE.mesoderm Caudal.Mesoderm 0 0 0 0.0589442 0.02958396 -0.03431653 0.01693172 0.9992676 -0.9994109 0 -0.03432145
ExE.mesoderm Erythroid1 0 0 0 0.0589442 0.03471635 -0.03431653 0.01693172 0.9992676 -0.9994109 0 -0.03432145
ExE.mesoderm Def..endoderm 0 0 0 0.0589442 0.03189201 -0.03431653 0.01693172 0.9992676 -0.9994109 0 -0.03432145
ExE.mesoderm Parietal.endoderm 0 0 0 0.0589442 0.00139262 -0.03431653 0.01693172 0.9992676 -0.9994109 0 -0.03432145
ExE.mesoderm Allantois 0.00553738 0.1054451 0.1931584 0.05251435 0.02866756 0.7698525 0.636407 -0.04809566 0.0623523 0 0.9980542
ExE.mesoderm Anterior.Primitive.Streak 0 0 0 0.0589442 0.01720322 -0.03431653 0.01693172 0.9992676 -0.9994109 0 -0.03432145
ExE.mesoderm Endothelium 0 0 0 0.0589442 0.01575093 -0.03431653 0.01693172 0.9992676 -0.9994109 0 -0.03432145
ExE.mesoderm Forebrain/Midbrain/Hindbrain 0 0 0 0.05559535 0.06437661 -0.4880287 0.006581897 0.8728027 -0.8728217 0 -0.4880393
ExE.mesoderm Spinal.cord 0 0 0 0.05615177 0.02671987 -0.4550163 0.0438203 0.8894043 -0.8902594 0 -0.4554538
ExE.mesoderm Cardiomyocytes 0 0 0 0.0589442 0.01900001 -0.03431653 0.01693172 0.9992676 -0.9994109 0 -0.03432145
ExE.mesoderm Erythroid2 0 0 0 0.0589442 0.0194883 -0.03431653 0.01693172 0.9992676 -0.9994109 0 -0.03432145
ExE.mesoderm NMP 0 0 0 0.0589442 0.02261177 -0.03431653 0.01693172 0.9992676 -0.9994109 0 -0.03432145
ExE.mesoderm Erythroid3 0 0 0 0.0589442 0.03595774 -0.03431653 0.01693172 0.9992676 -0.9994109 0 -0.03432145
ExE.mesoderm Neural.crest 0 0 0 0.0589442 0.007068662 -0.03431653 0.01693172 0.9992676 -0.9994109 0 -0.03432145
Intermediate.mesoderm Pharyngeal.mesoderm 0.007494702 0.1288531 0.1278114 0.05816469 0.05863876 -0.09268808 0.2525478 -0.9631348 0.9954013 0 -0.09579327
Intermediate.mesoderm Caudal.epiblast 0.002938233 0.03419888 0.05518241 0.08591603 0.05324582 0.6819028 0.4654856 0.564209 -0.6374843 0 0.7704633
Intermediate.mesoderm PGC 0.001155362 0.0189221 0.1388985 0.06105886 0.008318033 -0.3312863 0.1679251 -0.9284667 0.9418411 0 -0.3360585
Intermediate.mesoderm Mesenchyme 5.145877E-05 0.0007842874 0.0009902964 0.06561213 0.05196299 0.5907711 0.448567 -0.6706542 0.7503831 0 0.6610032
Intermediate.mesoderm Haematoendothelial.progenitors 0 0 0 0.06106731 0.05559314 -0.03431653 0.01693172 0.9992676 -0.9994109 0 -0.03432145
Intermediate.mesoderm Blood.progenitors.1 0 0 0 0.06106731 0.01336709 -0.03431653 0.01693172 0.9992676 -0.9994109 0 -0.03432145
Intermediate.mesoderm Surface.ectoderm 0 0 0 0.06659173 0.06249132 0.1825098 0.1201907 0.9758301 -0.9829557 0 0.1838425
Intermediate.mesoderm Gut 0 0 0 0.06106731 0.02507437 -0.03431653 0.01693172 0.9992676 -0.9994109 0 -0.03432145
Intermediate.mesoderm Paraxial.mesoderm 0 0 0 0.06106731 0.0531585 -0.03431653 0.01693172 0.9992676 -0.9994109 0 -0.03432145
Intermediate.mesoderm Caudal.neurectoderm 0 0 0 0.06716932 0.0458501 0.3215272 0.05887337 0.9450684 -0.9467105 0 0.3220858
Intermediate.mesoderm Notochord 0 0 0 0.06106731 0.00407114 -0.03431653 0.01693172 0.9992676 -0.9994109 0 -0.03432145
Intermediate.mesoderm Somitic.mesoderm 0.02179179 0.2620089 0.7874418 0.08317193 0.02767416 0.3723862 0.7584178 0.5349121 -0.8207085 0 0.5713472
Intermediate.mesoderm Caudal.Mesoderm 0.002825335 0.044918 0.08880133 0.06289985 0.03181636 -0.3232228 0.1158166 0.939209 -0.9455721 0 -0.3254126
Intermediate.mesoderm Erythroid1 0 0 0 0.06106731 0.03471635 -0.03431653 0.01693172 0.9992676 -0.9994109 0 -0.03432145
Intermediate.mesoderm Def..endoderm 0 0 0 0.06106731 0.03189201 -0.03431653 0.01693172 0.9992676 -0.9994109 0 -0.03432145
Intermediate.mesoderm Parietal.endoderm 0 0 0 0.06106731 0.00139262 -0.03431653 0.01693172 0.9992676 -0.9994109 0 -0.03432145
Intermediate.mesoderm Allantois 0 0 0 0.06106731 0.03215934 -0.03431653 0.01693172 0.9992676 -0.9994109 0 -0.03432145
Intermediate.mesoderm Anterior.Primitive.Streak 0 0 0 0.06106731 0.01720322 -0.03431653 0.01693172 0.9992676 -0.9994109 0 -0.03432145
Intermediate.mesoderm Endothelium 0 0 0 0.06106731 0.01575093 -0.03431653 0.01693172 0.9992676 -0.9994109 0 -0.03432145
Intermediate.mesoderm Forebrain/Midbrain/Hindbrain 0 0 0 0.06514287 0.07066913 0.2728818 0.02695352 0.9616699 -0.9620194 0 0.272981
Intermediate.mesoderm Spinal.cord 0 0 0 0.07093102 0.02645949 0.4518901 0.03573929 0.8913574 -0.8919272 0 0.452179
Intermediate.mesoderm Cardiomyocytes 0 0 0 0.06106731 0.01900001 -0.03431653 0.01693172 0.9992676 -0.9994109 0 -0.03432145
Intermediate.mesoderm Erythroid2 0 0 0 0.06106731 0.0194883 -0.03431653 0.01693172 0.9992676 -0.9994109 0 -0.03432145
Intermediate.mesoderm NMP 0 0 0 0.06638099 0.02121125 0.01518935 0.2113384 0.9772949 -0.9998792 0 0.01554036
Intermediate.mesoderm Erythroid3 0 0 0 0.06106731 0.03595774 -0.03431653 0.01693172 0.9992676 -0.9994109 0 -0.03432145
Intermediate.mesoderm Neural.crest 0 0 0 0.06106731 0.007068662 -0.03431653 0.01693172 0.9992676 -0.9994109 0 -0.03432145
Pharyngeal.mesoderm Caudal.epiblast 0 0 0 0.05749846 0.05081218 -0.03431653 0.01693172 0.9992676 -0.9994109 0 -0.03432145
Pharyngeal.mesoderm PGC 0 0 0 0.05749846 0.008682773 -0.03431653 0.01693172 0.9992676 -0.9994109 0 -0.03432145
Pharyngeal.mesoderm Mesenchyme 0.006202875 0.1245831 0.1187937 0.04978903 0.05221552 0.3575938 0.7044942 -0.6130372 0.8637857 0 0.5038593
Pharyngeal.mesoderm Haematoendothelial.progenitors 0 0 0 0.05749846 0.05559314 -0.03431653 0.01693172 0.9992676 -0.9994109 0 -0.03432145
Pharyngeal.mesoderm Blood.progenitors.1 0 0 0 0.05749846 0.01336709 -0.03431653 0.01693172 0.9992676 -0.9994109 0 -0.03432145
Pharyngeal.mesoderm Surface.ectoderm 0 0 0 0.05749846 0.0657052 -0.03431653 0.01693172 0.9992676 -0.9994109 0 -0.03432145
Pharyngeal.mesoderm Gut 0 0 0 0.05749846 0.02507437 -0.03431653 0.01693172 0.9992676 -0.9994109 0 -0.03432145
Pharyngeal.mesoderm Paraxial.mesoderm 0.01737048 0.3490501 0.3478556 0.049765 0.0499359 0.3591791 0.8723003 -0.3317871 0.678542 0 0.7345616
Pharyngeal.mesoderm Caudal.neurectoderm 0 0 0 0.05890181 0.0488195 0.04742682 0.01380628 0.9987793 -0.9988745 0 0.04743133
Pharyngeal.mesoderm Notochord 0 0 0 0.05749846 0.00407114 -0.03431653 0.01693172 0.9992676 -0.9994109 0 -0.03432145
Pharyngeal.mesoderm Somitic.mesoderm 0 0 0 0.05749846 0.03411619 -0.03431653 0.01693172 0.9992676 -0.9994109 0 -0.03432145
Pharyngeal.mesoderm Caudal.Mesoderm 0 0 0 0.05749846 0.02958396 -0.03431653 0.01693172 0.9992676 -0.9994109 0 -0.03432145
Pharyngeal.mesoderm Erythroid1 0 0 0 0.05749846 0.03471635 -0.03431653 0.01693172 0.9992676 -0.9994109 0 -0.03432145
Pharyngeal.mesoderm Def..endoderm 0 0 0 0.05749846 0.03189201 -0.03431653 0.01693172 0.9992676 -0.9994109 0 -0.03432145
Pharyngeal.mesoderm Parietal.endoderm 0 0 0 0.05749846 0.00139262 -0.03431653 0.01693172 0.9992676 -0.9994109 0 -0.03432145
Pharyngeal.mesoderm Allantois 0 0 0 0.05749846 0.03215934 -0.03431653 0.01693172 0.9992676 -0.9994109 0 -0.03432145
Pharyngeal.mesoderm Anterior.Primitive.Streak 0 0 0 0.05749846 0.01720322 -0.03431653 0.01693172 0.9992676 -0.9994109 0 -0.03432145
Pharyngeal.mesoderm Endothelium 0 0 0 0.05749846 0.01575093 -0.03431653 0.01693172 0.9992676 -0.9994109 0 -0.03432145
Pharyngeal.mesoderm Forebrain/Midbrain/Hindbrain 0 0 0 0.06199999 0.0780735 0.3659135 0.2755642 0.888916 -0.9247187 0 0.3806513
Pharyngeal.mesoderm Spinal.cord 0 0 0 0.0556573 0.02859552 -0.003033328 0.2775952 0.9606934 -0.9999951 0 -0.00315742
Pharyngeal.mesoderm Cardiomyocytes 0.001773326 0.02864203 0.0987463 0.06191342 0.01795841 0.3649228 0.325421 0.8723145 -0.9225284 0 0.3859292
Pharyngeal.mesoderm Erythroid2 0 0 0 0.05749846 0.0194883 -0.03431653 0.01693172 0.9992676 -0.9994109 0 -0.03432145
Pharyngeal.mesoderm NMP 0 0 0 0.05749846 0.02261177 -0.03431653 0.01693172 0.9992676 -0.9994109 0 -0.03432145
Pharyngeal.mesoderm Erythroid3 0 0 0 0.05749846 0.03595774 -0.03431653 0.01693172 0.9992676 -0.9994109 0 -0.03432145
Pharyngeal.mesoderm Neural.crest 0 0 0 0.05317241 0.006334361 -0.3069578 0.06555232 0.9494629 -0.9515095 0 -0.3076195
Caudal.epiblast PGC 0.0002937602 0.005125406 0.01941704 0.05731451 0.01512899 0.9948115 0.02183123 -0.09936518 0.09938887 0 0.9950486
Caudal.epiblast Mesenchyme 0 0 0 0.05081218 0.06780432 -0.03431653 0.01693172 0.9992676 -0.9994109 0 -0.03432145
Caudal.epiblast Haematoendothelial.progenitors 0 0 0 0.05081218 0.05559314 -0.03431653 0.01693172 0.9992676 -0.9994109 0 -0.03432145
Caudal.epiblast Blood.progenitors.1 0 0 0 0.05081218 0.01336709 -0.03431653 0.01693172 0.9992676 -0.9994109 0 -0.03432145
Caudal.epiblast Surface.ectoderm 0.0001179239 0.002096902 0.002542417 0.05623723 0.04638262 0.275734 0.9393683 0.2038574 -0.594493 0 0.8041008
Caudal.epiblast Gut 0 0 0 0.05081218 0.02507437 -0.03431653 0.01693172 0.9992676 -0.9994109 0 -0.03432145
Caudal.epiblast Paraxial.mesoderm 0 0 0 0.05081218 0.0531585 -0.03431653 0.01693172 0.9992676 -0.9994109 0 -0.03432145
Caudal.epiblast Caudal.neurectoderm 0.004640306 0.0839791 0.1331779 0.05525548 0.0348429 -0.9505232 0.07280494 -0.3020019 0.3028055 0 -0.9530524
Caudal.epiblast Notochord 0 0 0 0.05081218 0.00407114 -0.03431653 0.01693172 0.9992676 -0.9994109 0 -0.03432145
Caudal.epiblast Somitic.mesoderm 0 0 0 0.05246633 0.03355751 0.3215272 0.05887337 0.9450684 -0.9467105 0 0.3220858
Caudal.epiblast Caudal.Mesoderm 0.0112475 0.2188875 0.4693704 0.05138482 0.02396294 -0.3193453 0.4593624 -0.8288575 0.9331365 0 -0.3595223
Caudal.epiblast Erythroid1 0 0 0 0.05081218 0.03471635 -0.03431653 0.01693172 0.9992676 -0.9994109 0 -0.03432145
Caudal.epiblast Def..endoderm 0 0 0 0.0586448 0.0262903 -0.899733 0.04290943 0.4343262 -0.4347266 0 -0.9005625
Caudal.epiblast Parietal.endoderm 0 0 0 0.05081218 0.00139262 -0.03431653 0.01693172 0.9992676 -0.9994109 0 -0.03432145
Caudal.epiblast Allantois 0 0 0 0.05081218 0.03215934 -0.03431653 0.01693172 0.9992676 -0.9994109 0 -0.03432145
Caudal.epiblast Anterior.Primitive.Streak 0 0 0 0.05081218 0.01720322 -0.03431653 0.01693172 0.9992676 -0.9994109 0 -0.03432145
Caudal.epiblast Endothelium 0 0 0 0.05081218 0.01575093 -0.03431653 0.01693172 0.9992676 -0.9994109 0 -0.03432145
Caudal.epiblast Forebrain/Midbrain/Hindbrain 0 0 0 0.05081218 0.06533267 -0.03431653 0.01693172 0.9992676 -0.9994109 0 -0.03432145
Caudal.epiblast Spinal.cord 0 0 0 0.05030543 0.02588841 -0.163272 0.004171492 0.9865723 -0.9865808 0 -0.1632735
Caudal.epiblast Cardiomyocytes 0 0 0 0.05081218 0.01900001 -0.03431653 0.01693172 0.9992676 -0.9994109 0 -0.03432145
Caudal.epiblast Erythroid2 0 0 0 0.05081218 0.0194883 -0.03431653 0.01693172 0.9992676 -0.9994109 0 -0.03432145
Caudal.epiblast NMP 0.006998243 0.1413837 0.3228068 0.04949824 0.02167935 0.3564955 0.3750552 0.8557129 -0.9230967 0 0.384568
Caudal.epiblast Erythroid3 0 0 0 0.05081218 0.03595774 -0.03431653 0.01693172 0.9992676 -0.9994109 0 -0.03432145
Caudal.epiblast Neural.crest 0 0 0 0.05081218 0.007068662 -0.03431653 0.01693172 0.9992676 -0.9994109 0 -0.03432145
PGC Mesenchyme 0 0 0 0.008682773 0.06780432 -0.03431653 0.01693172 0.9992676 -0.9994109 0 -0.03432145
PGC Haematoendothelial.progenitors 0 0 0 0.008682773 0.05559314 -0.03431653 0.01693172 0.9992676 -0.9994109 0 -0.03432145
PGC Blood.progenitors.1 0 0 0 0.008682773 0.01336709 -0.03431653 0.01693172 0.9992676 -0.9994109 0 -0.03432145
PGC Surface.ectoderm 0.002839884 0.3827505 0.05432042 0.007419673 0.05228022 0.1481263 0.7281786 0.6691895 -0.9763667 0 0.2161205
PGC Gut 0 0 0 0.008682773 0.02507437 -0.03431653 0.01693172 0.9992676 -0.9994109 0 -0.03432145
PGC Paraxial.mesoderm 0 0 0 0.008682773 0.0531585 -0.03431653 0.01693172 0.9992676 -0.9994109 0 -0.03432145
PGC Caudal.neurectoderm 0 0 0 0.01117447 0.04940648 -0.4001794 0.01801315 0.9162598 -0.9164084 0 -0.4002444
PGC Notochord 0 0 0 0.008682773 0.00407114 -0.03431653 0.01693172 0.9992676 -0.9994109 0 -0.03432145
PGC Somitic.mesoderm 0 0 0 0.008682773 0.03411619 -0.03431653 0.01693172 0.9992676 -0.9994109 0 -0.03432145
PGC Caudal.Mesoderm 0.0004885281 0.05839781 0.01070026 0.008365521 0.04565571 0.3363048 0.7215278 0.6052246 -0.874115 0 0.4857189
PGC Erythroid1 0 0 0 0.008682773 0.03471635 -0.03431653 0.01693172 0.9992676 -0.9994109 0 -0.03432145
PGC Def..endoderm 0 0 0 0.008682773 0.03189201 -0.03431653 0.01693172 0.9992676 -0.9994109 0 -0.03432145
PGC Parietal.endoderm 0 0 0 0.008682773 0.00139262 -0.03431653 0.01693172 0.9992676 -0.9994109 0 -0.03432145
PGC Allantois 0 0 0 0.008682773 0.03215934 -0.03431653 0.01693172 0.9992676 -0.9994109 0 -0.03432145
PGC Anterior.Primitive.Streak 0 0 0 0.008682773 0.01720322 -0.03431653 0.01693172 0.9992676 -0.9994109 0 -0.03432145
PGC Endothelium 0 0 0 0.008682773 0.01575093 -0.03431653 0.01693172 0.9992676 -0.9994109 0 -0.03432145
PGC Forebrain/Midbrain/Hindbrain 0 0 0 0.008682773 0.06533267 -0.03431653 0.01693172 0.9992676 -0.9994109 0 -0.03432145
PGC Spinal.cord 0 0 0 0.008682773 0.02574069 -0.03431653 0.01693172 0.9992676 -0.9994109 0 -0.03432145
PGC Cardiomyocytes 0 0 0 0.008682773 0.01900001 -0.03431653 0.01693172 0.9992676 -0.9994109 0 -0.03432145
PGC Erythroid2 0 0 0 0.008682773 0.0194883 -0.03431653 0.01693172 0.9992676 -0.9994109 0 -0.03432145
PGC NMP 0 0 0 0.008682773 0.02261177 -0.03431653 0.01693172 0.9992676 -0.9994109 0 -0.03432145
PGC Erythroid3 0 0 0 0.008682773 0.03595774 -0.03431653 0.01693172 0.9992676 -0.9994109 0 -0.03432145
PGC Neural.crest 0 0 0 0.008682773 0.007068662 -0.03431653 0.01693172 0.9992676 -0.9994109 0 -0.03432145
Mesenchyme Haematoendothelial.progenitors 0.0005639835 0.008275313 0.01037204 0.06815252 0.05437536 -0.6772301 0.1317631 -0.723877 0.7302438 0 -0.6831866
Mesenchyme Blood.progenitors.1 0 0 0 0.06858089 0.01444236 0.1493689 0.02250491 0.9885254 -0.9887758 0 0.1494068
Mesenchyme Surface.ectoderm 0 0 0 0.06780432 0.0657052 -0.03431653 0.01693172 0.9992676 -0.9994109 0 -0.03432145
Mesenchyme Gut 0 0 0 0.06780432 0.02507437 -0.03431653 0.01693172 0.9992676 -0.9994109 0 -0.03432145
Mesenchyme Paraxial.mesoderm 0 0 0 0.06968665 0.05635238 -0.7852139 0.03178525 0.6184082 -0.6187209 0 -0.7856109
Mesenchyme Caudal.neurectoderm 0 0 0 0.06980556 0.04737439 0.06822697 0.1235493 0.9899902 -0.9976337 0 0.06875373
Mesenchyme Notochord 0 0 0 0.06780432 0.00407114 -0.03431653 0.01693172 0.9992676 -0.9994109 0 -0.03432145
Mesenchyme Somitic.mesoderm 0 0 0 0.06780432 0.03411619 -0.03431653 0.01693172 0.9992676 -0.9994109 0 -0.03432145
Mesenchyme Caudal.Mesoderm 0 0 0 0.06780432 0.02958396 -0.03431653 0.01693172 0.9992676 -0.9994109 0 -0.03432145
Mesenchyme Erythroid1 0 0 0 0.06780432 0.03471635 -0.03431653 0.01693172 0.9992676 -0.9994109 0 -0.03432145
Mesenchyme Def..endoderm 0 0 0 0.06780432 0.03189201 -0.03431653 0.01693172 0.9992676 -0.9994109 0 -0.03432145
Mesenchyme Parietal.endoderm 0 0 0 0.06780432 0.00139262 -0.03431653 0.01693172 0.9992676 -0.9994109 0 -0.03432145
Mesenchyme Allantois 0.004192187 0.05809157 0.2285604 0.07216515 0.0183417 -0.8303567 0.5501398 -0.08862302 0.1061261 0 -0.9943527
Mesenchyme Anterior.Primitive.Streak 0 0 0 0.06780432 0.01720322 -0.03431653 0.01693172 0.9992676 -0.9994109 0 -0.03432145
Mesenchyme Endothelium 0 0 0 0.06780432 0.01575093 -0.03431653 0.01693172 0.9992676 -0.9994109 0 -0.03432145
Mesenchyme Forebrain/Midbrain/Hindbrain 0 0 0 0.07313988 0.07755525 0.4692509 0.2328714 0.8518066 -0.8758869 0 0.4825164
Mesenchyme Spinal.cord 0 0 0 0.06890509 0.02692677 -0.0522557 0.1195248 0.9914551 -0.9986139 0 -0.05263302
Mesenchyme Cardiomyocytes 0.0009572158 0.01266671 0.065193 0.07556938 0.0146828 -0.1425354 0.4767033 0.8674316 -0.9867671 0 -0.1621445
Mesenchyme Erythroid2 0 0 0 0.06780432 0.0194883 -0.03431653 0.01693172 0.9992676 -0.9994109 0 -0.03432145
Mesenchyme NMP 0 0 0 0.06780432 0.02261177 -0.03431653 0.01693172 0.9992676 -0.9994109 0 -0.03432145
Mesenchyme Erythroid3 0 0 0 0.06780432 0.03595774 -0.03431653 0.01693172 0.9992676 -0.9994109 0 -0.03432145
Mesenchyme Neural.crest 0 0 0 0.06544752 0.006527142 -0.2136004 0.03431214 0.9763184 -0.9768936 0 -0.2137263
Haematoendothelial.progenitors Blood.progenitors.1 0.00343999 0.06997087 0.2956457 0.04916318 0.01163552 0.1198601 0.5180286 -0.8469238 0.9901335 0 0.1401277
Haematoendothelial.progenitors Surface.ectoderm 0.004316112 0.1329336 0.09871039 0.03246819 0.043725 0.2784847 0.9063991 0.317627 -0.751918 0 0.6592566
Haematoendothelial.progenitors Gut 0 0 0 0.05559314 0.02507437 -0.03431653 0.01693172 0.9992676 -0.9994109 0 -0.03432145
Haematoendothelial.progenitors Paraxial.mesoderm 0 0 0 0.05559314 0.0531585 -0.03431653 0.01693172 0.9992676 -0.9994109 0 -0.03432145
Haematoendothelial.progenitors Caudal.neurectoderm 0 0 0 0.05646134 0.04910837 -0.1153257 0.02846082 0.9929199 -0.9933223 0 -0.1153724
Haematoendothelial.progenitors Notochord 0 0 0 0.05559314 0.00407114 -0.03431653 0.01693172 0.9992676 -0.9994109 0 -0.03432145
Haematoendothelial.progenitors Somitic.mesoderm 0 0 0 0.05559314 0.03411619 -0.03431653 0.01693172 0.9992676 -0.9994109 0 -0.03432145
Haematoendothelial.progenitors Caudal.Mesoderm 0 0 0 0.05559314 0.02958396 -0.03431653 0.01693172 0.9992676 -0.9994109 0 -0.03432145
Haematoendothelial.progenitors Erythroid1 0 0 0 0.05559314 0.03471635 -0.03431653 0.01693172 0.9992676 -0.9994109 0 -0.03432145
Haematoendothelial.progenitors Def..endoderm 0 0 0 0.05559314 0.03189201 -0.03431653 0.01693172 0.9992676 -0.9994109 0 -0.03432145
Haematoendothelial.progenitors Parietal.endoderm 0 0 0 0.05559314 0.00139262 -0.03431653 0.01693172 0.9992676 -0.9994109 0 -0.03432145
Haematoendothelial.progenitors Allantois 0.0008820579 0.02329295 0.03015635 0.03786803 0.02924949 0.3723862 0.7584178 0.5349121 -0.8207085 0 0.5713472
Haematoendothelial.progenitors Anterior.Primitive.Streak 0 0 0 0.05559314 0.01720322 -0.03431653 0.01693172 0.9992676 -0.9994109 0 -0.03432145
Haematoendothelial.progenitors Endothelium 0.001842349 0.03469159 0.1449955 0.05310651 0.01270625 -0.5687335 0.6698745 -0.4772949 0.6428436 0 -0.7659974
Haematoendothelial.progenitors Forebrain/Midbrain/Hindbrain 0 0 0 0.05746048 0.0632636 -0.2136004 0.03431214 0.9763184 -0.9768936 0 -0.2137263
Haematoendothelial.progenitors Spinal.cord 0 0 0 0.05559314 0.02574069 -0.03431653 0.01693172 0.9992676 -0.9994109 0 -0.03432145
Haematoendothelial.progenitors Cardiomyocytes 0 0 0 0.05559314 0.01900001 -0.03431653 0.01693172 0.9992676 -0.9994109 0 -0.03432145
Haematoendothelial.progenitors Erythroid2 0 0 0 0.05559314 0.0194883 -0.03431653 0.01693172 0.9992676 -0.9994109 0 -0.03432145
Haematoendothelial.progenitors NMP 0 0 0 0.05559314 0.02261177 -0.03431653 0.01693172 0.9992676 -0.9994109 0 -0.03432145
Haematoendothelial.progenitors Erythroid3 0 0 0 0.05776974 0.03266287 -0.2472899 0.07461375 0.9660645 -0.9687648 0 -0.2479811
Haematoendothelial.progenitors Neural.crest 0 0 0 0.05559314 0.007068662 -0.03431653 0.01693172 0.9992676 -0.9994109 0 -0.03432145
Blood.progenitors.1 Surface.ectoderm 0 0 0 0.01336709 0.0657052 -0.03431653 0.01693172 0.9992676 -0.9994109 0 -0.03432145
Blood.progenitors.1 Gut 0 0 0 0.01336709 0.02507437 -0.03431653 0.01693172 0.9992676 -0.9994109 0 -0.03432145
Blood.progenitors.1 Paraxial.mesoderm 0 0 0 0.01336709 0.0531585 -0.03431653 0.01693172 0.9992676 -0.9994109 0 -0.03432145
Blood.progenitors.1 Caudal.neurectoderm 0 0 0 0.01336709 0.04902384 -0.03431653 0.01693172 0.9992676 -0.9994109 0 -0.03432145
Blood.progenitors.1 Notochord 0 0 0 0.01336709 0.00407114 -0.03431653 0.01693172 0.9992676 -0.9994109 0 -0.03432145
Blood.progenitors.1 Somitic.mesoderm 0 0 0 0.01336709 0.03411619 -0.03431653 0.01693172 0.9992676 -0.9994109 0 -0.03432145
Blood.progenitors.1 Caudal.Mesoderm 0 0 0 0.01336709 0.02958396 -0.03431653 0.01693172 0.9992676 -0.9994109 0 -0.03432145
Blood.progenitors.1 Erythroid1 0 0 0 0.01336709 0.03471635 -0.03431653 0.01693172 0.9992676 -0.9994109 0 -0.03432145
Blood.progenitors.1 Def..endoderm 0 0 0 0.01336709 0.03189201 -0.03431653 0.01693172 0.9992676 -0.9994109 0 -0.03432145
Blood.progenitors.1 Parietal.endoderm 0 0 0 0.01336709 0.00139262 -0.03431653 0.01693172 0.9992676 -0.9994109 0 -0.03432145
Blood.progenitors.1 Allantois 0 0 0 0.01626665 0.02784998 0.4518901 0.03573929 0.8913574 -0.8919272 0 0.452179
Blood.progenitors.1 Anterior.Primitive.Streak 0 0 0 0.01336709 0.01720322 -0.03431653 0.01693172 0.9992676 -0.9994109 0 -0.03432145
Blood.progenitors.1 Endothelium 0 0 0 0.01336709 0.01575093 -0.03431653 0.01693172 0.9992676 -0.9994109 0 -0.03432145
Blood.progenitors.1 Forebrain/Midbrain/Hindbrain 0 0 0 0.01336709 0.06533267 -0.03431653 0.01693172 0.9992676 -0.9994109 0 -0.03432145
Blood.progenitors.1 Spinal.cord 0 0 0 0.01336709 0.02574069 -0.03431653 0.01693172 0.9992676 -0.9994109 0 -0.03432145
Blood.progenitors.1 Cardiomyocytes 0 0 0 0.01336709 0.01900001 -0.03431653 0.01693172 0.9992676 -0.9994109 0 -0.03432145
Blood.progenitors.1 Erythroid2 0 0 0 0.01336709 0.0194883 -0.03431653 0.01693172 0.9992676 -0.9994109 0 -0.03432145
Blood.progenitors.1 NMP 0 0 0 0.01336709 0.02261177 -0.03431653 0.01693172 0.9992676 -0.9994109 0 -0.03432145
Blood.progenitors.1 Erythroid3 0 0 0 0.01336709 0.03595774 -0.03431653 0.01693172 0.9992676 -0.9994109 0 -0.03432145
Blood.progenitors.1 Neural.crest 0 0 0 0.01336709 0.007068662 -0.03431653 0.01693172 0.9992676 -0.9994109 0 -0.03432145
Surface.ectoderm Gut 0.002158646 0.02637128 0.108652 0.08185594 0.01986752 0.9259937 0.07326656 -0.3703614 0.3713595 0 0.9284892
Surface.ectoderm Paraxial.mesoderm 0 0 0 0.0657052 0.0531585 -0.03431653 0.01693172 0.9992676 -0.9994109 0 -0.03432145
Surface.ectoderm Caudal.neurectoderm 0 0 0 0.07358102 0.04786372 -0.5321614 0.03431349 0.8459473 -0.8464457 0 -0.532475
Surface.ectoderm Notochord 0 0 0 0.0657052 0.00407114 -0.03431653 0.01693172 0.9992676 -0.9994109 0 -0.03432145
Surface.ectoderm Somitic.mesoderm 0 0 0 0.0657052 0.03411619 -0.03431653 0.01693172 0.9992676 -0.9994109 0 -0.03432145
Surface.ectoderm Caudal.Mesoderm 0.0003051429 0.006968219 0.006243538 0.04379066 0.0488734 0.2530107 0.9278019 0.27417 -0.734896 0 0.6781798
Surface.ectoderm Erythroid1 0 0 0 0.0657052 0.03471635 -0.03431653 0.01693172 0.9992676 -0.9994109 0 -0.03432145
Surface.ectoderm Def..endoderm 0.002406681 0.03272364 0.1118538 0.07354564 0.0215163 0.9625259 0.0359316 0.2687988 -0.2689725 0 0.9631479
Surface.ectoderm Parietal.endoderm 0 0 0 0.0657052 0.00139262 -0.03431653 0.01693172 0.9992676 -0.9994109 0 -0.03432145
Surface.ectoderm Allantois 0 0 0 0.06270524 0.03354554 0.01518935 0.2113384 0.9772949 -0.9998792 0 0.01554036
Surface.ectoderm Anterior.Primitive.Streak 0 0 0 0.06323014 0.01633371 0.6467048 0.2282642 0.7277832 -0.7475182 0 0.6642413
Surface.ectoderm Endothelium 0 0 0 0.0657052 0.01575093 -0.03431653 0.01693172 0.9992676 -0.9994109 0 -0.03432145
Surface.ectoderm Forebrain/Midbrain/Hindbrain 0 0 0 0.0657052 0.06533267 -0.03431653 0.01693172 0.9992676 -0.9994109 0 -0.03432145
Surface.ectoderm Spinal.cord 0 0 0 0.0657052 0.02574069 -0.03431653 0.01693172 0.9992676 -0.9994109 0 -0.03432145
Surface.ectoderm Cardiomyocytes 0 0 0 0.0657052 0.01900001 -0.03431653 0.01693172 0.9992676 -0.9994109 0 -0.03432145
Surface.ectoderm Erythroid2 0 0 0 0.0657052 0.0194883 -0.03431653 0.01693172 0.9992676 -0.9994109 0 -0.03432145
Surface.ectoderm NMP 0 0 0 0.0657052 0.02261177 -0.03431653 0.01693172 0.9992676 -0.9994109 0 -0.03432145
Surface.ectoderm Erythroid3 0 0 0 0.0657052 0.03595774 -0.03431653 0.01693172 0.9992676 -0.9994109 0 -0.03432145
Surface.ectoderm Neural.crest 0 0 0 0.0657052 0.007068662 -0.03431653 0.01693172 0.9992676 -0.9994109 0 -0.03432145
Gut Paraxial.mesoderm 0 0 0 0.02507437 0.0531585 -0.03431653 0.01693172 0.9992676 -0.9994109 0 -0.03432145
Gut Caudal.neurectoderm 0 0 0 0.02507437 0.04902384 -0.03431653 0.01693172 0.9992676 -0.9994109 0 -0.03432145
Gut Notochord 0 0 0 0.02386431 0.004483524 -0.1625286 0.1886289 0.9685059 -0.9862099 0 -0.1654996
Gut Somitic.mesoderm 0 0 0 0.02507437 0.03411619 -0.03431653 0.01693172 0.9992676 -0.9994109 0 -0.03432145
Gut Caudal.Mesoderm 0 0 0 0.02507437 0.02958396 -0.03431653 0.01693172 0.9992676 -0.9994109 0 -0.03432145
Gut Erythroid1 0 0 0 0.02507437 0.03471635 -0.03431653 0.01693172 0.9992676 -0.9994109 0 -0.03432145
Gut Def..endoderm 0.00647738 0.2504747 0.1729031 0.02586042 0.03746249 -0.4441138 0.8014079 -0.4006348 0.6698256 0 -0.7425186
Gut Parietal.endoderm 0 0 0 0.02507437 0.00139262 -0.03431653 0.01693172 0.9992676 -0.9994109 0 -0.03432145
Gut Allantois 0 0 0 0.02507437 0.03215934 -0.03431653 0.01693172 0.9992676 -0.9994109 0 -0.03432145
Gut Anterior.Primitive.Streak 0 0 0 0.02368637 0.01765535 0.732671 0.01490012 0.6804199 -0.6804954 0 0.7327523
Gut Endothelium 0 0 0 0.02507437 0.01575093 -0.03431653 0.01693172 0.9992676 -0.9994109 0 -0.03432145
Gut Forebrain/Midbrain/Hindbrain 0 0 0 0.02507437 0.06533267 -0.03431653 0.01693172 0.9992676 -0.9994109 0 -0.03432145
Gut Spinal.cord 0 0 0 0.02507437 0.02574069 -0.03431653 0.01693172 0.9992676 -0.9994109 0 -0.03432145
Gut Cardiomyocytes 0 0 0 0.02507437 0.01900001 -0.03431653 0.01693172 0.9992676 -0.9994109 0 -0.03432145
Gut Erythroid2 0 0 0 0.02507437 0.0194883 -0.03431653 0.01693172 0.9992676 -0.9994109 0 -0.03432145
Gut NMP 0 0 0 0.02507437 0.02261177 -0.03431653 0.01693172 0.9992676 -0.9994109 0 -0.03432145
Gut Erythroid3 0 0 0 0.02507437 0.03595774 -0.03431653 0.01693172 0.9992676 -0.9994109 0 -0.03432145
Gut Neural.crest 0 0 0 0.02507437 0.007068662 -0.03431653 0.01693172 0.9992676 -0.9994109 0 -0.03432145
Paraxial.mesoderm Caudal.neurectoderm 0 0 0 0.0531585 0.04902384 -0.03431653 0.01693172 0.9992676 -0.9994109 0 -0.03432145
Paraxial.mesoderm Notochord 0 0 0 0.0531585 0.00407114 -0.03431653 0.01693172 0.9992676 -0.9994109 0 -0.03432145
Paraxial.mesoderm Somitic.mesoderm 0 0 0 0.0531585 0.03411619 -0.03431653 0.01693172 0.9992676 -0.9994109 0 -0.03432145
Paraxial.mesoderm Caudal.Mesoderm 0 0 0 0.0531585 0.02958396 -0.03431653 0.01693172 0.9992676 -0.9994109 0 -0.03432145
Paraxial.mesoderm Erythroid1 0 0 0 0.0531585 0.03471635 -0.03431653 0.01693172 0.9992676 -0.9994109 0 -0.03432145
Paraxial.mesoderm Def..endoderm 0 0 0 0.0531585 0.03189201 -0.03431653 0.01693172 0.9992676 -0.9994109 0 -0.03432145
Paraxial.mesoderm Parietal.endoderm 0 0 0 0.0531585 0.00139262 -0.03431653 0.01693172 0.9992676 -0.9994109 0 -0.03432145
Paraxial.mesoderm Allantois 0 0 0 0.0531585 0.03215934 -0.03431653 0.01693172 0.9992676 -0.9994109 0 -0.03432145
Paraxial.mesoderm Anterior.Primitive.Streak 0 0 0 0.0531585 0.01720322 -0.03431653 0.01693172 0.9992676 -0.9994109 0 -0.03432145
Paraxial.mesoderm Endothelium 0 0 0 0.0531585 0.01575093 -0.03431653 0.01693172 0.9992676 -0.9994109 0 -0.03432145
Paraxial.mesoderm Forebrain/Midbrain/Hindbrain 0 0 0 0.05194014 0.07929942 0.2930611 0.4052366 0.8659668 -0.9472277 0 0.3205615
Paraxial.mesoderm Spinal.cord 0 0 0 0.0531585 0.02574069 -0.03431653 0.01693172 0.9992676 -0.9994109 0 -0.03432145
Paraxial.mesoderm Cardiomyocytes 0 0 0 0.05340569 0.01889217 0.1493689 0.02250491 0.9885254 -0.9887758 0 0.1494068
Paraxial.mesoderm Erythroid2 0 0 0 0.0531585 0.0194883 -0.03431653 0.01693172 0.9992676 -0.9994109 0 -0.03432145
Paraxial.mesoderm NMP 0 0 0 0.0531585 0.02261177 -0.03431653 0.01693172 0.9992676 -0.9994109 0 -0.03432145
Paraxial.mesoderm Erythroid3 0 0 0 0.0531585 0.03595774 -0.03431653 0.01693172 0.9992676 -0.9994109 0 -0.03432145
Paraxial.mesoderm Neural.crest 0 0 0 0.0529969 0.006290457 -0.3232228 0.1158166 0.939209 -0.9455721 0 -0.3254126
Caudal.neurectoderm Notochord 0 0 0 0.04902384 0.00407114 -0.03431653 0.01693172 0.9992676 -0.9994109 0 -0.03432145
Caudal.neurectoderm Somitic.mesoderm 0 0 0 0.04805676 0.03403122 0.1077844 0.05883846 0.9924316 -0.994154 0 0.1079714
Caudal.neurectoderm Caudal.Mesoderm 0 0 0 0.04401572 0.03225854 0.4518901 0.03573929 0.8913574 -0.8919272 0 0.452179
Caudal.neurectoderm Erythroid1 0 0 0 0.04902384 0.03471635 -0.03431653 0.01693172 0.9992676 -0.9994109 0 -0.03432145
Caudal.neurectoderm Def..endoderm 0 0 0 0.04902384 0.03189201 -0.03431653 0.01693172 0.9992676 -0.9994109 0 -0.03432145
Caudal.neurectoderm Parietal.endoderm 0 0 0 0.04902384 0.00139262 -0.03431653 0.01693172 0.9992676 -0.9994109 0 -0.03432145
Caudal.neurectoderm Allantois 0 0 0 0.04876553 0.03264177 -0.1724554 0.06801939 0.982666 -0.9849471 0 -0.1728557
Caudal.neurectoderm Anterior.Primitive.Streak 0 0 0 0.04902384 0.01720322 -0.03431653 0.01693172 0.9992676 -0.9994109 0 -0.03432145
Caudal.neurectoderm Endothelium 0 0 0 0.04902384 0.01575093 -0.03431653 0.01693172 0.9992676 -0.9994109 0 -0.03432145
Caudal.neurectoderm Forebrain/Midbrain/Hindbrain 0.004898304 0.1094771 0.07926491 0.04474272 0.06179662 -0.4619934 0.3256035 -0.8249512 0.8724967 0 -0.4886201
Caudal.neurectoderm Spinal.cord 0.005605726 0.110652 0.2308137 0.05066088 0.0242868 -0.04178947 0.1348071 -0.9899902 0.9991103 0 -0.04217444
Caudal.neurectoderm Cardiomyocytes 0 0 0 0.04902384 0.01900001 -0.03431653 0.01693172 0.9992676 -0.9994109 0 -0.03432145
Caudal.neurectoderm Erythroid2 0 0 0 0.04902384 0.0194883 -0.03431653 0.01693172 0.9992676 -0.9994109 0 -0.03432145
Caudal.neurectoderm NMP 0 0 0 0.04902384 0.02261177 -0.03431653 0.01693172 0.9992676 -0.9994109 0 -0.03432145
Caudal.neurectoderm Erythroid3 0 0 0 0.04902384 0.03595774 -0.03431653 0.01693172 0.9992676 -0.9994109 0 -0.03432145
Caudal.neurectoderm Neural.crest 0 0 0 0.04902384 0.007068662 -0.03431653 0.01693172 0.9992676 -0.9994109 0 -0.03432145
Notochord Somitic.mesoderm 0 0 0 0.00407114 0.03411619 -0.03431653 0.01693172 0.9992676 -0.9994109 0 -0.03432145
Notochord Caudal.Mesoderm 0 0 0 0.00407114 0.02958396 -0.03431653 0.01693172 0.9992676 -0.9994109 0 -0.03432145
Notochord Erythroid1 0 0 0 0.00407114 0.03471635 -0.03431653 0.01693172 0.9992676 -0.9994109 0 -0.03432145
Notochord Def..endoderm 0.000477843 0.09448733 0.01293011 0.005057217 0.03695584 0.2548814 0.6645902 0.7023926 -0.9400228 0 0.3411117
Notochord Parietal.endoderm 0 0 0 0.00407114 0.00139262 -0.03431653 0.01693172 0.9992676 -0.9994109 0 -0.03432145
Notochord Allantois 0 0 0 0.00407114 0.03215934 -0.03431653 0.01693172 0.9992676 -0.9994109 0 -0.03432145
Notochord Anterior.Primitive.Streak 0 0 0 0.00407114 0.01720322 -0.03431653 0.01693172 0.9992676 -0.9994109 0 -0.03432145
Notochord Endothelium 0 0 0 0.00407114 0.01575093 -0.03431653 0.01693172 0.9992676 -0.9994109 0 -0.03432145
Notochord Forebrain/Midbrain/Hindbrain 0 0 0 0.00407114 0.06533267 -0.03431653 0.01693172 0.9992676 -0.9994109 0 -0.03432145
Notochord Spinal.cord 0 0 0 0.00407114 0.02574069 -0.03431653 0.01693172 0.9992676 -0.9994109 0 -0.03432145
Notochord Cardiomyocytes 0 0 0 0.00407114 0.01900001 -0.03431653 0.01693172 0.9992676 -0.9994109 0 -0.03432145
Notochord Erythroid2 0 0 0 0.00407114 0.0194883 -0.03431653 0.01693172 0.9992676 -0.9994109 0 -0.03432145
Notochord NMP 0 0 0 0.00407114 0.02261177 -0.03431653 0.01693172 0.9992676 -0.9994109 0 -0.03432145
Notochord Erythroid3 0 0 0 0.00407114 0.03595774 -0.03431653 0.01693172 0.9992676 -0.9994109 0 -0.03432145
Notochord Neural.crest 0 0 0 0.00407114 0.007068662 -0.03431653 0.01693172 0.9992676 -0.9994109 0 -0.03432145
Somitic.mesoderm Caudal.Mesoderm 0.0003720759 0.01030218 0.01521471 0.03611623 0.02445501 -0.4087897 0.2228202 -0.8850097 0.907833 0 -0.4193318
Somitic.mesoderm Erythroid1 0 0 0 0.03411619 0.03471635 -0.03431653 0.01693172 0.9992676 -0.9994109 0 -0.03432145
Somitic.mesoderm Def..endoderm 0 0 0 0.03411619 0.03189201 -0.03431653 0.01693172 0.9992676 -0.9994109 0 -0.03432145
Somitic.mesoderm Parietal.endoderm 0 0 0 0.03411619 0.00139262 -0.03431653 0.01693172 0.9992676 -0.9994109 0 -0.03432145
Somitic.mesoderm Allantois 0 0 0 0.03411619 0.03215934 -0.03431653 0.01693172 0.9992676 -0.9994109 0 -0.03432145
Somitic.mesoderm Anterior.Primitive.Streak 0 0 0 0.03411619 0.01720322 -0.03431653 0.01693172 0.9992676 -0.9994109 0 -0.03432145
Somitic.mesoderm Endothelium 0 0 0 0.03411619 0.01575093 -0.03431653 0.01693172 0.9992676 -0.9994109 0 -0.03432145
Somitic.mesoderm Forebrain/Midbrain/Hindbrain 0 0 0 0.03411619 0.06533267 -0.03431653 0.01693172 0.9992676 -0.9994109 0 -0.03432145
Somitic.mesoderm Spinal.cord 0 0 0 0.03405062 0.02557466 0.04742682 0.01380628 0.9987793 -0.9988745 0 0.04743133
Somitic.mesoderm Cardiomyocytes 0 0 0 0.03411619 0.01900001 -0.03431653 0.01693172 0.9992676 -0.9994109 0 -0.03432145
Somitic.mesoderm Erythroid2 0 0 0 0.03411619 0.0194883 -0.03431653 0.01693172 0.9992676 -0.9994109 0 -0.03432145
Somitic.mesoderm NMP 0 0 0 0.03466779 0.02015283 0.01436153 0.3574081 0.9338379 -0.9998817 0 0.01537722
Somitic.mesoderm Erythroid3 0 0 0 0.03411619 0.03595774 -0.03431653 0.01693172 0.9992676 -0.9994109 0 -0.03432145
Somitic.mesoderm Neural.crest 0 0 0 0.03411619 0.007068662 -0.03431653 0.01693172 0.9992676 -0.9994109 0 -0.03432145
Caudal.Mesoderm Erythroid1 0 0 0 0.02958396 0.03471635 -0.03431653 0.01693172 0.9992676 -0.9994109 0 -0.03432145
Caudal.Mesoderm Def..endoderm 1.51903E-07 6.213417E-06 4.783677E-06 0.02444757 0.03175443 -0.497538 0.3764611 -0.7814941 0.8435522 0 -0.5370472
Caudal.Mesoderm Parietal.endoderm 0 0 0 0.02958396 0.00139262 -0.03431653 0.01693172 0.9992676 -0.9994109 0 -0.03432145
Caudal.Mesoderm Allantois 0 0 0 0.02958396 0.03215934 -0.03431653 0.01693172 0.9992676 -0.9994109 0 -0.03432145
Caudal.Mesoderm Anterior.Primitive.Streak 0 0 0 0.02958396 0.01720322 -0.03431653 0.01693172 0.9992676 -0.9994109 0 -0.03432145
Caudal.Mesoderm Endothelium 0 0 0 0.02958396 0.01575093 -0.03431653 0.01693172 0.9992676 -0.9994109 0 -0.03432145
Caudal.Mesoderm Forebrain/Midbrain/Hindbrain 0 0 0 0.02958396 0.06533267 -0.03431653 0.01693172 0.9992676 -0.9994109 0 -0.03432145
Caudal.Mesoderm Spinal.cord 0 0 0 0.02958396 0.02574069 -0.03431653 0.01693172 0.9992676 -0.9994109 0 -0.03432145
Caudal.Mesoderm Cardiomyocytes 0 0 0 0.02958396 0.01900001 -0.03431653 0.01693172 0.9992676 -0.9994109 0 -0.03432145
Caudal.Mesoderm Erythroid2 0 0 0 0.02958396 0.0194883 -0.03431653 0.01693172 0.9992676 -0.9994109 0 -0.03432145
Caudal.Mesoderm NMP 0.007879559 0.3007497 0.2823131 0.02619972 0.02791071 0.04728258 0.418506 -0.9069824 0.9986439 0 0.05206105
Caudal.Mesoderm Erythroid3 0 0 0 0.02958396 0.03595774 -0.03431653 0.01693172 0.9992676 -0.9994109 0 -0.03432145
Caudal.Mesoderm Neural.crest 0 0 0 0.02958396 0.007068662 -0.03431653 0.01693172 0.9992676 -0.9994109 0 -0.03432145
Erythroid1 Def..endoderm 0 0 0 0.03471635 0.03189201 -0.03431653 0.01693172 0.9992676 -0.9994109 0 -0.03432145
Erythroid1 Parietal.endoderm 0 0 0 0.03471635 0.00139262 -0.03431653 0.01693172 0.9992676 -0.9994109 0 -0.03432145
Erythroid1 Allantois 0 0 0 0.03471635 0.03215934 -0.03431653 0.01693172 0.9992676 -0.9994109 0 -0.03432145
Erythroid1 Anterior.Primitive.Streak 0 0 0 0.03471635 0.01720322 -0.03431653 0.01693172 0.9992676 -0.9994109 0 -0.03432145
Erythroid1 Endothelium 0 0 0 0.03471635 0.01575093 -0.03431653 0.01693172 0.9992676 -0.9994109 0 -0.03432145
Erythroid1 Forebrain/Midbrain/Hindbrain 0 0 0 0.03471635 0.06533267 -0.03431653 0.01693172 0.9992676 -0.9994109 0 -0.03432145
Erythroid1 Spinal.cord 0 0 0 0.03471635 0.02574069 -0.03431653 0.01693172 0.9992676 -0.9994109 0 -0.03432145
Erythroid1 Cardiomyocytes 0 0 0 0.03471635 0.01900001 -0.03431653 0.01693172 0.9992676 -0.9994109 0 -0.03432145
Erythroid1 Erythroid2 0.00296324 0.09075432 0.2528288 0.03265123 0.01172034 0.4584365 0.6957375 -0.5529785 0.7698476 0 0.6382278
Erythroid1 NMP 0 0 0 0.03471635 0.02261177 -0.03431653 0.01693172 0.9992676 -0.9994109 0 -0.03432145
Erythroid1 Erythroid3 0 0 0 0.03781867 0.03972866 0.4518901 0.03573929 0.8913574 -0.8919272 0 0.452179
Erythroid1 Neural.crest 0 0 0 0.03471635 0.007068662 -0.03431653 0.01693172 0.9992676 -0.9994109 0 -0.03432145
Def..endoderm Parietal.endoderm 0 0 0 0.03189201 0.00139262 -0.03431653 0.01693172 0.9992676 -0.9994109 0 -0.03432145
Def..endoderm Allantois 0 0 0 0.03189201 0.03215934 -0.03431653 0.01693172 0.9992676 -0.9994109 0 -0.03432145
Def..endoderm Anterior.Primitive.Streak 0.005288289 0.1797888 0.401129 0.02941389 0.01318351 0.7698525 0.636407 -0.04809566 0.0623523 0 0.9980542
Def..endoderm Endothelium 0 0 0 0.03189201 0.01575093 -0.03431653 0.01693172 0.9992676 -0.9994109 0 -0.03432145
Def..endoderm Forebrain/Midbrain/Hindbrain 0 0 0 0.03189201 0.06533267 -0.03431653 0.01693172 0.9992676 -0.9994109 0 -0.03432145
Def..endoderm Spinal.cord 0 0 0 0.03189201 0.02574069 -0.03431653 0.01693172 0.9992676 -0.9994109 0 -0.03432145
Def..endoderm Cardiomyocytes 0 0 0 0.03189201 0.01900001 -0.03431653 0.01693172 0.9992676 -0.9994109 0 -0.03432145
Def..endoderm Erythroid2 0 0 0 0.03189201 0.0194883 -0.03431653 0.01693172 0.9992676 -0.9994109 0 -0.03432145
Def..endoderm NMP 0 0 0 0.03189201 0.02261177 -0.03431653 0.01693172 0.9992676 -0.9994109 0 -0.03432145
Def..endoderm Erythroid3 0 0 0 0.03189201 0.03595774 -0.03431653 0.01693172 0.9992676 -0.9994109 0 -0.03432145
Def..endoderm Neural.crest 0 0 0 0.03189201 0.007068662 -0.03431653 0.01693172 0.9992676 -0.9994109 0 -0.03432145
Parietal.endoderm Allantois 0 0 0 0.00139262 0.03215934 -0.03431653 0.01693172 0.9992676 -0.9994109 0 -0.03432145
Parietal.endoderm Anterior.Primitive.Streak 0 0 0 0.00139262 0.01720322 -0.03431653 0.01693172 0.9992676 -0.9994109 0 -0.03432145
Parietal.endoderm Endothelium 0 0 0 0.00139262 0.01575093 -0.03431653 0.01693172 0.9992676 -0.9994109 0 -0.03432145
Parietal.endoderm Forebrain/Midbrain/Hindbrain 0 0 0 0.00139262 0.06533267 -0.03431653 0.01693172 0.9992676 -0.9994109 0 -0.03432145
Parietal.endoderm Spinal.cord 0 0 0 0.00139262 0.02574069 -0.03431653 0.01693172 0.9992676 -0.9994109 0 -0.03432145
Parietal.endoderm Cardiomyocytes 0 0 0 0.00139262 0.01900001 -0.03431653 0.01693172 0.9992676 -0.9994109 0 -0.03432145
Parietal.endoderm Erythroid2 0 0 0 0.00139262 0.0194883 -0.03431653 0.01693172 0.9992676 -0.9994109 0 -0.03432145
Parietal.endoderm NMP 0 0 0 0.00139262 0.02261177 -0.03431653 0.01693172 0.9992676 -0.9994109 0 -0.03432145
Parietal.endoderm Erythroid3 0 0 0 0.00139262 0.03595774 -0.03431653 0.01693172 0.9992676 -0.9994109 0 -0.03432145
Parietal.endoderm Neural.crest 0 0 0 0.00139262 0.007068662 -0.03431653 0.01693172 0.9992676 -0.9994109 0 -0.03432145
Allantois Anterior.Primitive.Streak 0 0 0 0.03215934 0.01720322 -0.03431653 0.01693172 0.9992676 -0.9994109 0 -0.03432145
Allantois Endothelium 0 0 0 0.03215934 0.01575093 -0.03431653 0.01693172 0.9992676 -0.9994109 0 -0.03432145
Allantois Forebrain/Midbrain/Hindbrain 0 0 0 0.03220946 0.0632636 -0.2136004 0.03431214 0.9763184 -0.9768936 0 -0.2137263
Allantois Spinal.cord 0 0 0 0.03215934 0.02574069 -0.03431653 0.01693172 0.9992676 -0.9994109 0 -0.03432145
Allantois Cardiomyocytes 0 0 0 0.03215934 0.01900001 -0.03431653 0.01693172 0.9992676 -0.9994109 0 -0.03432145
Allantois Erythroid2 0 0 0 0.03215934 0.0194883 -0.03431653 0.01693172 0.9992676 -0.9994109 0 -0.03432145
Allantois NMP 0 0 0 0.03215934 0.02261177 -0.03431653 0.01693172 0.9992676 -0.9994109 0 -0.03432145
Allantois Erythroid3 0 0 0 0.03215934 0.03595774 -0.03431653 0.01693172 0.9992676 -0.9994109 0 -0.03432145
Allantois Neural.crest 0 0 0 0.03215934 0.007068662 -0.03431653 0.01693172 0.9992676 -0.9994109 0 -0.03432145
Anterior.Primitive.Streak Endothelium 0 0 0 0.01720322 0.01575093 -0.03431653 0.01693172 0.9992676 -0.9994109 0 -0.03432145
Anterior.Primitive.Streak Forebrain/Midbrain/Hindbrain 0 0 0 0.01720322 0.06533267 -0.03431653 0.01693172 0.9992676 -0.9994109 0 -0.03432145
Anterior.Primitive.Streak Spinal.cord 0 0 0 0.01720322 0.02574069 -0.03431653 0.01693172 0.9992676 -0.9994109 0 -0.03432145
Anterior.Primitive.Streak Cardiomyocytes 0 0 0 0.01720322 0.01900001 -0.03431653 0.01693172 0.9992676 -0.9994109 0 -0.03432145
Anterior.Primitive.Streak Erythroid2 0 0 0 0.01720322 0.0194883 -0.03431653 0.01693172 0.9992676 -0.9994109 0 -0.03432145
Anterior.Primitive.Streak NMP 0 0 0 0.01720322 0.02261177 -0.03431653 0.01693172 0.9992676 -0.9994109 0 -0.03432145
Anterior.Primitive.Streak Erythroid3 0 0 0 0.01720322 0.03595774 -0.03431653 0.01693172 0.9992676 -0.9994109 0 -0.03432145
Anterior.Primitive.Streak Neural.crest 0 0 0 0.01720322 0.007068662 -0.03431653 0.01693172 0.9992676 -0.9994109 0 -0.03432145
Endothelium Forebrain/Midbrain/Hindbrain 0 0 0 0.01575093 0.06533267 -0.03431653 0.01693172 0.9992676 -0.9994109 0 -0.03432145
Endothelium Spinal.cord 0 0 0 0.01575093 0.02574069 -0.03431653 0.01693172 0.9992676 -0.9994109 0 -0.03432145
Endothelium Cardiomyocytes 0 0 0 0.01575093 0.01900001 -0.03431653 0.01693172 0.9992676 -0.9994109 0 -0.03432145
Endothelium Erythroid2 0 0 0 0.01575093 0.0194883 -0.03431653 0.01693172 0.9992676 -0.9994109 0 -0.03432145
Endothelium NMP 0 0 0 0.01575093 0.02261177 -0.03431653 0.01693172 0.9992676 -0.9994109 0 -0.03432145
Endothelium Erythroid3 0 0 0 0.01579081 0.03096845 -0.3232228 0.1158166 0.939209 -0.9455721 0 -0.3254126
Endothelium Neural.crest 0 0 0 0.01575093 0.007068662 -0.03431653 0.01693172 0.9992676 -0.9994109 0 -0.03432145
Forebrain/Midbrain/Hindbrain Spinal.cord 0.008480716 0.1532617 0.3689376 0.05533485 0.02298686 0.4319133 0.3578605 -0.8278809 0.8865957 0 0.4625453
Forebrain/Midbrain/Hindbrain Cardiomyocytes 0 0 0 0.06686866 0.01902593 0.04742682 0.01380628 0.9987793 -0.9988745 0 0.04743133
Forebrain/Midbrain/Hindbrain Erythroid2 0 0 0 0.06533267 0.0194883 -0.03431653 0.01693172 0.9992676 -0.9994109 0 -0.03432145
Forebrain/Midbrain/Hindbrain NMP 0 0 0 0.06533267 0.02261177 -0.03431653 0.01693172 0.9992676 -0.9994109 0 -0.03432145
Forebrain/Midbrain/Hindbrain Erythroid3 0 0 0 0.06533267 0.03595774 -0.03431653 0.01693172 0.9992676 -0.9994109 0 -0.03432145
Forebrain/Midbrain/Hindbrain Neural.crest 0.0008071995 0.01108163 0.1213998 0.07284123 0.006649101 -0.139706 0.9901677 0.007080094 -0.05061357 0 -0.9987183
Spinal.cord Cardiomyocytes 0 0 0 0.02574069 0.01900001 -0.03431653 0.01693172 0.9992676 -0.9994109 0 -0.03432145
Spinal.cord Erythroid2 0 0 0 0.02574069 0.0194883 -0.03431653 0.01693172 0.9992676 -0.9994109 0 -0.03432145
Spinal.cord NMP 0 0 0 0.02574069 0.02261177 -0.03431653 0.01693172 0.9992676 -0.9994109 0 -0.03432145
Spinal.cord Erythroid3 0 0 0 0.02574069 0.03595774 -0.03431653 0.01693172 0.9992676 -0.9994109 0 -0.03432145
Spinal.cord Neural.crest 0 0 0 0.02574069 0.007068662 -0.03431653 0.01693172 0.9992676 -0.9994109 0 -0.03432145
Cardiomyocytes Erythroid2 0 0 0 0.01900001 0.0194883 -0.03431653 0.01693172 0.9992676 -0.9994109 0 -0.03432145
Cardiomyocytes NMP 0 0 0 0.01900001 0.02261177 -0.03431653 0.01693172 0.9992676 -0.9994109 0 -0.03432145
Cardiomyocytes Erythroid3 0 0 0 0.01900001 0.03595774 -0.03431653 0.01693172 0.9992676 -0.9994109 0 -0.03432145
Cardiomyocytes Neural.crest 0 0 0 0.01902593 0.007449761 0.04742682 0.01380628 0.9987793 -0.9988745 0 0.04743133
Erythroid2 NMP 0 0 0 0.0194883 0.02261177 -0.03431653 0.01693172 0.9992676 -0.9994109 0 -0.03432145
Erythroid2 Erythroid3 0.00319959 0.2800916 0.148983 0.01142337 0.02147621 0.5686203 0.7057434 -0.4226075 0.5965095 0 0.8026061
Erythroid2 Neural.crest 0 0 0 0.0194883 0.007068662 -0.03431653 0.01693172 0.9992676 -0.9994109 0 -0.03432145
NMP Erythroid3 0 0 0 0.02261177 0.03595774 -0.03431653 0.01693172 0.9992676 -0.9994109 0 -0.03432145
NMP Neural.crest 0 0 0 0.02261177 0.007068662 -0.03431653 0.01693172 0.9992676 -0.9994109 0 -0.03432145
Erythroid3 Neural.crest 0 0 0 0.03595774 0.007068662 -0.03431653 0.01693172 0.9992676 -0.9994109 0 -0.03432145
