Epiblast Primitive.Streak 0.01183701 0.3315027 0.287563 0.03570714 0.0411632 0.3704263 0.9170428 -0.1477051 0.3703844 0 0.9288785
Epiblast ExE.ectoderm 0 0 0 0.04232531 0.03604162 -0.03431653 0.01693172 0.9992676 -0.9994109 0 -0.03432145
Epiblast Visceral.endoderm 0 0 0 0.04232531 0.01206462 -0.03431653 0.01693172 0.9992676 -0.9994109 0 -0.03432145
Epiblast ExE.endoderm 0 0 0 0.04232531 0.04450275 -0.03431653 0.01693172 0.9992676 -0.9994109 0 -0.03432145
Epiblast Nascent.mesoderm 0 0 0 0.04196664 0.02065375 0.04742682 0.01380628 0.9987793 -0.9988745 0 0.04743133
Epiblast Rostral.neurectoderm 0.008805734 0.2493279 0.2324275 0.03531789 0.03788594 0.2476928 0.8288163 0.5017089 -0.896676 0 0.4426873
Epiblast Blood.progenitors.2 0 0 0 0.04232531 0.01343703 -0.03431653 0.01693172 0.9992676 -0.9994109 0 -0.03432145
Epiblast Mixed.mesoderm 0 0 0 0.04196664 0.02388904 0.04742682 0.01380628 0.9987793 -0.9988745 0 0.04743133
Epiblast ExE.mesoderm 0 0 0 0.04098701 0.01984036 0.2073021 0.003277564 0.9782715 -0.9782767 0 0.2073032
Epiblast Intermediate.mesoderm 0 0 0 0.04047448 0.03269735 0.3215272 0.05887337 0.9450684 -0.9467105 0 0.3220858
Epiblast Pharyngeal.mesoderm 0 0 0 0.04232531 0.01987184 -0.03431653 0.01693172 0.9992676 -0.9994109 0 -0.03432145
Epiblast Caudal.epiblast 0 0 0 0.04053267 0.02172917 0.318554 0.4711699 0.8225098 -0.9325058 0 0.3611549
Epiblast PGC 0 0 0 0.04297835 0.009092328 0.1469421 0.2871984 0.9465332 -0.9881634 0 0.1534049
Epiblast Mesenchyme 0 0 0 0.04152275 0.03041862 0.1493689 0.02250491 0.9885254 -0.9887758 0 0.1494068
Epiblast Haematoendothelial.progenitors 0 0 0 0.04152275 0.03068593 0.1493689 0.02250491 0.9885254 -0.9887758 0 0.1494068
Epiblast Blood.progenitors.1 0 0 0 0.04232531 0.01071711 -0.03431653 0.01693172 0.9992676 -0.9994109 0 -0.03432145
Epiblast Surface.ectoderm 0 0 0 0.04276966 0.03714228 0.1193396 0.1608564 0.9797363 -0.992663 0 0.1209141
Epiblast Gut 0 0 0 0.04232531 0.01314323 -0.03431653 0.01693172 0.9992676 -0.9994109 0 -0.03432145
Epiblast Paraxial.mesoderm 0 0 0 0.04232531 0.02579431 -0.03431653 0.01693172 0.9992676 -0.9994109 0 -0.03432145
Epiblast Caudal.neurectoderm 0 0 0 0.04184993 0.01027532 0.2035132 0.4686548 0.8596191 -0.9731008 0 0.2303797
Epiblast Notochord 0 0 0 0.04232531 0.004818968 -0.03431653 0.01693172 0.9992676 -0.9994109 0 -0.03432145
Epiblast Somitic.mesoderm 0 0 0 0.0396269 0.02581204 0.3927413 0.05137501 0.9182129 -0.919427 0 0.3932606
Epiblast Caudal.Mesoderm 0 0 0 0.03830326 0.01712276 0.5024322 0.0140817 0.864502 -0.8645877 0 0.502482
Epiblast Erythroid1 0 0 0 0.04232531 0.01890675 -0.03431653 0.01693172 0.9992676 -0.9994109 0 -0.03432145
Epiblast Def..endoderm 0 0 0 0.04232531 0.02396361 -0.03431653 0.01693172 0.9992676 -0.9994109 0 -0.03432145
Epiblast Parietal.endoderm 0 0 0 0.04232531 0.002145557 -0.03431653 0.01693172 0.9992676 -0.9994109 0 -0.03432145
Epiblast Allantois 0 0 0 0.04067107 0.007790911 0.2728818 0.02695352 0.9616699 -0.9620194 0 0.272981
Epiblast Anterior.Primitive.Streak 0 0 0 0.04232531 0.01325892 -0.03431653 0.01693172 0.9992676 -0.9994109 0 -0.03432145
Epiblast Endothelium 0 0 0 0.0425121 0.009875606 -0.01288601 0.06498964 0.9978027 -0.9999166 0 -0.01291331
Epiblast Forebrain/Midbrain/Hindbrain 0 0 0 0.04232531 0.02240371 -0.03431653 0.01693172 0.9992676 -0.9994109 0 -0.03432145
Epiblast Spinal.cord 0 0 0 0.04232531 0.01308751 -0.03431653 0.01693172 0.9992676 -0.9994109 0 -0.03432145
Epiblast Cardiomyocytes 0 0 0 0.04232531 0.01370848 -0.03431653 0.01693172 0.9992676 -0.9994109 0 -0.03432145
Epiblast Erythroid2 0 0 0 0.04232531 0.009411155 -0.03431653 0.01693172 0.9992676 -0.9994109 0 -0.03432145
Epiblast NMP 0 0 0 0.04244066 0.01597052 -0.3232228 0.1158166 0.939209 -0.9455721 0 -0.3254126
Epiblast Erythroid3 0 0 0 0.04232531 0.01183641 -0.03431653 0.01693172 0.9992676 -0.9994109 0 -0.03432145
Epiblast Neural.crest 0 0 0 0.04232531 0.007702465 -0.03431653 0.01693172 0.9992676 -0.9994109 0 -0.03432145
Primitive.Streak ExE.ectoderm 0 0 0 0.03646691 0.03604162 -0.03431653 0.01693172 0.9992676 -0.9994109 0 -0.03432145
Primitive.Streak Visceral.endoderm 0 0 0 0.03646691 0.01206462 -0.03431653 0.01693172 0.9992676 -0.9994109 0 -0.03432145
Primitive.Streak ExE.endoderm 0 0 0 0.03646691 0.04450275 -0.03431653 0.01693172 0.9992676 -0.9994109 0 -0.03432145
Primitive.Streak Nascent.mesoderm 0.001889119 0.0463593 0.08838399 0.04074951 0.02137399 0.5642032 0.2114663 0.7980957 -0.816562 0 0.5772578
Primitive.Streak Rostral.neurectoderm 0.006782281 0.1933384 0.1932703 0.03507985 0.03509221 0.3824009 0.6665636 -0.6398926 0.8583998 0 0.5129812
Primitive.Streak Blood.progenitors.2 0 0 0 0.03646691 0.01343703 -0.03431653 0.01693172 0.9992676 -0.9994109 0 -0.03432145
Primitive.Streak Mixed.mesoderm 0 0 0 0.04136719 0.02432434 0.4782434 0.0780088 0.8747559 -0.8774297 0 0.4797053
Primitive.Streak ExE.mesoderm 0 0 0 0.03305592 0.01867802 -0.3573058 0.0458512 0.9328613 -0.9338435 0 -0.357682
Primitive.Streak Intermediate.mesoderm 0 0 0 0.03173388 0.03564461 -0.4880287 0.006581897 0.8728027 -0.8728217 0 -0.4880393
Primitive.Streak Pharyngeal.mesoderm 0 0 0 0.03646691 0.01987184 -0.03431653 0.01693172 0.9992676 -0.9994109 0 -0.03432145
Primitive.Streak Caudal.epiblast 0.003353667 0.08582135 0.1427372 0.03907731 0.0234954 -0.5844625 0.5343936 0.6105957 -0.7223969 0 -0.6914786
Primitive.Streak PGC 0 0 0 0.03654607 0.008744412 0.0491307 0.7320812 0.6794434 -0.9973958 0 0.07212191
Primitive.Streak Mesenchyme 0 0 0 0.03979356 0.03123692 0.2073021 0.003277564 0.9782715 -0.9782767 0 0.2073032
Primitive.Streak Haematoendothelial.progenitors 0 0 0 0.04088032 0.02945588 0.3547372 0.01683701 0.9348145 -0.934947 0 0.3547874
Primitive.Streak Blood.progenitors.1 0 0 0 0.03770258 0.0114353 0.05644158 0.06422738 0.9963379 -0.9983993 0 0.05655836
Primitive.Streak Surface.ectoderm 0.0009266402 0.02583881 0.03184004 0.03586233 0.02910299 -0.2165742 0.5864195 0.7805176 -0.9635931 0 -0.2673731
Primitive.Streak Gut 0 0 0 0.03646691 0.01314323 -0.03431653 0.01693172 0.9992676 -0.9994109 0 -0.03432145
Primitive.Streak Paraxial.mesoderm 0 0 0 0.03646691 0.02579431 -0.03431653 0.01693172 0.9992676 -0.9994109 0 -0.03432145
Primitive.Streak Caudal.neurectoderm 0 0 0 0.0361319 0.01334728 -0.06643912 0.06958211 0.9953613 -0.9977797 0 -0.06660055
Primitive.Streak Notochord 0 0 0 0.03646691 0.004818968 -0.03431653 0.01693172 0.9992676 -0.9994109 0 -0.03432145
Primitive.Streak Somitic.mesoderm 0 0 0 0.03246937 0.02717105 -0.4001794 0.01801315 0.9162598 -0.9164084 0 -0.4002444
Primitive.Streak Caudal.Mesoderm 0 0 0 0.03173388 0.02143982 -0.4880287 0.006581897 0.8728027 -0.8728217 0 -0.4880393
Primitive.Streak Erythroid1 0 0 0 0.03646691 0.01890675 -0.03431653 0.01693172 0.9992676 -0.9994109 0 -0.03432145
Primitive.Streak Def..endoderm 0.0007534276 0.01785531 0.0382149 0.04219628 0.01971555 -0.5497462 0.7719841 0.3190918 -0.5019994 0 -0.864868
Primitive.Streak Parietal.endoderm 0 0 0 0.03646691 0.002145557 -0.03431653 0.01693172 0.9992676 -0.9994109 0 -0.03432145
Primitive.Streak Allantois 0 0 0 0.03484011 0.01263505 -0.163272 0.004171492 0.9865723 -0.9865808 0 -0.1632735
Primitive.Streak Anterior.Primitive.Streak 0.001256719 0.02828298 0.2101641 0.04443374 0.005979704 -0.2396524 0.9689537 0.06079102 -0.2458761 0 -0.9693013
Primitive.Streak Endothelium 0 0 0 0.03680233 0.009925221 -0.009749388 0.1570104 0.9875488 -0.9999513 0 -0.009871829
Primitive.Streak Forebrain/Midbrain/Hindbrain 0 0 0 0.03646691 0.02240371 -0.03431653 0.01693172 0.9992676 -0.9994109 0 -0.03432145
Primitive.Streak Spinal.cord 0 0 0 0.03646691 0.01308751 -0.03431653 0.01693172 0.9992676 -0.9994109 0 -0.03432145
Primitive.Streak Cardiomyocytes 0 0 0 0.03646691 0.01370848 -0.03431653 0.01693172 0.9992676 -0.9994109 0 -0.03432145
Primitive.Streak Erythroid2 0 0 0 0.03646691 0.009411155 -0.03431653 0.01693172 0.9992676 -0.9994109 0 -0.03432145
Primitive.Streak NMP 0 0 0 0.0361319 0.01802275 -0.06643912 0.06958211 0.9953613 -0.9977797 0 -0.06660055
Primitive.Streak Erythroid3 0 0 0 0.03646691 0.01183641 -0.03431653 0.01693172 0.9992676 -0.9994109 0 -0.03432145
Primitive.Streak Neural.crest 0 0 0 0.03646691 0.007702465 -0.03431653 0.01693172 0.9992676 -0.9994109 0 -0.03432145
ExE.ectoderm Visceral.endoderm 0 0 0 0.03604162 0.01206462 -0.03431653 0.01693172 0.9992676 -0.9994109 0 -0.03432145
ExE.ectoderm ExE.endoderm 0 0 0 0.03604162 0.04450275 -0.03431653 0.01693172 0.9992676 -0.9994109 0 -0.03432145
ExE.ectoderm Nascent.mesoderm 0 0 0 0.03604162 0.02043377 -0.03431653 0.01693172 0.9992676 -0.9994109 0 -0.03432145
ExE.ectoderm Rostral.neurectoderm 0 0 0 0.03604162 0.03805427 -0.03431653 0.01693172 0.9992676 -0.9994109 0 -0.03432145
ExE.ectoderm Blood.progenitors.2 0 0 0 0.03604162 0.01343703 -0.03431653 0.01693172 0.9992676 -0.9994109 0 -0.03432145
ExE.ectoderm Mixed.mesoderm 0 0 0 0.03604162 0.0237052 -0.03431653 0.01693172 0.9992676 -0.9994109 0 -0.03432145
ExE.ectoderm ExE.mesoderm 0 0 0 0.03604162 0.01926419 -0.03431653 0.01693172 0.9992676 -0.9994109 0 -0.03432145
ExE.ectoderm Intermediate.mesoderm 0 0 0 0.03604162 0.02917455 -0.03431653 0.01693172 0.9992676 -0.9994109 0 -0.03432145
ExE.ectoderm Pharyngeal.mesoderm 0 0 0 0.03604162 0.01987184 -0.03431653 0.01693172 0.9992676 -0.9994109 0 -0.03432145
ExE.ectoderm Caudal.epiblast 0 0 0 0.03604162 0.02906399 -0.03431653 0.01693172 0.9992676 -0.9994109 0 -0.03432145
ExE.ectoderm PGC 0 0 0 0.03604162 0.008008649 -0.03431653 0.01693172 0.9992676 -0.9994109 0 -0.03432145
ExE.ectoderm Mesenchyme 0 0 0 0.03604162 0.03054857 -0.03431653 0.01693172 0.9992676 -0.9994109 0 -0.03432145
ExE.ectoderm Haematoendothelial.progenitors 0 0 0 0.03604162 0.03153925 -0.03431653 0.01693172 0.9992676 -0.9994109 0 -0.03432145
ExE.ectoderm Blood.progenitors.1 0 0 0 0.03604162 0.01071711 -0.03431653 0.01693172 0.9992676 -0.9994109 0 -0.03432145
ExE.ectoderm Surface.ectoderm 0 0 0 0.03604162 0.03560625 -0.03431653 0.01693172 0.9992676 -0.9994109 0 -0.03432145
ExE.ectoderm Gut 0 0 0 0.03604162 0.01314323 -0.03431653 0.01693172 0.9992676 -0.9994109 0 -0.03432145
ExE.ectoderm Paraxial.mesoderm 0 0 0 0.03604162 0.02579431 -0.03431653 0.01693172 0.9992676 -0.9994109 0 -0.03432145
ExE.ectoderm Caudal.neurectoderm 0 0 0 0.03604162 0.01340802 -0.03431653 0.01693172 0.9992676 -0.9994109 0 -0.03432145
ExE.ectoderm Notochord 0 0 0 0.03604162 0.004818968 -0.03431653 0.01693172 0.9992676 -0.9994109 0 -0.03432145
ExE.ectoderm Somitic.mesoderm 0 0 0 0.03604162 0.02852963 -0.03431653 0.01693172 0.9992676 -0.9994109 0 -0.03432145
ExE.ectoderm Caudal.Mesoderm 0 0 0 0.03604162 0.02075059 -0.03431653 0.01693172 0.9992676 -0.9994109 0 -0.03432145
ExE.ectoderm Erythroid1 0 0 0 0.03604162 0.01890675 -0.03431653 0.01693172 0.9992676 -0.9994109 0 -0.03432145
ExE.ectoderm Def..endoderm 0 0 0 0.03604162 0.02396361 -0.03431653 0.01693172 0.9992676 -0.9994109 0 -0.03432145
ExE.ectoderm Parietal.endoderm 0 0 0 0.03604162 0.002145557 -0.03431653 0.01693172 0.9992676 -0.9994109 0 -0.03432145
ExE.ectoderm Allantois 0 0 0 0.03604162 0.01119664 -0.03431653 0.01693172 0.9992676 -0.9994109 0 -0.03432145
ExE.ectoderm Anterior.Primitive.Streak 0 0 0 0.03604162 0.01325892 -0.03431653 0.01693172 0.9992676 -0.9994109 0 -0.03432145
ExE.ectoderm Endothelium 0 0 0 0.03604162 0.009811113 -0.03431653 0.01693172 0.9992676 -0.9994109 0 -0.03432145
ExE.ectoderm Forebrain/Midbrain/Hindbrain 0 0 0 0.03604162 0.02240371 -0.03431653 0.01693172 0.9992676 -0.9994109 0 -0.03432145
ExE.ectoderm Spinal.cord 0 0 0 0.03604162 0.01308751 -0.03431653 0.01693172 0.9992676 -0.9994109 0 -0.03432145
ExE.ectoderm Cardiomyocytes 0 0 0 0.03604162 0.01370848 -0.03431653 0.01693172 0.9992676 -0.9994109 0 -0.03432145
ExE.ectoderm Erythroid2 0 0 0 0.03604162 0.009411155 -0.03431653 0.01693172 0.9992676 -0.9994109 0 -0.03432145
ExE.ectoderm NMP 0 0 0 0.03604162 0.01842295 -0.03431653 0.01693172 0.9992676 -0.9994109 0 -0.03432145
ExE.ectoderm Erythroid3 0 0 0 0.03604162 0.01183641 -0.03431653 0.01693172 0.9992676 -0.9994109 0 -0.03432145
ExE.ectoderm Neural.crest 0 0 0 0.03604162 0.007702465 -0.03431653 0.01693172 0.9992676 -0.9994109 0 -0.03432145
Visceral.endoderm ExE.endoderm 9.482834E-07 9.998787E-05 1.879276E-05 0.009483985 0.05046004 0.7725706 0.6090441 0.1794434 -0.2262453 0 0.9740704
Visceral.endoderm Nascent.mesoderm 0 0 0 0.01206462 0.02043377 -0.03431653 0.01693172 0.9992676 -0.9994109 0 -0.03432145
Visceral.endoderm Rostral.neurectoderm 0 0 0 0.01206462 0.03805427 -0.03431653 0.01693172 0.9992676 -0.9994109 0 -0.03432145
Visceral.endoderm Blood.progenitors.2 0 0 0 0.01206462 0.01343703 -0.03431653 0.01693172 0.9992676 -0.9994109 0 -0.03432145
Visceral.endoderm Mixed.mesoderm 0 0 0 0.01206462 0.0237052 -0.03431653 0.01693172 0.9992676 -0.9994109 0 -0.03432145
Visceral.endoderm ExE.mesoderm 0 0 0 0.01206462 0.01926419 -0.03431653 0.01693172 0.9992676 -0.9994109 0 -0.03432145
Visceral.endoderm Intermediate.mesoderm 0 0 0 0.01206462 0.02917455 -0.03431653 0.01693172 0.9992676 -0.9994109 0 -0.03432145
Visceral.endoderm Pharyngeal.mesoderm 0 0 0 0.01206462 0.01987184 -0.03431653 0.01693172 0.9992676 -0.9994109 0 -0.03432145
Visceral.endoderm Caudal.epiblast 0 0 0 0.01206462 0.02906399 -0.03431653 0.01693172 0.9992676 -0.9994109 0 -0.03432145
Visceral.endoderm PGC 0 0 0 0.01206462 0.008008649 -0.03431653 0.01693172 0.9992676 -0.9994109 0 -0.03432145
Visceral.endoderm Mesenchyme 0 0 0 0.01206462 0.03054857 -0.03431653 0.01693172 0.9992676 -0.9994109 0 -0.03432145
Visceral.endoderm Haematoendothelial.progenitors 0 0 0 0.01206462 0.03153925 -0.03431653 0.01693172 0.9992676 -0.9994109 0 -0.03432145
Visceral.endoderm Blood.progenitors.1 0 0 0 0.01206462 0.01071711 -0.03431653 0.01693172 0.9992676 -0.9994109 0 -0.03432145
Visceral.endoderm Surface.ectoderm 0 0 0 0.01206462 0.03560625 -0.03431653 0.01693172 0.9992676 -0.9994109 0 -0.03432145
Visceral.endoderm Gut 1.02258E-06 8.60663E-05 6.372378E-05 0.0118813 0.01604707 -0.7824041 0.4596784 0.420166 -0.4731145 0 -0.881001
Visceral.endoderm Paraxial.mesoderm 0 0 0 0.01206462 0.02579431 -0.03431653 0.01693172 0.9992676 -0.9994109 0 -0.03432145
Visceral.endoderm Caudal.neurectoderm 0 0 0 0.01206462 0.01340802 -0.03431653 0.01693172 0.9992676 -0.9994109 0 -0.03432145
Visceral.endoderm Notochord 0 0 0 0.01206462 0.004818968 -0.03431653 0.01693172 0.9992676 -0.9994109 0 -0.03432145
Visceral.endoderm Somitic.mesoderm 0 0 0 0.01206462 0.02852963 -0.03431653 0.01693172 0.9992676 -0.9994109 0 -0.03432145
Visceral.endoderm Caudal.Mesoderm 0 0 0 0.01206462 0.02075059 -0.03431653 0.01693172 0.9992676 -0.9994109 0 -0.03432145
Visceral.endoderm Erythroid1 0 0 0 0.01206462 0.01890675 -0.03431653 0.01693172 0.9992676 -0.9994109 0 -0.03432145
Visceral.endoderm Def..endoderm 0 0 0 0.01206462 0.02396361 -0.03431653 0.01693172 0.9992676 -0.9994109 0 -0.03432145
Visceral.endoderm Parietal.endoderm 0 0 0 0.01206462 0.002145557 -0.03431653 0.01693172 0.9992676 -0.9994109 0 -0.03432145
Visceral.endoderm Allantois 0 0 0 0.01206462 0.01119664 -0.03431653 0.01693172 0.9992676 -0.9994109 0 -0.03432145
Visceral.endoderm Anterior.Primitive.Streak 0 0 0 0.01206462 0.01325892 -0.03431653 0.01693172 0.9992676 -0.9994109 0 -0.03432145
Visceral.endoderm Endothelium 0 0 0 0.01206462 0.009811113 -0.03431653 0.01693172 0.9992676 -0.9994109 0 -0.03432145
Visceral.endoderm Forebrain/Midbrain/Hindbrain 0 0 0 0.01206462 0.02240371 -0.03431653 0.01693172 0.9992676 -0.9994109 0 -0.03432145
Visceral.endoderm Spinal.cord 0 0 0 0.01206462 0.01308751 -0.03431653 0.01693172 0.9992676 -0.9994109 0 -0.03432145
Visceral.endoderm Cardiomyocytes 0 0 0 0.01206462 0.01370848 -0.03431653 0.01693172 0.9992676 -0.9994109 0 -0.03432145
Visceral.endoderm Erythroid2 0 0 0 0.01206462 0.009411155 -0.03431653 0.01693172 0.9992676 -0.9994109 0 -0.03432145
Visceral.endoderm NMP 0 0 0 0.01206462 0.01842295 -0.03431653 0.01693172 0.9992676 -0.9994109 0 -0.03432145
Visceral.endoderm Erythroid3 0 0 0 0.01206462 0.01183641 -0.03431653 0.01693172 0.9992676 -0.9994109 0 -0.03432145
Visceral.endoderm Neural.crest 0 0 0 0.01206462 0.007702465 -0.03431653 0.01693172 0.9992676 -0.9994109 0 -0.03432145
ExE.endoderm Nascent.mesoderm 0 0 0 0.04450275 0.02043377 -0.03431653 0.01693172 0.9992676 -0.9994109 0 -0.03432145
ExE.endoderm Rostral.neurectoderm 0 0 0 0.04450275 0.03805427 -0.03431653 0.01693172 0.9992676 -0.9994109 0 -0.03432145
ExE.endoderm Blood.progenitors.2 0 0 0 0.04450275 0.01343703 -0.03431653 0.01693172 0.9992676 -0.9994109 0 -0.03432145
ExE.endoderm Mixed.mesoderm 0 0 0 0.04450275 0.0237052 -0.03431653 0.01693172 0.9992676 -0.9994109 0 -0.03432145
ExE.endoderm ExE.mesoderm 0 0 0 0.04450275 0.01926419 -0.03431653 0.01693172 0.9992676 -0.9994109 0 -0.03432145
ExE.endoderm Intermediate.mesoderm 0 0 0 0.04450275 0.02917455 -0.03431653 0.01693172 0.9992676 -0.9994109 0 -0.03432145
ExE.endoderm Pharyngeal.mesoderm 0 0 0 0.04450275 0.01987184 -0.03431653 0.01693172 0.9992676 -0.9994109 0 -0.03432145
ExE.endoderm Caudal.epiblast 0 0 0 0.04450275 0.02906399 -0.03431653 0.01693172 0.9992676 -0.9994109 0 -0.03432145
ExE.endoderm PGC 0 0 0 0.04450275 0.008008649 -0.03431653 0.01693172 0.9992676 -0.9994109 0 -0.03432145
ExE.endoderm Mesenchyme 0 0 0 0.04450275 0.03054857 -0.03431653 0.01693172 0.9992676 -0.9994109 0 -0.03432145
ExE.endoderm Haematoendothelial.progenitors 0 0 0 0.04450275 0.03153925 -0.03431653 0.01693172 0.9992676 -0.9994109 0 -0.03432145
ExE.endoderm Blood.progenitors.1 0 0 0 0.04450275 0.01071711 -0.03431653 0.01693172 0.9992676 -0.9994109 0 -0.03432145
ExE.endoderm Surface.ectoderm 0 0 0 0.04450275 0.03560625 -0.03431653 0.01693172 0.9992676 -0.9994109 0 -0.03432145
ExE.endoderm Gut 0 0 0 0.04450275 0.01314323 -0.03431653 0.01693172 0.9992676 -0.9994109 0 -0.03432145
ExE.endoderm Paraxial.mesoderm 0 0 0 0.04450275 0.02579431 -0.03431653 0.01693172 0.9992676 -0.9994109 0 -0.03432145
ExE.endoderm Caudal.neurectoderm 0 0 0 0.04450275 0.01340802 -0.03431653 0.01693172 0.9992676 -0.9994109 0 -0.03432145
ExE.endoderm Notochord 0 0 0 0.04450275 0.004818968 -0.03431653 0.01693172 0.9992676 -0.9994109 0 -0.03432145
ExE.endoderm Somitic.mesoderm 0 0 0 0.04450275 0.02852963 -0.03431653 0.01693172 0.9992676 -0.9994109 0 -0.03432145
ExE.endoderm Caudal.Mesoderm 0 0 0 0.04450275 0.02075059 -0.03431653 0.01693172 0.9992676 -0.9994109 0 -0.03432145
ExE.endoderm Erythroid1 0 0 0 0.04450275 0.01890675 -0.03431653 0.01693172 0.9992676 -0.9994109 0 -0.03432145
ExE.endoderm Def..endoderm 0 0 0 0.04450275 0.02396361 -0.03431653 0.01693172 0.9992676 -0.9994109 0 -0.03432145
ExE.endoderm Parietal.endoderm 0 0 0 0.04450275 0.002145557 -0.03431653 0.01693172 0.9992676 -0.9994109 0 -0.03432145
ExE.endoderm Allantois 0 0 0 0.04450275 0.01119664 -0.03431653 0.01693172 0.9992676 -0.9994109 0 -0.03432145
ExE.endoderm Anterior.Primitive.Streak 0 0 0 0.04450275 0.01325892 -0.03431653 0.01693172 0.9992676 -0.9994109 0 -0.03432145
ExE.endoderm Endothelium 0 0 0 0.04450275 0.009811113 -0.03431653 0.01693172 0.9992676 -0.9994109 0 -0.03432145
ExE.endoderm Forebrain/Midbrain/Hindbrain 0 0 0 0.04434681 0.02232775 0.04742682 0.01380628 0.9987793 -0.9988745 0 0.04743133
ExE.endoderm Spinal.cord 0 0 0 0.04450275 0.01308751 -0.03431653 0.01693172 0.9992676 -0.9994109 0 -0.03432145
ExE.endoderm Cardiomyocytes 0 0 0 0.04450275 0.01370848 -0.03431653 0.01693172 0.9992676 -0.9994109 0 -0.03432145
ExE.endoderm Erythroid2 0 0 0 0.04450275 0.009411155 -0.03431653 0.01693172 0.9992676 -0.9994109 0 -0.03432145
ExE.endoderm NMP 0 0 0 0.04450275 0.01842295 -0.03431653 0.01693172 0.9992676 -0.9994109 0 -0.03432145
ExE.endoderm Erythroid3 0 0 0 0.04450275 0.01183641 -0.03431653 0.01693172 0.9992676 -0.9994109 0 -0.03432145
ExE.endoderm Neural.crest 0 0 0 0.0461175 0.007763153 0.09383775 0.2090669 0.9733887 -0.9953853 0 0.09595829
Nascent.mesoderm Rostral.neurectoderm 0 0 0 0.02043377 0.03805427 -0.03431653 0.01693172 0.9992676 -0.9994109 0 -0.03432145
Nascent.mesoderm Blood.progenitors.2 0 0 0 0.02043377 0.01343703 -0.03431653 0.01693172 0.9992676 -0.9994109 0 -0.03432145
Nascent.mesoderm Mixed.mesoderm 0.009907106 0.4660971 0.4241595 0.02125545 0.02335703 -0.5582472 0.2249971 0.798584 -0.819599 0 -0.5729377
Nascent.mesoderm ExE.mesoderm 0 0 0 0.01994459 0.01872827 -0.2472899 0.07461375 0.9660645 -0.9687648 0 -0.2479811
Nascent.mesoderm Intermediate.mesoderm 0.001495837 0.08442193 0.04916409 0.01771859 0.03042541 -0.1625286 0.1886289 0.9685059 -0.9862099 0 -0.1654996
Nascent.mesoderm Pharyngeal.mesoderm 0 0 0 0.02043377 0.01987184 -0.03431653 0.01693172 0.9992676 -0.9994109 0 -0.03432145
Nascent.mesoderm Caudal.epiblast 0 0 0 0.02129579 0.02645824 0.2073021 0.003277564 0.9782715 -0.9782767 0 0.2073032
Nascent.mesoderm PGC 5.262655E-06 0.0003301841 0.00062503 0.01593855 0.008419844 -0.1059383 0.3307763 0.9377441 -0.9936792 0 -0.1122573
Nascent.mesoderm Mesenchyme 0 0 0 0.02093381 0.0350523 -0.2801453 0.02150143 0.9597168 -0.9599388 0 -0.28021
Nascent.mesoderm Haematoendothelial.progenitors 0 0 0 0.02585614 0.02936975 -0.1398858 0.7641905 0.6296387 -0.9761982 0 -0.2168804
Nascent.mesoderm Blood.progenitors.1 0 0 0 0.02065375 0.01117311 0.04742682 0.01380628 0.9987793 -0.9988745 0 0.04743133
Nascent.mesoderm Surface.ectoderm 0 0 0 0.02043377 0.03560625 -0.03431653 0.01693172 0.9992676 -0.9994109 0 -0.03432145
Nascent.mesoderm Gut 0 0 0 0.02043377 0.01314323 -0.03431653 0.01693172 0.9992676 -0.9994109 0 -0.03432145
Nascent.mesoderm Paraxial.mesoderm 0 0 0 0.02043377 0.02579431 -0.03431653 0.01693172 0.9992676 -0.9994109 0 -0.03432145
Nascent.mesoderm Caudal.neurectoderm 0 0 0 0.02043377 0.01340802 -0.03431653 0.01693172 0.9992676 -0.9994109 0 -0.03432145
Nascent.mesoderm Notochord 0 0 0 0.02043377 0.004818968 -0.03431653 0.01693172 0.9992676 -0.9994109 0 -0.03432145
Nascent.mesoderm Somitic.mesoderm 9.983818E-05 0.003399763 0.004056959 0.02936621 0.02460912 -0.273258 0.4394151 -0.8557129 0.9526082 0 -0.3041999
Nascent.mesoderm Caudal.Mesoderm 0 0 0 0.02043377 0.02075059 -0.03431653 0.01693172 0.9992676 -0.9994109 0 -0.03432145
Nascent.mesoderm Erythroid1 0 0 0 0.02043377 0.01890675 -0.03431653 0.01693172 0.9992676 -0.9994109 0 -0.03432145
Nascent.mesoderm Def..endoderm 0 0 0 0.02043377 0.02396361 -0.03431653 0.01693172 0.9992676 -0.9994109 0 -0.03432145
Nascent.mesoderm Parietal.endoderm 0 0 0 0.02043377 0.002145557 -0.03431653 0.01693172 0.9992676 -0.9994109 0 -0.03432145
Nascent.mesoderm Allantois 0 0 0 0.02043377 0.01119664 -0.03431653 0.01693172 0.9992676 -0.9994109 0 -0.03432145
Nascent.mesoderm Anterior.Primitive.Streak 0 0 0 0.02388393 0.01192278 -0.5321614 0.03431349 0.8459473 -0.8464457 0 -0.532475
Nascent.mesoderm Endothelium 0 0 0 0.02043377 0.009811113 -0.03431653 0.01693172 0.9992676 -0.9994109 0 -0.03432145
Nascent.mesoderm Forebrain/Midbrain/Hindbrain 0 0 0 0.02043377 0.02240371 -0.03431653 0.01693172 0.9992676 -0.9994109 0 -0.03432145
Nascent.mesoderm Spinal.cord 0 0 0 0.02043377 0.01308751 -0.03431653 0.01693172 0.9992676 -0.9994109 0 -0.03432145
Nascent.mesoderm Cardiomyocytes 0 0 0 0.02043377 0.01370848 -0.03431653 0.01693172 0.9992676 -0.9994109 0 -0.03432145
Nascent.mesoderm Erythroid2 0 0 0 0.02043377 0.009411155 -0.03431653 0.01693172 0.9992676 -0.9994109 0 -0.03432145
Nascent.mesoderm NMP 0 0 0 0.02043377 0.01842295 -0.03431653 0.01693172 0.9992676 -0.9994109 0 -0.03432145
Nascent.mesoderm Erythroid3 0 0 0 0.02043377 0.01183641 -0.03431653 0.01693172 0.9992676 -0.9994109 0 -0.03432145
Nascent.mesoderm Neural.crest 0 0 0 0.02043377 0.007702465 -0.03431653 0.01693172 0.9992676 -0.9994109 0 -0.03432145
Rostral.neurectoderm Blood.progenitors.2 0 0 0 0.03805427 0.01343703 -0.03431653 0.01693172 0.9992676 -0.9994109 0 -0.03432145
Rostral.neurectoderm Mixed.mesoderm 0 0 0 0.03805427 0.0237052 -0.03431653 0.01693172 0.9992676 -0.9994109 0 -0.03432145
Rostral.neurectoderm ExE.mesoderm 0 0 0 0.03926688 0.01988509 0.1077844 0.05883846 0.9924316 -0.994154 0 0.1079714
Rostral.neurectoderm Intermediate.mesoderm 0 0 0 0.03908322 0.0291548 0.1493689 0.02250491 0.9885254 -0.9887758 0 0.1494068
Rostral.neurectoderm Pharyngeal.mesoderm 0 0 0 0.03805427 0.01987184 -0.03431653 0.01693172 0.9992676 -0.9994109 0 -0.03432145
Rostral.neurectoderm Caudal.epiblast 0.001434366 0.03390275 0.08824898 0.04230824 0.01625362 -0.8611226 0.4588131 -0.2189942 0.2464672 0 -0.9691511
Rostral.neurectoderm PGC 0 0 0 0.03908322 0.008839225 0.1493689 0.02250491 0.9885254 -0.9887758 0 0.1494068
Rostral.neurectoderm Mesenchyme 0 0 0 0.03805427 0.03054857 -0.03431653 0.01693172 0.9992676 -0.9994109 0 -0.03432145
Rostral.neurectoderm Haematoendothelial.progenitors 0 0 0 0.03845778 0.0308603 0.04742682 0.01380628 0.9987793 -0.9988745 0 0.04743133
Rostral.neurectoderm Blood.progenitors.1 0 0 0 0.03805427 0.01071711 -0.03431653 0.01693172 0.9992676 -0.9994109 0 -0.03432145
Rostral.neurectoderm Surface.ectoderm 0.007915164 0.2207507 0.1477811 0.03585567 0.05356007 -0.6961967 0.5670511 -0.4401855 0.5344115 0 -0.8452244
Rostral.neurectoderm Gut 0 0 0 0.03805427 0.01314323 -0.03431653 0.01693172 0.9992676 -0.9994109 0 -0.03432145
Rostral.neurectoderm Paraxial.mesoderm 0 0 0 0.03805427 0.02579431 -0.03431653 0.01693172 0.9992676 -0.9994109 0 -0.03432145
Rostral.neurectoderm Caudal.neurectoderm 0.003083199 0.06224455 0.2280717 0.04953365 0.01351855 0.8014591 0.447515 0.3967285 -0.4436308 0 0.8962097
Rostral.neurectoderm Notochord 0 0 0 0.03805427 0.004818968 -0.03431653 0.01693172 0.9992676 -0.9994109 0 -0.03432145
Rostral.neurectoderm Somitic.mesoderm 0 0 0 0.03912984 0.02761193 0.2073021 0.003277564 0.9782715 -0.9782767 0 0.2073032
Rostral.neurectoderm Caudal.Mesoderm 0 0 0 0.03762678 0.02125646 -0.5963449 0.01955031 0.8024902 -0.8026436 0 -0.5964589
Rostral.neurectoderm Erythroid1 0 0 0 0.04019284 0.01825984 0.1193396 0.1608564 0.9797363 -0.992663 0 0.1209141
Rostral.neurectoderm Def..endoderm 3.768449E-08 9.886129E-07 1.749362E-06 0.03811854 0.02154185 -0.3232228 0.1158166 0.939209 -0.9455721 0 -0.3254126
Rostral.neurectoderm Parietal.endoderm 0 0 0 0.03805427 0.002145557 -0.03431653 0.01693172 0.9992676 -0.9994109 0 -0.03432145
Rostral.neurectoderm Allantois 0 0 0 0.0373529 0.01263505 -0.163272 0.004171492 0.9865723 -0.9865808 0 -0.1632735
Rostral.neurectoderm Anterior.Primitive.Streak 0 0 0 0.03805427 0.01325892 -0.03431653 0.01693172 0.9992676 -0.9994109 0 -0.03432145
Rostral.neurectoderm Endothelium 0 0 0 0.04026119 0.009766295 0.1825098 0.1201907 0.9758301 -0.9829557 0 0.1838425
Rostral.neurectoderm Forebrain/Midbrain/Hindbrain 0.004729452 0.1253816 0.2170752 0.03772045 0.02178716 -0.5698377 0.06613297 0.8190918 -0.8208889 0 -0.571088
Rostral.neurectoderm Spinal.cord 0.0001555658 0.00374975 0.01257056 0.04148697 0.0123754 -0.4471172 0.7733495 0.4494629 -0.7089543 0 -0.7052544
Rostral.neurectoderm Cardiomyocytes 0 0 0 0.03805427 0.01370848 -0.03431653 0.01693172 0.9992676 -0.9994109 0 -0.03432145
Rostral.neurectoderm Erythroid2 0 0 0 0.0373529 0.009611919 -0.163272 0.004171492 0.9865723 -0.9865808 0 -0.1632735
Rostral.neurectoderm NMP 0 0 0 0.03692098 0.01570189 -0.4001794 0.01801315 0.9162598 -0.9164084 0 -0.4002444
Rostral.neurectoderm Erythroid3 0 0 0 0.03805427 0.01183641 -0.03431653 0.01693172 0.9992676 -0.9994109 0 -0.03432145
Rostral.neurectoderm Neural.crest 0 0 0 0.03805427 0.007702465 -0.03431653 0.01693172 0.9992676 -0.9994109 0 -0.03432145
Blood.progenitors.2 Mixed.mesoderm 0 0 0 0.01343703 0.0237052 -0.03431653 0.01693172 0.9992676 -0.9994109 0 -0.03432145
Blood.progenitors.2 ExE.mesoderm 0 0 0 0.01343703 0.01926419 -0.03431653 0.01693172 0.9992676 -0.9994109 0 -0.03432145
Blood.progenitors.2 Intermediate.mesoderm 0 0 0 0.01343703 0.02917455 -0.03431653 0.01693172 0.9992676 -0.9994109 0 -0.03432145
Blood.progenitors.2 Pharyngeal.mesoderm 0 0 0 0.01343703 0.01987184 -0.03431653 0.01693172 0.9992676 -0.9994109 0 -0.03432145
Blood.progenitors.2 Caudal.epiblast 0 0 0 0.01343703 0.02906399 -0.03431653 0.01693172 0.9992676 -0.9994109 0 -0.03432145
Blood.progenitors.2 PGC 0 0 0 0.01343703 0.008008649 -0.03431653 0.01693172 0.9992676 -0.9994109 0 -0.03432145
Blood.progenitors.2 Mesenchyme 0 0 0 0.01343703 0.03054857 -0.03431653 0.01693172 0.9992676 -0.9994109 0 -0.03432145
Blood.progenitors.2 Haematoendothelial.progenitors 0 0 0 0.01343703 0.03153925 -0.03431653 0.01693172 0.9992676 -0.9994109 0 -0.03432145
Blood.progenitors.2 Blood.progenitors.1 0.0004493872 0.02976658 0.08920002 0.01509704 0.005037972 -0.8262732 0.4726456 0.3063965 -0.3476829 0 -0.9376122
Blood.progenitors.2 Surface.ectoderm 0 0 0 0.01467421 0.03906009 0.2224071 0.1744011 0.9592285 -0.9741578 0 0.2258686
Blood.progenitors.2 Gut 0 0 0 0.01245591 0.01415279 0.2073021 0.003277564 0.9782715 -0.9782767 0 0.2073032
Blood.progenitors.2 Paraxial.mesoderm 0 0 0 0.01343703 0.02579431 -0.03431653 0.01693172 0.9992676 -0.9994109 0 -0.03432145
Blood.progenitors.2 Caudal.neurectoderm 0 0 0 0.01343703 0.01340802 -0.03431653 0.01693172 0.9992676 -0.9994109 0 -0.03432145
Blood.progenitors.2 Notochord 0 0 0 0.01396433 0.004829105 -0.06643912 0.06958211 0.9953613 -0.9977797 0 -0.06660055
Blood.progenitors.2 Somitic.mesoderm 0 0 0 0.01343703 0.02852963 -0.03431653 0.01693172 0.9992676 -0.9994109 0 -0.03432145
Blood.progenitors.2 Caudal.Mesoderm 0 0 0 0.01343703 0.02075059 -0.03431653 0.01693172 0.9992676 -0.9994109 0 -0.03432145
Blood.progenitors.2 Erythroid1 0.001119005 0.05847536 0.1088914 0.01913635 0.01027634 0.4874801 0.8727432 0.02612301 -0.05351108 0 0.9985673
Blood.progenitors.2 Def..endoderm 0 0 0 0.01390474 0.0261967 0.23438 0.1128214 0.9655762 -0.9717807 0 0.2358861
Blood.progenitors.2 Parietal.endoderm 0 0 0 0.01343703 0.002145557 -0.03431653 0.01693172 0.9992676 -0.9994109 0 -0.03432145
Blood.progenitors.2 Allantois 0 0 0 0.01343703 0.01119664 -0.03431653 0.01693172 0.9992676 -0.9994109 0 -0.03432145
Blood.progenitors.2 Anterior.Primitive.Streak 0 0 0 0.01411953 0.01296961 0.06822697 0.1235493 0.9899902 -0.9976337 0 0.06875373
Blood.progenitors.2 Endothelium 0 0 0 0.01343703 0.009811113 -0.03431653 0.01693172 0.9992676 -0.9994109 0 -0.03432145
Blood.progenitors.2 Forebrain/Midbrain/Hindbrain 0 0 0 0.01343703 0.02240371 -0.03431653 0.01693172 0.9992676 -0.9994109 0 -0.03432145
Blood.progenitors.2 Spinal.cord 0 0 0 0.01343703 0.01308751 -0.03431653 0.01693172 0.9992676 -0.9994109 0 -0.03432145
Blood.progenitors.2 Cardiomyocytes 0 0 0 0.01343703 0.01370848 -0.03431653 0.01693172 0.9992676 -0.9994109 0 -0.03432145
Blood.progenitors.2 Erythroid2 0 0 0 0.01343703 0.009411155 -0.03431653 0.01693172 0.9992676 -0.9994109 0 -0.03432145
Blood.progenitors.2 NMP 0 0 0 0.01343703 0.01842295 -0.03431653 0.01693172 0.9992676 -0.9994109 0 -0.03432145
Blood.progenitors.2 Erythroid3 0 0 0 0.01343703 0.01183641 -0.03431653 0.01693172 0.9992676 -0.9994109 0 -0.03432145
Blood.progenitors.2 Neural.crest 0 0 0 0.01343703 0.007702465 -0.03431653 0.01693172 0.9992676 -0.9994109 0 -0.03432145
Mixed.mesoderm ExE.mesoderm 0.00226378 0.09813768 0.1147232 0.02306739 0.01973253 -0.4626331 0.1760384 0.8688965 -0.8826811 0 -0.4699725
Mixed.mesoderm Intermediate.mesoderm 0.005895117 0.2390429 0.1895371 0.02466133 0.03110271 -0.237877 0.7307202 0.6398926 -0.9373284 0 -0.3484473
Mixed.mesoderm Pharyngeal.mesoderm 0.001026913 0.04194967 0.04798854 0.02447965 0.02139913 -0.2188094 0.5875365 -0.7790528 0.9627473 0 -0.2704029
Mixed.mesoderm Caudal.epiblast 0 0 0 0.02403568 0.02699006 0.1493689 0.02250491 0.9885254 -0.9887758 0 0.1494068
Mixed.mesoderm PGC 0 0 0 0.02388904 0.008280327 0.04742682 0.01380628 0.9987793 -0.9988745 0 0.04743133
Mixed.mesoderm Mesenchyme 0.000709812 0.02616744 0.01603198 0.02712577 0.04427476 -0.3574097 0.9270819 -0.1130372 0.301546 0 -0.9534517
Mixed.mesoderm Haematoendothelial.progenitors 0.001751531 0.05516754 0.05686656 0.0317493 0.03080071 0.8907036 0.3637018 0.2727051 -0.2927543 0 0.9561877
Mixed.mesoderm Blood.progenitors.1 0 0 0 0.0237052 0.01071711 -0.03431653 0.01693172 0.9992676 -0.9994109 0 -0.03432145
Mixed.mesoderm Surface.ectoderm 0 0 0 0.0237052 0.03560625 -0.03431653 0.01693172 0.9992676 -0.9994109 0 -0.03432145
Mixed.mesoderm Gut 0 0 0 0.0237052 0.01314323 -0.03431653 0.01693172 0.9992676 -0.9994109 0 -0.03432145
Mixed.mesoderm Paraxial.mesoderm 0.001786316 0.06580996 0.1147679 0.02714355 0.0155646 -0.7931299 0.1817598 0.5812988 -0.5911456 0 -0.8065649
Mixed.mesoderm Caudal.neurectoderm 0 0 0 0.0237052 0.01340802 -0.03431653 0.01693172 0.9992676 -0.9994109 0 -0.03432145
Mixed.mesoderm Notochord 0 0 0 0.0237052 0.004818968 -0.03431653 0.01693172 0.9992676 -0.9994109 0 -0.03432145
Mixed.mesoderm Somitic.mesoderm 6.375117E-07 2.523362E-05 5.022797E-05 0.02526438 0.01269236 -0.6079382 0.7536798 -0.2497558 0.380006 0 -0.924984
Mixed.mesoderm Caudal.Mesoderm 0 0 0 0.02388904 0.02037458 0.04742682 0.01380628 0.9987793 -0.9988745 0 0.04743133
Mixed.mesoderm Erythroid1 0 0 0 0.0237052 0.01890675 -0.03431653 0.01693172 0.9992676 -0.9994109 0 -0.03432145
Mixed.mesoderm Def..endoderm 0 0 0 0.0237052 0.02396361 -0.03431653 0.01693172 0.9992676 -0.9994109 0 -0.03432145
Mixed.mesoderm Parietal.endoderm 0 0 0 0.0237052 0.002145557 -0.03431653 0.01693172 0.9992676 -0.9994109 0 -0.03432145
Mixed.mesoderm Allantois 0 0 0 0.0237052 0.01119664 -0.03431653 0.01693172 0.9992676 -0.9994109 0 -0.03432145
Mixed.mesoderm Anterior.Primitive.Streak 0 0 0 0.0237052 0.01325892 -0.03431653 0.01693172 0.9992676 -0.9994109 0 -0.03432145
Mixed.mesoderm Endothelium 0 0 0 0.0237052 0.009811113 -0.03431653 0.01693172 0.9992676 -0.9994109 0 -0.03432145
Mixed.mesoderm Forebrain/Midbrain/Hindbrain 0 0 0 0.0237052 0.02240371 -0.03431653 0.01693172 0.9992676 -0.9994109 0 -0.03432145
Mixed.mesoderm Spinal.cord 0 0 0 0.0237052 0.01308751 -0.03431653 0.01693172 0.9992676 -0.9994109 0 -0.03432145
Mixed.mesoderm Cardiomyocytes 0 0 0 0.0237052 0.01370848 -0.03431653 0.01693172 0.9992676 -0.9994109 0 -0.03432145
Mixed.mesoderm Erythroid2 0 0 0 0.0237052 0.009411155 -0.03431653 0.01693172 0.9992676 -0.9994109 0 -0.03432145
Mixed.mesoderm NMP 0 0 0 0.0237052 0.01842295 -0.03431653 0.01693172 0.9992676 -0.9994109 0 -0.03432145
Mixed.mesoderm Erythroid3 0 0 0 0.0237052 0.01183641 -0.03431653 0.01693172 0.9992676 -0.9994109 0 -0.03432145
Mixed.mesoderm Neural.crest 0 0 0 0.0237052 0.007702465 -0.03431653 0.01693172 0.9992676 -0.9994109 0 -0.03432145
ExE.mesoderm Intermediate.mesoderm 0.01030344 0.4319641 0.3309402 0.02385253 0.03113383 -0.4030093 0.8706718 0.2819825 -0.573293 0 -0.8193504
ExE.mesoderm Pharyngeal.mesoderm 0.0002892132 0.01566653 0.01293056 0.01846058 0.02236665 0.4021066 0.07695094 -0.9123535 0.9150668 0 0.4033024
ExE.mesoderm Caudal.epiblast 0 0 0 0.02152862 0.02265456 0.4518901 0.03573929 0.8913574 -0.8919272 0 0.452179
ExE.mesoderm PGC 0 0 0 0.01926419 0.008008649 -0.03431653 0.01693172 0.9992676 -0.9994109 0 -0.03432145
ExE.mesoderm Mesenchyme 0.002346715 0.09898179 0.0577302 0.02370856 0.0406497 -0.6772301 0.1317631 -0.723877 0.7302438 0 -0.6831866
ExE.mesoderm Haematoendothelial.progenitors 0.0007989674 0.03353416 0.02779916 0.02382548 0.0287407 -0.6772708 0.2535231 -0.6906738 0.7140006 0 -0.7001451
ExE.mesoderm Blood.progenitors.1 0 0 0 0.01926419 0.01071711 -0.03431653 0.01693172 0.9992676 -0.9994109 0 -0.03432145
ExE.mesoderm Surface.ectoderm 0 0 0 0.01926419 0.03560625 -0.03431653 0.01693172 0.9992676 -0.9994109 0 -0.03432145
ExE.mesoderm Gut 0 0 0 0.01926419 0.01314323 -0.03431653 0.01693172 0.9992676 -0.9994109 0 -0.03432145
ExE.mesoderm Paraxial.mesoderm 0 0 0 0.01926419 0.02579431 -0.03431653 0.01693172 0.9992676 -0.9994109 0 -0.03432145
ExE.mesoderm Caudal.neurectoderm 0 0 0 0.01926419 0.01340802 -0.03431653 0.01693172 0.9992676 -0.9994109 0 -0.03432145
ExE.mesoderm Notochord 0 0 0 0.01926419 0.004818968 -0.03431653 0.01693172 0.9992676 -0.9994109 0 -0.03432145
ExE.mesoderm Somitic.mesoderm 2.477297E-05 0.001060835 0.001205058 0.02335232 0.0205575 0.4595172 0.8879997 -0.01733399 0.03769537 0 0.9992893
ExE.mesoderm Caudal.Mesoderm 0 0 0 0.02152862 0.01723525 0.4518901 0.03573929 0.8913574 -0.8919272 0 0.452179
ExE.mesoderm Erythroid1 0 0 0 0.01926419 0.01890675 -0.03431653 0.01693172 0.9992676 -0.9994109 0 -0.03432145
ExE.mesoderm Def..endoderm 0 0 0 0.01926419 0.02396361 -0.03431653 0.01693172 0.9992676 -0.9994109 0 -0.03432145
ExE.mesoderm Parietal.endoderm 0 0 0 0.01926419 0.002145557 -0.03431653 0.01693172 0.9992676 -0.9994109 0 -0.03432145
ExE.mesoderm Allantois 0.003064016 0.1505463 0.1810874 0.02035264 0.01692009 -0.5953505 0.184557 0.7819824 -0.7956502 0 -0.6057563
ExE.mesoderm Anterior.Primitive.Streak 0 0 0 0.01926419 0.01325892 -0.03431653 0.01693172 0.9992676 -0.9994109 0 -0.03432145
ExE.mesoderm Endothelium 0 0 0 0.01926419 0.009811113 -0.03431653 0.01693172 0.9992676 -0.9994109 0 -0.03432145
ExE.mesoderm Forebrain/Midbrain/Hindbrain 0 0 0 0.01926419 0.02240371 -0.03431653 0.01693172 0.9992676 -0.9994109 0 -0.03432145
ExE.mesoderm Spinal.cord 0 0 0 0.01926419 0.01308751 -0.03431653 0.01693172 0.9992676 -0.9994109 0 -0.03432145
ExE.mesoderm Cardiomyocytes 0 0 0 0.01926419 0.01370848 -0.03431653 0.01693172 0.9992676 -0.9994109 0 -0.03432145
ExE.mesoderm Erythroid2 0 0 0 0.01926419 0.009411155 -0.03431653 0.01693172 0.9992676 -0.9994109 0 -0.03432145
ExE.mesoderm NMP 0 0 0 0.01926419 0.01842295 -0.03431653 0.01693172 0.9992676 -0.9994109 0 -0.03432145
ExE.mesoderm Erythroid3 0 0 0 0.01926419 0.01183641 -0.03431653 0.01693172 0.9992676 -0.9994109 0 -0.03432145
ExE.mesoderm Neural.crest 0 0 0 0.01926419 0.007702465 -0.03431653 0.01693172 0.9992676 -0.9994109 0 -0.03432145
Intermediate.mesoderm Pharyngeal.mesoderm 0.002217421 0.06953867 0.1104024 0.03188759 0.02008489 -0.2909758 0.3929383 -0.8723145 0.9486166 0 -0.3164278
Intermediate.mesoderm Caudal.epiblast 0.001375072 0.02965488 0.08301646 0.04636917 0.01656385 -0.8593448 0.3274403 -0.3928223 0.4157414 0 -0.9094829
Intermediate.mesoderm PGC 0.000197994 0.006874627 0.02398635 0.02880069 0.008254444 0.005809169 0.1101637 -0.9938965 0.9999829 0 0.005844743
Intermediate.mesoderm Mesenchyme 0 0 0 0.0450187 0.04288242 0.8235253 0.02670997 0.5666504 -0.5668526 0 0.8238192
Intermediate.mesoderm Haematoendothelial.progenitors 0 0 0 0.03084303 0.03080331 0.2224071 0.1744011 0.9592285 -0.9741578 0 0.2258686
Intermediate.mesoderm Blood.progenitors.1 0 0 0 0.02917455 0.01071711 -0.03431653 0.01693172 0.9992676 -0.9994109 0 -0.03432145
Intermediate.mesoderm Surface.ectoderm 0 0 0 0.02917455 0.03560625 -0.03431653 0.01693172 0.9992676 -0.9994109 0 -0.03432145
Intermediate.mesoderm Gut 0 0 0 0.02917455 0.01314323 -0.03431653 0.01693172 0.9992676 -0.9994109 0 -0.03432145
Intermediate.mesoderm Paraxial.mesoderm 0.001328799 0.0314239 0.06202042 0.04228627 0.02142519 0.8053408 0.5522257 -0.2155762 0.2585793 0 0.96599
Intermediate.mesoderm Caudal.neurectoderm 0 0 0 0.02917455 0.01340802 -0.03431653 0.01693172 0.9992676 -0.9994109 0 -0.03432145
Intermediate.mesoderm Notochord 0 0 0 0.02917455 0.004818968 -0.03431653 0.01693172 0.9992676 -0.9994109 0 -0.03432145
Intermediate.mesoderm Somitic.mesoderm 0.01141413 0.3419109 0.9370326 0.03338336 0.01218115 -0.4523198 0.8898804 -0.05932617 0.130046 0 -0.991508
Intermediate.mesoderm Caudal.Mesoderm 0.003492205 0.09185205 0.2296212 0.03801989 0.01520855 0.6112802 0.5868299 0.5310058 -0.6557974 0 0.754937
Intermediate.mesoderm Erythroid1 0 0 0 0.02917455 0.01890675 -0.03431653 0.01693172 0.9992676 -0.9994109 0 -0.03432145
Intermediate.mesoderm Def..endoderm 0 0 0 0.02917455 0.02396361 -0.03431653 0.01693172 0.9992676 -0.9994109 0 -0.03432145
Intermediate.mesoderm Parietal.endoderm 0 0 0 0.02917455 0.002145557 -0.03431653 0.01693172 0.9992676 -0.9994109 0 -0.03432145
Intermediate.mesoderm Allantois 0 0 0 0.03107237 0.01430032 -0.2953206 0.4942388 0.817627 -0.9405295 0 -0.339712
Intermediate.mesoderm Anterior.Primitive.Streak 0 0 0 0.02917455 0.01325892 -0.03431653 0.01693172 0.9992676 -0.9994109 0 -0.03432145
Intermediate.mesoderm Endothelium 0 0 0 0.02917455 0.009811113 -0.03431653 0.01693172 0.9992676 -0.9994109 0 -0.03432145
Intermediate.mesoderm Forebrain/Midbrain/Hindbrain 0 0 0 0.02917455 0.02240371 -0.03431653 0.01693172 0.9992676 -0.9994109 0 -0.03432145
Intermediate.mesoderm Spinal.cord 0 0 0 0.02917455 0.01308751 -0.03431653 0.01693172 0.9992676 -0.9994109 0 -0.03432145
Intermediate.mesoderm Cardiomyocytes 0 0 0 0.02917455 0.01370848 -0.03431653 0.01693172 0.9992676 -0.9994109 0 -0.03432145
Intermediate.mesoderm Erythroid2 0 0 0 0.02917455 0.009411155 -0.03431653 0.01693172 0.9992676 -0.9994109 0 -0.03432145
Intermediate.mesoderm NMP 0 0 0 0.02917455 0.01842295 -0.03431653 0.01693172 0.9992676 -0.9994109 0 -0.03432145
Intermediate.mesoderm Erythroid3 0 0 0 0.02917455 0.01183641 -0.03431653 0.01693172 0.9992676 -0.9994109 0 -0.03432145
Intermediate.mesoderm Neural.crest 0 0 0 0.02917455 0.007702465 -0.03431653 0.01693172 0.9992676 -0.9994109 0 -0.03432145
Pharyngeal.mesoderm Caudal.epiblast 0 0 0 0.01987184 0.02906399 -0.03431653 0.01693172 0.9992676 -0.9994109 0 -0.03432145
Pharyngeal.mesoderm PGC 0 0 0 0.01987184 0.008008649 -0.03431653 0.01693172 0.9992676 -0.9994109 0 -0.03432145
Pharyngeal.mesoderm Mesenchyme 0.001969848 0.09315842 0.06963912 0.02114514 0.02828651 0.3885726 0.6799585 0.6218262 -0.8480405 0 0.5299315
Pharyngeal.mesoderm Haematoendothelial.progenitors 0 0 0 0.01987184 0.03153925 -0.03431653 0.01693172 0.9992676 -0.9994109 0 -0.03432145
Pharyngeal.mesoderm Blood.progenitors.1 0 0 0 0.01987184 0.01071711 -0.03431653 0.01693172 0.9992676 -0.9994109 0 -0.03432145
Pharyngeal.mesoderm Surface.ectoderm 0 0 0 0.01987184 0.03560625 -0.03431653 0.01693172 0.9992676 -0.9994109 0 -0.03432145
Pharyngeal.mesoderm Gut 0 0 0 0.01987184 0.01314323 -0.03431653 0.01693172 0.9992676 -0.9994109 0 -0.03432145
Pharyngeal.mesoderm Paraxial.mesoderm 0.004670185 0.2116564 0.2908165 0.02206493 0.01605887 -0.6640544 0.5336565 0.5236816 -0.6192277 0 -0.7852115
Pharyngeal.mesoderm Caudal.neurectoderm 0 0 0 0.01987184 0.01340802 -0.03431653 0.01693172 0.9992676 -0.9994109 0 -0.03432145
Pharyngeal.mesoderm Notochord 0 0 0 0.01987184 0.004818968 -0.03431653 0.01693172 0.9992676 -0.9994109 0 -0.03432145
Pharyngeal.mesoderm Somitic.mesoderm 0 0 0 0.01981529 0.02131801 0.6796491 0.2641491 0.6843262 -0.7095273 0 0.704678
Pharyngeal.mesoderm Caudal.Mesoderm 0 0 0 0.01987184 0.02075059 -0.03431653 0.01693172 0.9992676 -0.9994109 0 -0.03432145
Pharyngeal.mesoderm Erythroid1 0 0 0 0.01987184 0.01890675 -0.03431653 0.01693172 0.9992676 -0.9994109 0 -0.03432145
Pharyngeal.mesoderm Def..endoderm 0 0 0 0.01987184 0.02396361 -0.03431653 0.01693172 0.9992676 -0.9994109 0 -0.03432145
Pharyngeal.mesoderm Parietal.endoderm 0 0 0 0.01987184 0.002145557 -0.03431653 0.01693172 0.9992676 -0.9994109 0 -0.03432145
Pharyngeal.mesoderm Allantois 0 0 0 0.01987184 0.01119664 -0.03431653 0.01693172 0.9992676 -0.9994109 0 -0.03432145
Pharyngeal.mesoderm Anterior.Primitive.Streak 0 0 0 0.01987184 0.01325892 -0.03431653 0.01693172 0.9992676 -0.9994109 0 -0.03432145
Pharyngeal.mesoderm Endothelium 0 0 0 0.01987184 0.009811113 -0.03431653 0.01693172 0.9992676 -0.9994109 0 -0.03432145
Pharyngeal.mesoderm Forebrain/Midbrain/Hindbrain 0 0 0 0.01987184 0.02240371 -0.03431653 0.01693172 0.9992676 -0.9994109 0 -0.03432145
Pharyngeal.mesoderm Spinal.cord 0 0 0 0.01987184 0.01308751 -0.03431653 0.01693172 0.9992676 -0.9994109 0 -0.03432145
Pharyngeal.mesoderm Cardiomyocytes 0.0009512792 0.04505378 0.06512219 0.0211143 0.0146076 -0.1739433 0.9271791 0.331787 -0.8856668 0 -0.4643213
Pharyngeal.mesoderm Erythroid2 0 0 0 0.01987184 0.009411155 -0.03431653 0.01693172 0.9992676 -0.9994109 0 -0.03432145
Pharyngeal.mesoderm NMP 0 0 0 0.01987184 0.01842295 -0.03431653 0.01693172 0.9992676 -0.9994109 0 -0.03432145
Pharyngeal.mesoderm Erythroid3 0 0 0 0.01987184 0.01183641 -0.03431653 0.01693172 0.9992676 -0.9994109 0 -0.03432145
Pharyngeal.mesoderm Neural.crest 0 0 0 0.01987184 0.007702465 -0.03431653 0.01693172 0.9992676 -0.9994109 0 -0.03432145
Caudal.epiblast PGC 0.0005559661 0.03055348 0.03762638 0.01819649 0.01477597 -0.6537343 0.627063 -0.423584 0.5437756 0 -0.8392307
Caudal.epiblast Mesenchyme 0 0 0 0.02827348 0.02957847 0.04742682 0.01380628 0.9987793 -0.9988745 0 0.04743133
Caudal.epiblast Haematoendothelial.progenitors 0 0 0 0.02645824 0.03041513 0.2073021 0.003277564 0.9782715 -0.9782767 0 0.2073032
Caudal.epiblast Blood.progenitors.1 0 0 0 0.02906399 0.01071711 -0.03431653 0.01693172 0.9992676 -0.9994109 0 -0.03432145
Caudal.epiblast Surface.ectoderm 0.003029674 0.169642 0.05661879 0.01785922 0.05351004 -0.6959063 0.5308523 -0.4836426 0.5706938 0 -0.8211629
Caudal.epiblast Gut 0 0 0 0.02906399 0.01314323 -0.03431653 0.01693172 0.9992676 -0.9994109 0 -0.03432145
Caudal.epiblast Paraxial.mesoderm 0 0 0 0.02906399 0.02579431 -0.03431653 0.01693172 0.9992676 -0.9994109 0 -0.03432145
Caudal.epiblast Caudal.neurectoderm 0.003261426 0.1869602 0.316583 0.01744449 0.01030196 -0.8704934 0.147741 -0.4694825 0.4746917 0 -0.8801522
Caudal.epiblast Notochord 0 0 0 0.02906399 0.004818968 -0.03431653 0.01693172 0.9992676 -0.9994109 0 -0.03432145
Caudal.epiblast Somitic.mesoderm 0 0 0 0.03022522 0.02585632 -0.5963449 0.01955031 0.8024902 -0.8026436 0 -0.5964589
Caudal.epiblast Caudal.Mesoderm 0.004788528 0.252122 0.2986332 0.0189929 0.01603482 -0.593954 0.7176823 -0.3635254 0.5220286 0 -0.852928
Caudal.epiblast Erythroid1 0 0 0 0.02827511 0.01885338 -0.01288601 0.06498964 0.9978027 -0.9999166 0 -0.01291331
Caudal.epiblast Def..endoderm 0 0 0 0.02906399 0.02396361 -0.03431653 0.01693172 0.9992676 -0.9994109 0 -0.03432145
Caudal.epiblast Parietal.endoderm 0 0 0 0.02906399 0.002145557 -0.03431653 0.01693172 0.9992676 -0.9994109 0 -0.03432145
Caudal.epiblast Allantois 0 0 0 0.03044293 0.01458692 -0.3573058 0.0458512 0.9328613 -0.9338435 0 -0.357682
Caudal.epiblast Anterior.Primitive.Streak 0 0 0 0.02906399 0.01325892 -0.03431653 0.01693172 0.9992676 -0.9994109 0 -0.03432145
Caudal.epiblast Endothelium 0 0 0 0.02827511 0.009875606 -0.01288601 0.06498964 0.9978027 -0.9999166 0 -0.01291331
Caudal.epiblast Forebrain/Midbrain/Hindbrain 0 0 0 0.02906399 0.02240371 -0.03431653 0.01693172 0.9992676 -0.9994109 0 -0.03432145
Caudal.epiblast Spinal.cord 0.0002646743 0.01073374 0.02093672 0.02465815 0.01264163 0.1419002 0.2285514 0.9631348 -0.9893203 0 0.1457581
Caudal.epiblast Cardiomyocytes 0 0 0 0.02906399 0.01370848 -0.03431653 0.01693172 0.9992676 -0.9994109 0 -0.03432145
Caudal.epiblast Erythroid2 0 0 0 0.02827511 0.009584135 -0.01288601 0.06498964 0.9978027 -0.9999166 0 -0.01291331
Caudal.epiblast NMP 0.003197921 0.1554049 0.2888348 0.02057799 0.0110718 -0.6126254 0.6969278 0.3728028 -0.5198455 0 -0.8542602
Caudal.epiblast Erythroid3 0 0 0 0.02906399 0.01183641 -0.03431653 0.01693172 0.9992676 -0.9994109 0 -0.03432145
Caudal.epiblast Neural.crest 0 0 0 0.02906399 0.007702465 -0.03431653 0.01693172 0.9992676 -0.9994109 0 -0.03432145
PGC Mesenchyme 0 0 0 0.008008649 0.03054857 -0.03431653 0.01693172 0.9992676 -0.9994109 0 -0.03432145
PGC Haematoendothelial.progenitors 0 0 0 0.01199217 0.0292494 0.5024322 0.0140817 0.864502 -0.8645877 0 0.502482
PGC Blood.progenitors.1 0 0 0 0.008280327 0.01117311 0.04742682 0.01380628 0.9987793 -0.9988745 0 0.04743133
PGC Surface.ectoderm 0.003262456 0.4206741 0.1069165 0.007755306 0.03051406 0.3923169 0.2624563 -0.8815918 0.9136198 0 0.4065697
PGC Gut 0 0 0 0.008008649 0.01314323 -0.03431653 0.01693172 0.9992676 -0.9994109 0 -0.03432145
PGC Paraxial.mesoderm 0 0 0 0.008008649 0.02579431 -0.03431653 0.01693172 0.9992676 -0.9994109 0 -0.03432145
PGC Caudal.neurectoderm 0 0 0 0.008008649 0.01340802 -0.03431653 0.01693172 0.9992676 -0.9994109 0 -0.03432145
PGC Notochord 0 0 0 0.008008649 0.004818968 -0.03431653 0.01693172 0.9992676 -0.9994109 0 -0.03432145
PGC Somitic.mesoderm 0 0 0 0.008008649 0.02852963 -0.03431653 0.01693172 0.9992676 -0.9994109 0 -0.03432145
PGC Caudal.Mesoderm 0.002302855 0.1979634 0.1335008 0.01163273 0.01724974 -0.1756046 0.4977367 -0.8493652 0.9792893 0 -0.2024661
PGC Erythroid1 0 0 0 0.008008649 0.01890675 -0.03431653 0.01693172 0.9992676 -0.9994109 0 -0.03432145
PGC Def..endoderm 0 0 0 0.007845522 0.02330902 -0.1153257 0.02846082 0.9929199 -0.9933223 0 -0.1153724
PGC Parietal.endoderm 0 0 0 0.008008649 0.002145557 -0.03431653 0.01693172 0.9992676 -0.9994109 0 -0.03432145
PGC Allantois 0 0 0 0.008008649 0.01119664 -0.03431653 0.01693172 0.9992676 -0.9994109 0 -0.03432145
PGC Anterior.Primitive.Streak 0 0 0 0.008008649 0.01325892 -0.03431653 0.01693172 0.9992676 -0.9994109 0 -0.03432145
PGC Endothelium 0 0 0 0.008120699 0.009900086 -0.0522557 0.1195248 0.9914551 -0.9986139 0 -0.05263302
PGC Forebrain/Midbrain/Hindbrain 0 0 0 0.008008649 0.02240371 -0.03431653 0.01693172 0.9992676 -0.9994109 0 -0.03432145
PGC Spinal.cord 0 0 0 0.008008649 0.01308751 -0.03431653 0.01693172 0.9992676 -0.9994109 0 -0.03432145
PGC Cardiomyocytes 0 0 0 0.008008649 0.01370848 -0.03431653 0.01693172 0.9992676 -0.9994109 0 -0.03432145
PGC Erythroid2 0 0 0 0.008008649 0.009411155 -0.03431653 0.01693172 0.9992676 -0.9994109 0 -0.03432145
PGC NMP 0 0 0 0.008008649 0.01842295 -0.03431653 0.01693172 0.9992676 -0.9994109 0 -0.03432145
PGC Erythroid3 0 0 0 0.008008649 0.01183641 -0.03431653 0.01693172 0.9992676 -0.9994109 0 -0.03432145
PGC Neural.crest 0 0 0 0.008008649 0.007702465 -0.03431653 0.01693172 0.9992676 -0.9994109 0 -0.03432145
Mesenchyme Haematoendothelial.progenitors 0.002378962 0.0639092 0.08479103 0.03722409 0.02805677 0.1406873 0.4111741 -0.9006348 0.9880182 0 0.1543374
Mesenchyme Blood.progenitors.1 0 0 0 0.03054857 0.01071711 -0.03431653 0.01693172 0.9992676 -0.9994109 0 -0.03432145
Mesenchyme Surface.ectoderm 0 0 0 0.03054857 0.03560625 -0.03431653 0.01693172 0.9992676 -0.9994109 0 -0.03432145
Mesenchyme Gut 0 0 0 0.03054857 0.01314323 -0.03431653 0.01693172 0.9992676 -0.9994109 0 -0.03432145
Mesenchyme Paraxial.mesoderm 0 0 0 0.03384887 0.02356823 -0.2180506 0.1634182 0.9621582 -0.9752688 0 -0.2210218
Mesenchyme Caudal.neurectoderm 0 0 0 0.03054857 0.01340802 -0.03431653 0.01693172 0.9992676 -0.9994109 0 -0.03432145
Mesenchyme Notochord 0 0 0 0.03054857 0.004818968 -0.03431653 0.01693172 0.9992676 -0.9994109 0 -0.03432145
Mesenchyme Somitic.mesoderm 0 0 0 0.03247509 0.02581204 0.3927413 0.05137501 0.9182129 -0.919427 0 0.3932606
Mesenchyme Caudal.Mesoderm 0 0 0 0.02957847 0.02037458 0.04742682 0.01380628 0.9987793 -0.9988745 0 0.04743133
Mesenchyme Erythroid1 0 0 0 0.03054857 0.01890675 -0.03431653 0.01693172 0.9992676 -0.9994109 0 -0.03432145
Mesenchyme Def..endoderm 0 0 0 0.03054857 0.02396361 -0.03431653 0.01693172 0.9992676 -0.9994109 0 -0.03432145
Mesenchyme Parietal.endoderm 0 0 0 0.03054857 0.002145557 -0.03431653 0.01693172 0.9992676 -0.9994109 0 -0.03432145
Mesenchyme Allantois 0.00136699 0.04576764 0.1850107 0.02986805 0.007388707 0.2718759 0.1597833 0.9489746 -0.9613256 0 0.2754143
Mesenchyme Anterior.Primitive.Streak 0 0 0 0.03054857 0.01325892 -0.03431653 0.01693172 0.9992676 -0.9994109 0 -0.03432145
Mesenchyme Endothelium 0 0 0 0.03054857 0.009811113 -0.03431653 0.01693172 0.9992676 -0.9994109 0 -0.03432145
Mesenchyme Forebrain/Midbrain/Hindbrain 0 0 0 0.03054857 0.02240371 -0.03431653 0.01693172 0.9992676 -0.9994109 0 -0.03432145
Mesenchyme Spinal.cord 0 0 0 0.03054857 0.01308751 -0.03431653 0.01693172 0.9992676 -0.9994109 0 -0.03432145
Mesenchyme Cardiomyocytes 0.0003064803 0.01024977 0.02295377 0.02990119 0.01335207 0.4350219 0.4403432 0.7854004 -0.8747767 0 0.4845262
Mesenchyme Erythroid2 0 0 0 0.03054857 0.009411155 -0.03431653 0.01693172 0.9992676 -0.9994109 0 -0.03432145
Mesenchyme NMP 0 0 0 0.03054857 0.01842295 -0.03431653 0.01693172 0.9992676 -0.9994109 0 -0.03432145
Mesenchyme Erythroid3 0 0 0 0.03054857 0.01183641 -0.03431653 0.01693172 0.9992676 -0.9994109 0 -0.03432145
Mesenchyme Neural.crest 0 0 0 0.03054857 0.007702465 -0.03431653 0.01693172 0.9992676 -0.9994109 0 -0.03432145
Haematoendothelial.progenitors Blood.progenitors.1 0.001278111 0.05818882 0.2784767 0.02196489 0.004589651 -0.6094593 0.792506 -0.0222168 0.0364291 0 -0.9993363
Haematoendothelial.progenitors Surface.ectoderm 0 0 0 0.02921759 0.04515466 0.4518901 0.03573929 0.8913574 -0.8919272 0 0.452179
Haematoendothelial.progenitors Gut 0 0 0 0.03153925 0.01314323 -0.03431653 0.01693172 0.9992676 -0.9994109 0 -0.03432145
Haematoendothelial.progenitors Paraxial.mesoderm 0 0 0 0.03153925 0.02579431 -0.03431653 0.01693172 0.9992676 -0.9994109 0 -0.03432145
Haematoendothelial.progenitors Caudal.neurectoderm 0 0 0 0.03153925 0.01340802 -0.03431653 0.01693172 0.9992676 -0.9994109 0 -0.03432145
Haematoendothelial.progenitors Notochord 0 0 0 0.03153925 0.004818968 -0.03431653 0.01693172 0.9992676 -0.9994109 0 -0.03432145
Haematoendothelial.progenitors Somitic.mesoderm 0 0 0 0.0308603 0.02840624 0.04742682 0.01380628 0.9987793 -0.9988745 0 0.04743133
Haematoendothelial.progenitors Caudal.Mesoderm 0 0 0 0.03041513 0.01925177 0.2073021 0.003277564 0.9782715 -0.9782767 0 0.2073032
Haematoendothelial.progenitors Erythroid1 0 0 0 0.03153925 0.01890675 -0.03431653 0.01693172 0.9992676 -0.9994109 0 -0.03432145
Haematoendothelial.progenitors Def..endoderm 0 0 0 0.0321373 0.02260782 -0.163272 0.004171492 0.9865723 -0.9865808 0 -0.1632735
Haematoendothelial.progenitors Parietal.endoderm 0 0 0 0.03153925 0.002145557 -0.03431653 0.01693172 0.9992676 -0.9994109 0 -0.03432145
Haematoendothelial.progenitors Allantois 0.0001657325 0.006129873 0.01247155 0.02703685 0.01328884 -0.3468727 0.573759 -0.7419434 0.9058871 0 -0.4235194
Haematoendothelial.progenitors Anterior.Primitive.Streak 0 0 0 0.0321373 0.01309699 -0.163272 0.004171492 0.9865723 -0.9865808 0 -0.1632735
Haematoendothelial.progenitors Endothelium 0.001443782 0.04873468 0.1621414 0.02962536 0.008904464 0.6298367 0.3476553 0.6945801 -0.7407887 0 0.6717381
Haematoendothelial.progenitors Forebrain/Midbrain/Hindbrain 0 0 0 0.03153925 0.02240371 -0.03431653 0.01693172 0.9992676 -0.9994109 0 -0.03432145
Haematoendothelial.progenitors Spinal.cord 0 0 0 0.03153925 0.01308751 -0.03431653 0.01693172 0.9992676 -0.9994109 0 -0.03432145
Haematoendothelial.progenitors Cardiomyocytes 0 0 0 0.03153925 0.01370848 -0.03431653 0.01693172 0.9992676 -0.9994109 0 -0.03432145
Haematoendothelial.progenitors Erythroid2 0 0 0 0.03153925 0.009411155 -0.03431653 0.01693172 0.9992676 -0.9994109 0 -0.03432145
Haematoendothelial.progenitors NMP 0 0 0 0.03153925 0.01842295 -0.03431653 0.01693172 0.9992676 -0.9994109 0 -0.03432145
Haematoendothelial.progenitors Erythroid3 0 0 0 0.03153925 0.01183641 -0.03431653 0.01693172 0.9992676 -0.9994109 0 -0.03432145
Haematoendothelial.progenitors Neural.crest 0 0 0 0.03153925 0.007702465 -0.03431653 0.01693172 0.9992676 -0.9994109 0 -0.03432145
Blood.progenitors.1 Surface.ectoderm 0 0 0 0.01234907 0.0413228 0.2728818 0.02695352 0.9616699 -0.9620194 0 0.272981
Blood.progenitors.1 Gut 0 0 0 0.01071711 0.01314323 -0.03431653 0.01693172 0.9992676 -0.9994109 0 -0.03432145
Blood.progenitors.1 Paraxial.mesoderm 0 0 0 0.01071711 0.02579431 -0.03431653 0.01693172 0.9992676 -0.9994109 0 -0.03432145
Blood.progenitors.1 Caudal.neurectoderm 0 0 0 0.01071711 0.01340802 -0.03431653 0.01693172 0.9992676 -0.9994109 0 -0.03432145
Blood.progenitors.1 Notochord 0 0 0 0.01071711 0.004818968 -0.03431653 0.01693172 0.9992676 -0.9994109 0 -0.03432145
Blood.progenitors.1 Somitic.mesoderm 0 0 0 0.01071711 0.02852963 -0.03431653 0.01693172 0.9992676 -0.9994109 0 -0.03432145
Blood.progenitors.1 Caudal.Mesoderm 0 0 0 0.01071711 0.02075059 -0.03431653 0.01693172 0.9992676 -0.9994109 0 -0.03432145
Blood.progenitors.1 Erythroid1 0 0 0 0.01071711 0.01890675 -0.03431653 0.01693172 0.9992676 -0.9994109 0 -0.03432145
Blood.progenitors.1 Def..endoderm 0 0 0 0.01234907 0.02559464 0.2728818 0.02695352 0.9616699 -0.9620194 0 0.272981
Blood.progenitors.1 Parietal.endoderm 0 0 0 0.01071711 0.002145557 -0.03431653 0.01693172 0.9992676 -0.9994109 0 -0.03432145
Blood.progenitors.1 Allantois 0 0 0 0.01071711 0.01119664 -0.03431653 0.01693172 0.9992676 -0.9994109 0 -0.03432145
Blood.progenitors.1 Anterior.Primitive.Streak 0 0 0 0.00966596 0.01295931 -0.2136004 0.03431214 0.9763184 -0.9768936 0 -0.2137263
Blood.progenitors.1 Endothelium 0 0 0 0.01071711 0.009811113 -0.03431653 0.01693172 0.9992676 -0.9994109 0 -0.03432145
Blood.progenitors.1 Forebrain/Midbrain/Hindbrain 0 0 0 0.01071711 0.02240371 -0.03431653 0.01693172 0.9992676 -0.9994109 0 -0.03432145
Blood.progenitors.1 Spinal.cord 0 0 0 0.01071711 0.01308751 -0.03431653 0.01693172 0.9992676 -0.9994109 0 -0.03432145
Blood.progenitors.1 Cardiomyocytes 0 0 0 0.01071711 0.01370848 -0.03431653 0.01693172 0.9992676 -0.9994109 0 -0.03432145
Blood.progenitors.1 Erythroid2 0 0 0 0.01071711 0.009411155 -0.03431653 0.01693172 0.9992676 -0.9994109 0 -0.03432145
Blood.progenitors.1 NMP 0 0 0 0.01071711 0.01842295 -0.03431653 0.01693172 0.9992676 -0.9994109 0 -0.03432145
Blood.progenitors.1 Erythroid3 0 0 0 0.01071711 0.01183641 -0.03431653 0.01693172 0.9992676 -0.9994109 0 -0.03432145
Blood.progenitors.1 Neural.crest 0 0 0 0.01071711 0.007702465 -0.03431653 0.01693172 0.9992676 -0.9994109 0 -0.03432145
Surface.ectoderm Gut 0.0005192804 0.01775177 0.04038222 0.02925232 0.01285913 0.362807 0.1560742 -0.9187012 0.9300992 0 0.3673082
Surface.ectoderm Paraxial.mesoderm 0 0 0 0.03560625 0.02579431 -0.03431653 0.01693172 0.9992676 -0.9994109 0 -0.03432145
Surface.ectoderm Caudal.neurectoderm 1.454884E-06 3.552077E-05 0.0001530697 0.04095868 0.009504713 -0.446826 0.8103033 0.3791504 -0.6470025 0 -0.7624878
Surface.ectoderm Notochord 0 0 0 0.03560625 0.004818968 -0.03431653 0.01693172 0.9992676 -0.9994109 0 -0.03432145
Surface.ectoderm Somitic.mesoderm 0 0 0 0.03560625 0.02852963 -0.03431653 0.01693172 0.9992676 -0.9994109 0 -0.03432145
Surface.ectoderm Caudal.Mesoderm 0.0007531006 0.01648393 0.04238923 0.04568696 0.01776632 -0.8130654 0.5432752 0.2092285 -0.2492137 0 -0.9684485
Surface.ectoderm Erythroid1 0 0 0 0.03331446 0.01909059 -0.05303492 0.1855574 0.9812012 -0.9985424 0 -0.05397223
Surface.ectoderm Def..endoderm 0.0009013538 0.02990855 0.04775072 0.030137 0.01887624 0.4382877 0.2443273 -0.8649902 0.892025 0 0.4519861
Surface.ectoderm Parietal.endoderm 0 0 0 0.03560625 0.002145557 -0.03431653 0.01693172 0.9992676 -0.9994109 0 -0.03432145
Surface.ectoderm Allantois 0 0 0 0.03560625 0.01119664 -0.03431653 0.01693172 0.9992676 -0.9994109 0 -0.03432145
Surface.ectoderm Anterior.Primitive.Streak 0 0 0 0.03422951 0.01310398 -0.06643912 0.06958211 0.9953613 -0.9977797 0 -0.06660055
Surface.ectoderm Endothelium 0 0 0 0.02814051 0.009200813 -0.3566344 0.2782502 0.8918457 -0.928514 0 -0.3712974
Surface.ectoderm Forebrain/Midbrain/Hindbrain 1.137541E-05 0.0003095645 0.0004492138 0.03674649 0.02532293 0.2366597 0.4376695 -0.8674316 0.9647391 0 0.2632079
Surface.ectoderm Spinal.cord 0 0 0 0.03560625 0.01308751 -0.03431653 0.01693172 0.9992676 -0.9994109 0 -0.03432145
Surface.ectoderm Cardiomyocytes 0 0 0 0.03560625 0.01370848 -0.03431653 0.01693172 0.9992676 -0.9994109 0 -0.03432145
Surface.ectoderm Erythroid2 0 0 0 0.03560625 0.009411155 -0.03431653 0.01693172 0.9992676 -0.9994109 0 -0.03432145
Surface.ectoderm NMP 0 0 0 0.02934971 0.01684287 -0.2801453 0.02150143 0.9597168 -0.9599388 0 -0.28021
Surface.ectoderm Erythroid3 0 0 0 0.03560625 0.01183641 -0.03431653 0.01693172 0.9992676 -0.9994109 0 -0.03432145
Surface.ectoderm Neural.crest 0 0 0 0.03560625 0.007702465 -0.03431653 0.01693172 0.9992676 -0.9994109 0 -0.03432145
Gut Paraxial.mesoderm 0 0 0 0.01314323 0.02579431 -0.03431653 0.01693172 0.9992676 -0.9994109 0 -0.03432145
Gut Caudal.neurectoderm 0 0 0 0.01314323 0.01340802 -0.03431653 0.01693172 0.9992676 -0.9994109 0 -0.03432145
Gut Notochord 0 0 0 0.01314323 0.004818968 -0.03431653 0.01693172 0.9992676 -0.9994109 0 -0.03432145
Gut Somitic.mesoderm 0 0 0 0.01314323 0.02852963 -0.03431653 0.01693172 0.9992676 -0.9994109 0 -0.03432145
Gut Caudal.Mesoderm 0 0 0 0.01314323 0.02075059 -0.03431653 0.01693172 0.9992676 -0.9994109 0 -0.03432145
Gut Erythroid1 0 0 0 0.01309914 0.01911338 -0.1153257 0.02846082 0.9929199 -0.9933223 0 -0.1153724
Gut Def..endoderm 0.004288978 0.2918674 0.1958512 0.01469496 0.02189917 0.5170336 0.8360976 0.1833496 -0.3342254 0 0.9424932
Gut Parietal.endoderm 0 0 0 0.01314323 0.002145557 -0.03431653 0.01693172 0.9992676 -0.9994109 0 -0.03432145
Gut Allantois 0 0 0 0.01314323 0.01119664 -0.03431653 0.01693172 0.9992676 -0.9994109 0 -0.03432145
Gut Anterior.Primitive.Streak 0 0 0 0.01314323 0.01325892 -0.03431653 0.01693172 0.9992676 -0.9994109 0 -0.03432145
Gut Endothelium 0 0 0 0.01314323 0.009811113 -0.03431653 0.01693172 0.9992676 -0.9994109 0 -0.03432145
Gut Forebrain/Midbrain/Hindbrain 0 0 0 0.01314323 0.02240371 -0.03431653 0.01693172 0.9992676 -0.9994109 0 -0.03432145
Gut Spinal.cord 0 0 0 0.01314323 0.01308751 -0.03431653 0.01693172 0.9992676 -0.9994109 0 -0.03432145
Gut Cardiomyocytes 0 0 0 0.01314323 0.01370848 -0.03431653 0.01693172 0.9992676 -0.9994109 0 -0.03432145
Gut Erythroid2 0 0 0 0.01314323 0.009411155 -0.03431653 0.01693172 0.9992676 -0.9994109 0 -0.03432145
Gut NMP 0 0 0 0.01314323 0.01842295 -0.03431653 0.01693172 0.9992676 -0.9994109 0 -0.03432145
Gut Erythroid3 0 0 0 0.01314323 0.01183641 -0.03431653 0.01693172 0.9992676 -0.9994109 0 -0.03432145
Gut Neural.crest 0 0 0 0.01314323 0.007702465 -0.03431653 0.01693172 0.9992676 -0.9994109 0 -0.03432145
Paraxial.mesoderm Caudal.neurectoderm 0 0 0 0.02579431 0.01340802 -0.03431653 0.01693172 0.9992676 -0.9994109 0 -0.03432145
Paraxial.mesoderm Notochord 0 0 0 0.02579431 0.004818968 -0.03431653 0.01693172 0.9992676 -0.9994109 0 -0.03432145
Paraxial.mesoderm Somitic.mesoderm 0.0002307067 0.009242446 0.01649125 0.02496165 0.01398964 -0.9367027 0.1201704 -0.3288574 0.3312579 0 -0.9435403
Paraxial.mesoderm Caudal.Mesoderm 0 0 0 0.02579431 0.02075059 -0.03431653 0.01693172 0.9992676 -0.9994109 0 -0.03432145
Paraxial.mesoderm Erythroid1 0 0 0 0.02579431 0.01890675 -0.03431653 0.01693172 0.9992676 -0.9994109 0 -0.03432145
Paraxial.mesoderm Def..endoderm 0 0 0 0.02579431 0.02396361 -0.03431653 0.01693172 0.9992676 -0.9994109 0 -0.03432145
Paraxial.mesoderm Parietal.endoderm 0 0 0 0.02579431 0.002145557 -0.03431653 0.01693172 0.9992676 -0.9994109 0 -0.03432145
Paraxial.mesoderm Allantois 0 0 0 0.02579431 0.01119664 -0.03431653 0.01693172 0.9992676 -0.9994109 0 -0.03432145
Paraxial.mesoderm Anterior.Primitive.Streak 0 0 0 0.02579431 0.01325892 -0.03431653 0.01693172 0.9992676 -0.9994109 0 -0.03432145
Paraxial.mesoderm Endothelium 0 0 0 0.02579431 0.009811113 -0.03431653 0.01693172 0.9992676 -0.9994109 0 -0.03432145
Paraxial.mesoderm Forebrain/Midbrain/Hindbrain 0 0 0 0.02579431 0.02240371 -0.03431653 0.01693172 0.9992676 -0.9994109 0 -0.03432145
Paraxial.mesoderm Spinal.cord 0 0 0 0.02579431 0.01308751 -0.03431653 0.01693172 0.9992676 -0.9994109 0 -0.03432145
Paraxial.mesoderm Cardiomyocytes 0 0 0 0.0243958 0.01346528 -0.163272 0.004171492 0.9865723 -0.9865808 0 -0.1632735
Paraxial.mesoderm Erythroid2 0 0 0 0.02579431 0.009411155 -0.03431653 0.01693172 0.9992676 -0.9994109 0 -0.03432145
Paraxial.mesoderm NMP 0 0 0 0.02579431 0.01842295 -0.03431653 0.01693172 0.9992676 -0.9994109 0 -0.03432145
Paraxial.mesoderm Erythroid3 0 0 0 0.02579431 0.01183641 -0.03431653 0.01693172 0.9992676 -0.9994109 0 -0.03432145
Paraxial.mesoderm Neural.crest 0 0 0 0.02579431 0.007702465 -0.03431653 0.01693172 0.9992676 -0.9994109 0 -0.03432145
Caudal.neurectoderm Notochord 0 0 0 0.01340802 0.004818968 -0.03431653 0.01693172 0.9992676 -0.9994109 0 -0.03432145
Caudal.neurectoderm Somitic.mesoderm 0 0 0 0.01340802 0.02852963 -0.03431653 0.01693172 0.9992676 -0.9994109 0 -0.03432145
Caudal.neurectoderm Caudal.Mesoderm 0 0 0 0.01015643 0.01712276 0.5024322 0.0140817 0.864502 -0.8645877 0 0.502482
Caudal.neurectoderm Erythroid1 0 0 0 0.01276649 0.01856835 0.05644158 0.06422738 0.9963379 -0.9983993 0 0.05655836
Caudal.neurectoderm Def..endoderm 0 0 0 0.01340802 0.02396361 -0.03431653 0.01693172 0.9992676 -0.9994109 0 -0.03432145
Caudal.neurectoderm Parietal.endoderm 0 0 0 0.01340802 0.002145557 -0.03431653 0.01693172 0.9992676 -0.9994109 0 -0.03432145
Caudal.neurectoderm Allantois 0 0 0 0.01340802 0.01119664 -0.03431653 0.01693172 0.9992676 -0.9994109 0 -0.03432145
Caudal.neurectoderm Anterior.Primitive.Streak 0 0 0 0.01340802 0.01325892 -0.03431653 0.01693172 0.9992676 -0.9994109 0 -0.03432145
Caudal.neurectoderm Endothelium 0 0 0 0.01340802 0.009811113 -0.03431653 0.01693172 0.9992676 -0.9994109 0 -0.03432145
Caudal.neurectoderm Forebrain/Midbrain/Hindbrain 0.0009125917 0.0944384 0.04461391 0.009663354 0.02045532 -0.5938861 0.1286949 -0.7941895 0.8008491 0 -0.5988662
Caudal.neurectoderm Spinal.cord 0.002078217 0.2082363 0.175654 0.009980091 0.01183131 0.1313624 0.6080453 0.782959 -0.9862158 0 0.1654642
Caudal.neurectoderm Cardiomyocytes 0 0 0 0.01340802 0.01370848 -0.03431653 0.01693172 0.9992676 -0.9994109 0 -0.03432145
Caudal.neurectoderm Erythroid2 0 0 0 0.01319778 0.01005155 -0.1010978 0.1390777 0.9851074 -0.9947752 0 -0.10209
Caudal.neurectoderm NMP 2.448391E-05 0.002627162 0.001732403 0.009319528 0.01413292 -0.361742 0.9042685 -0.2268066 0.5312074 0 -0.8472418
Caudal.neurectoderm Erythroid3 0 0 0 0.01340802 0.01183641 -0.03431653 0.01693172 0.9992676 -0.9994109 0 -0.03432145
Caudal.neurectoderm Neural.crest 0 0 0 0.01340802 0.007702465 -0.03431653 0.01693172 0.9992676 -0.9994109 0 -0.03432145
Notochord Somitic.mesoderm 0 0 0 0.004818968 0.02852963 -0.03431653 0.01693172 0.9992676 -0.9994109 0 -0.03432145
Notochord Caudal.Mesoderm 0 0 0 0.004818968 0.02075059 -0.03431653 0.01693172 0.9992676 -0.9994109 0 -0.03432145
Notochord Erythroid1 0 0 0 0.004818968 0.01890675 -0.03431653 0.01693172 0.9992676 -0.9994109 0 -0.03432145
Notochord Def..endoderm 0.0005174575 0.1270748 0.02927927 0.004072071 0.01767317 -0.2419039 0.7448588 -0.6218262 0.9319628 0 -0.3625538
Notochord Parietal.endoderm 0 0 0 0.004818968 0.002145557 -0.03431653 0.01693172 0.9992676 -0.9994109 0 -0.03432145
Notochord Allantois 0 0 0 0.004818968 0.01119664 -0.03431653 0.01693172 0.9992676 -0.9994109 0 -0.03432145
Notochord Anterior.Primitive.Streak 0 0 0 0.004426592 0.01313747 0.1077844 0.05883846 0.9924316 -0.994154 0 0.1079714
Notochord Endothelium 0 0 0 0.004818968 0.009811113 -0.03431653 0.01693172 0.9992676 -0.9994109 0 -0.03432145
Notochord Forebrain/Midbrain/Hindbrain 0 0 0 0.004818968 0.02240371 -0.03431653 0.01693172 0.9992676 -0.9994109 0 -0.03432145
Notochord Spinal.cord 0 0 0 0.004818968 0.01308751 -0.03431653 0.01693172 0.9992676 -0.9994109 0 -0.03432145
Notochord Cardiomyocytes 0 0 0 0.004818968 0.01370848 -0.03431653 0.01693172 0.9992676 -0.9994109 0 -0.03432145
Notochord Erythroid2 0 0 0 0.004818968 0.009411155 -0.03431653 0.01693172 0.9992676 -0.9994109 0 -0.03432145
Notochord NMP 0 0 0 0.004818968 0.01842295 -0.03431653 0.01693172 0.9992676 -0.9994109 0 -0.03432145
Notochord Erythroid3 0 0 0 0.004818968 0.01183641 -0.03431653 0.01693172 0.9992676 -0.9994109 0 -0.03432145
Notochord Neural.crest 0 0 0 0.004818968 0.007702465 -0.03431653 0.01693172 0.9992676 -0.9994109 0 -0.03432145
Somitic.mesoderm Caudal.Mesoderm 0.001086351 0.06984524 0.06532461 0.01555369 0.01663004 -0.887806 0.0301607 -0.4592285 0.4594375 0 -0.8882101
Somitic.mesoderm Erythroid1 0 0 0 0.02852963 0.01890675 -0.03431653 0.01693172 0.9992676 -0.9994109 0 -0.03432145
Somitic.mesoderm Def..endoderm 0 0 0 0.02852963 0.02396361 -0.03431653 0.01693172 0.9992676 -0.9994109 0 -0.03432145
Somitic.mesoderm Parietal.endoderm 0 0 0 0.02852963 0.002145557 -0.03431653 0.01693172 0.9992676 -0.9994109 0 -0.03432145
Somitic.mesoderm Allantois 0 0 0 0.02769011 0.009599466 0.09383775 0.2090669 0.9733887 -0.9953853 0 0.09595829
Somitic.mesoderm Anterior.Primitive.Streak 0 0 0 0.02852963 0.01325892 -0.03431653 0.01693172 0.9992676 -0.9994109 0 -0.03432145
Somitic.mesoderm Endothelium 0 0 0 0.02852963 0.009811113 -0.03431653 0.01693172 0.9992676 -0.9994109 0 -0.03432145
Somitic.mesoderm Forebrain/Midbrain/Hindbrain 0 0 0 0.02852963 0.02240371 -0.03431653 0.01693172 0.9992676 -0.9994109 0 -0.03432145
Somitic.mesoderm Spinal.cord 0 0 0 0.02852963 0.01308751 -0.03431653 0.01693172 0.9992676 -0.9994109 0 -0.03432145
Somitic.mesoderm Cardiomyocytes 0 0 0 0.02852963 0.01370848 -0.03431653 0.01693172 0.9992676 -0.9994109 0 -0.03432145
Somitic.mesoderm Erythroid2 0 0 0 0.02852963 0.009411155 -0.03431653 0.01693172 0.9992676 -0.9994109 0 -0.03432145
Somitic.mesoderm NMP 0 0 0 0.02852963 0.01842295 -0.03431653 0.01693172 0.9992676 -0.9994109 0 -0.03432145
Somitic.mesoderm Erythroid3 0 0 0 0.02852963 0.01183641 -0.03431653 0.01693172 0.9992676 -0.9994109 0 -0.03432145
Somitic.mesoderm Neural.crest 0 0 0 0.02852963 0.007702465 -0.03431653 0.01693172 0.9992676 -0.9994109 0 -0.03432145
Caudal.Mesoderm Erythroid1 0 0 0 0.02075059 0.01890675 -0.03431653 0.01693172 0.9992676 -0.9994109 0 -0.03432145
Caudal.Mesoderm Def..endoderm 0 0 0 0.02075059 0.02396361 -0.03431653 0.01693172 0.9992676 -0.9994109 0 -0.03432145
Caudal.Mesoderm Parietal.endoderm 0 0 0 0.02075059 0.002145557 -0.03431653 0.01693172 0.9992676 -0.9994109 0 -0.03432145
Caudal.Mesoderm Allantois 0 0 0 0.01793252 0.007437539 0.3547372 0.01683701 0.9348145 -0.934947 0 0.3547874
Caudal.Mesoderm Anterior.Primitive.Streak 0 0 0 0.02075059 0.01325892 -0.03431653 0.01693172 0.9992676 -0.9994109 0 -0.03432145
Caudal.Mesoderm Endothelium 0 0 0 0.02075059 0.009811113 -0.03431653 0.01693172 0.9992676 -0.9994109 0 -0.03432145
Caudal.Mesoderm Forebrain/Midbrain/Hindbrain 0 0 0 0.02075059 0.02240371 -0.03431653 0.01693172 0.9992676 -0.9994109 0 -0.03432145
Caudal.Mesoderm Spinal.cord 0 0 0 0.02075059 0.01308751 -0.03431653 0.01693172 0.9992676 -0.9994109 0 -0.03432145
Caudal.Mesoderm Cardiomyocytes 0 0 0 0.02075059 0.01370848 -0.03431653 0.01693172 0.9992676 -0.9994109 0 -0.03432145
Caudal.Mesoderm Erythroid2 0 0 0 0.02075059 0.009411155 -0.03431653 0.01693172 0.9992676 -0.9994109 0 -0.03432145
Caudal.Mesoderm NMP 0.003045051 0.2184024 0.1991098 0.01394238 0.01529333 0.2898928 0.9568548 0.01977537 -0.06805798 0 0.9976814
Caudal.Mesoderm Erythroid3 0 0 0 0.02075059 0.01183641 -0.03431653 0.01693172 0.9992676 -0.9994109 0 -0.03432145
Caudal.Mesoderm Neural.crest 0 0 0 0.02075059 0.007702465 -0.03431653 0.01693172 0.9992676 -0.9994109 0 -0.03432145
Erythroid1 Def..endoderm 0 0 0 0.01904422 0.02412848 -0.06643912 0.06958211 0.9953613 -0.9977797 0 -0.06660055
Erythroid1 Parietal.endoderm 0 0 0 0.01890675 0.002145557 -0.03431653 0.01693172 0.9992676 -0.9994109 0 -0.03432145
Erythroid1 Allantois 0 0 0 0.01890675 0.01119664 -0.03431653 0.01693172 0.9992676 -0.9994109 0 -0.03432145
Erythroid1 Anterior.Primitive.Streak 0 0 0 0.01890675 0.01325892 -0.03431653 0.01693172 0.9992676 -0.9994109 0 -0.03432145
Erythroid1 Endothelium 0 0 0 0.0190832 0.009832859 -0.06731362 0.2910209 0.9543457 -0.9975217 0 -0.07035898
Erythroid1 Forebrain/Midbrain/Hindbrain 0 0 0 0.01832594 0.022094 0.1077844 0.05883846 0.9924316 -0.994154 0 0.1079714
Erythroid1 Spinal.cord 0 0 0 0.01890675 0.01308751 -0.03431653 0.01693172 0.9992676 -0.9994109 0 -0.03432145
Erythroid1 Cardiomyocytes 0 0 0 0.01890675 0.01370848 -0.03431653 0.01693172 0.9992676 -0.9994109 0 -0.03432145
Erythroid1 Erythroid2 0.0005434029 0.04608753 0.094696 0.01179067 0.005738393 0.09978654 0.9653899 -0.2409668 0.9239137 0 0.3826011
Erythroid1 NMP 0 0 0 0.01890675 0.01842295 -0.03431653 0.01693172 0.9992676 -0.9994109 0 -0.03432145
Erythroid1 Erythroid3 0 0 0 0.01890675 0.01183641 -0.03431653 0.01693172 0.9992676 -0.9994109 0 -0.03432145
Erythroid1 Neural.crest 0 0 0 0.01890675 0.007702465 -0.03431653 0.01693172 0.9992676 -0.9994109 0 -0.03432145
Def..endoderm Parietal.endoderm 0 0 0 0.02396361 0.002145557 -0.03431653 0.01693172 0.9992676 -0.9994109 0 -0.03432145
Def..endoderm Allantois 0 0 0 0.02396361 0.01119664 -0.03431653 0.01693172 0.9992676 -0.9994109 0 -0.03432145
Def..endoderm Anterior.Primitive.Streak 0.002310133 0.1024884 0.4118329 0.02254043 0.005609394 0.3273961 0.8990349 0.2907715 -0.6640483 0 0.7476897
Def..endoderm Endothelium 0 0 0 0.02412848 0.009856764 -0.06643912 0.06958211 0.9953613 -0.9977797 0 -0.06660055
Def..endoderm Forebrain/Midbrain/Hindbrain 0 0 0 0.02396361 0.02240371 -0.03431653 0.01693172 0.9992676 -0.9994109 0 -0.03432145
Def..endoderm Spinal.cord 0 0 0 0.02396361 0.01308751 -0.03431653 0.01693172 0.9992676 -0.9994109 0 -0.03432145
Def..endoderm Cardiomyocytes 0 0 0 0.02396361 0.01370848 -0.03431653 0.01693172 0.9992676 -0.9994109 0 -0.03432145
Def..endoderm Erythroid2 0 0 0 0.02396361 0.009411155 -0.03431653 0.01693172 0.9992676 -0.9994109 0 -0.03432145
Def..endoderm NMP 0 0 0 0.02396361 0.01842295 -0.03431653 0.01693172 0.9992676 -0.9994109 0 -0.03432145
Def..endoderm Erythroid3 0 0 0 0.02396361 0.01183641 -0.03431653 0.01693172 0.9992676 -0.9994109 0 -0.03432145
Def..endoderm Neural.crest 0 0 0 0.02396361 0.007702465 -0.03431653 0.01693172 0.9992676 -0.9994109 0 -0.03432145
Parietal.endoderm Allantois 0 0 0 0.002145557 0.01119664 -0.03431653 0.01693172 0.9992676 -0.9994109 0 -0.03432145
Parietal.endoderm Anterior.Primitive.Streak 0 0 0 0.002145557 0.01325892 -0.03431653 0.01693172 0.9992676 -0.9994109 0 -0.03432145
Parietal.endoderm Endothelium 0 0 0 0.002145557 0.009811113 -0.03431653 0.01693172 0.9992676 -0.9994109 0 -0.03432145
Parietal.endoderm Forebrain/Midbrain/Hindbrain 0 0 0 0.002145557 0.02240371 -0.03431653 0.01693172 0.9992676 -0.9994109 0 -0.03432145
Parietal.endoderm Spinal.cord 0 0 0 0.002145557 0.01308751 -0.03431653 0.01693172 0.9992676 -0.9994109 0 -0.03432145
Parietal.endoderm Cardiomyocytes 0 0 0 0.002145557 0.01370848 -0.03431653 0.01693172 0.9992676 -0.9994109 0 -0.03432145
Parietal.endoderm Erythroid2 0 0 0 0.002145557 0.009411155 -0.03431653 0.01693172 0.9992676 -0.9994109 0 -0.03432145
Parietal.endoderm NMP 0 0 0 0.002145557 0.01842295 -0.03431653 0.01693172 0.9992676 -0.9994109 0 -0.03432145
Parietal.endoderm Erythroid3 0 0 0 0.002145557 0.01183641 -0.03431653 0.01693172 0.9992676 -0.9994109 0 -0.03432145
Parietal.endoderm Neural.crest 0 0 0 0.002145557 0.007702465 -0.03431653 0.01693172 0.9992676 -0.9994109 0 -0.03432145
Allantois Anterior.Primitive.Streak 0 0 0 0.01119664 0.01325892 -0.03431653 0.01693172 0.9992676 -0.9994109 0 -0.03432145
Allantois Endothelium 0 0 0 0.01119664 0.009811113 -0.03431653 0.01693172 0.9992676 -0.9994109 0 -0.03432145
Allantois Forebrain/Midbrain/Hindbrain 0 0 0 0.01119664 0.02240371 -0.03431653 0.01693172 0.9992676 -0.9994109 0 -0.03432145
Allantois Spinal.cord 0 0 0 0.01119664 0.01308751 -0.03431653 0.01693172 0.9992676 -0.9994109 0 -0.03432145
Allantois Cardiomyocytes 0 0 0 0.01119664 0.01370848 -0.03431653 0.01693172 0.9992676 -0.9994109 0 -0.03432145
Allantois Erythroid2 0 0 0 0.01119664 0.009411155 -0.03431653 0.01693172 0.9992676 -0.9994109 0 -0.03432145
Allantois NMP 0 0 0 0.009032058 0.01883 0.1493689 0.02250491 0.9885254 -0.9887758 0 0.1494068
Allantois Erythroid3 0 0 0 0.01119664 0.01183641 -0.03431653 0.01693172 0.9992676 -0.9994109 0 -0.03432145
Allantois Neural.crest 0 0 0 0.01119664 0.007702465 -0.03431653 0.01693172 0.9992676 -0.9994109 0 -0.03432145
Anterior.Primitive.Streak Endothelium 0 0 0 0.01325892 0.009811113 -0.03431653 0.01693172 0.9992676 -0.9994109 0 -0.03432145
Anterior.Primitive.Streak Forebrain/Midbrain/Hindbrain 0 0 0 0.01325892 0.02240371 -0.03431653 0.01693172 0.9992676 -0.9994109 0 -0.03432145
Anterior.Primitive.Streak Spinal.cord 0 0 0 0.01325892 0.01308751 -0.03431653 0.01693172 0.9992676 -0.9994109 0 -0.03432145
Anterior.Primitive.Streak Cardiomyocytes 0 0 0 0.01325892 0.01370848 -0.03431653 0.01693172 0.9992676 -0.9994109 0 -0.03432145
Anterior.Primitive.Streak Erythroid2 0 0 0 0.01325892 0.009411155 -0.03431653 0.01693172 0.9992676 -0.9994109 0 -0.03432145
Anterior.Primitive.Streak NMP 0 0 0 0.01325892 0.01842295 -0.03431653 0.01693172 0.9992676 -0.9994109 0 -0.03432145
Anterior.Primitive.Streak Erythroid3 0 0 0 0.01325892 0.01183641 -0.03431653 0.01693172 0.9992676 -0.9994109 0 -0.03432145
Anterior.Primitive.Streak Neural.crest 0 0 0 0.01325892 0.007702465 -0.03431653 0.01693172 0.9992676 -0.9994109 0 -0.03432145
Endothelium Forebrain/Midbrain/Hindbrain 0 0 0 0.00980489 0.02232775 0.04742682 0.01380628 0.9987793 -0.9988745 0 0.04743133
Endothelium Spinal.cord 0 0 0 0.009811113 0.01308751 -0.03431653 0.01693172 0.9992676 -0.9994109 0 -0.03432145
Endothelium Cardiomyocytes 0 0 0 0.009811113 0.01370848 -0.03431653 0.01693172 0.9992676 -0.9994109 0 -0.03432145
Endothelium Erythroid2 0 0 0 0.009811113 0.009411155 -0.03431653 0.01693172 0.9992676 -0.9994109 0 -0.03432145
Endothelium NMP 0 0 0 0.009811113 0.01842295 -0.03431653 0.01693172 0.9992676 -0.9994109 0 -0.03432145
Endothelium Erythroid3 0 0 0 0.009811113 0.01183641 -0.03431653 0.01693172 0.9992676 -0.9994109 0 -0.03432145
Endothelium Neural.crest 0 0 0 0.009811113 0.007702465 -0.03431653 0.01693172 0.9992676 -0.9994109 0 -0.03432145
Forebrain/Midbrain/Hindbrain Spinal.cord 0.005140594 0.2277034 0.3817185 0.02257583 0.01346698 -0.6801735 0.03577337 0.7321777 -0.7326467 0 -0.6806092
Forebrain/Midbrain/Hindbrain Cardiomyocytes 0 0 0 0.02240371 0.01370848 -0.03431653 0.01693172 0.9992676 -0.9994109 0 -0.03432145
Forebrain/Midbrain/Hindbrain Erythroid2 0 0 0 0.02188517 0.008726891 0.2073021 0.003277564 0.9782715 -0.9782767 0 0.2073032
Forebrain/Midbrain/Hindbrain NMP 0 0 0 0.02240371 0.01842295 -0.03431653 0.01693172 0.9992676 -0.9994109 0 -0.03432145
Forebrain/Midbrain/Hindbrain Erythroid3 0 0 0 0.02240371 0.01183641 -0.03431653 0.01693172 0.9992676 -0.9994109 0 -0.03432145
Forebrain/Midbrain/Hindbrain Neural.crest 0.001370601 0.05546596 0.2300931 0.02471067 0.005956725 0.9666677 0.1482607 0.2087403 -0.211073 0 0.9774703
Spinal.cord Cardiomyocytes 0 0 0 0.01308751 0.01370848 -0.03431653 0.01693172 0.9992676 -0.9994109 0 -0.03432145
Spinal.cord Erythroid2 0 0 0 0.0128605 0.009290909 0.1077844 0.05883846 0.9924316 -0.994154 0 0.1079714
Spinal.cord NMP 0.0001949922 0.01467407 0.01059863 0.01328822 0.01839788 -0.5427951 0.368638 -0.7546386 0.8118121 0 -0.5839188
Spinal.cord Erythroid3 0 0 0 0.01310732 0.01245568 -0.163272 0.004171492 0.9865723 -0.9865808 0 -0.1632735
Spinal.cord Neural.crest 0 0 0 0.01308751 0.007702465 -0.03431653 0.01693172 0.9992676 -0.9994109 0 -0.03432145
Cardiomyocytes Erythroid2 0 0 0 0.01370848 0.009411155 -0.03431653 0.01693172 0.9992676 -0.9994109 0 -0.03432145
Cardiomyocytes NMP 0 0 0 0.01370848 0.01842295 -0.03431653 0.01693172 0.9992676 -0.9994109 0 -0.03432145
Cardiomyocytes Erythroid3 0 0 0 0.01370848 0.01183641 -0.03431653 0.01693172 0.9992676 -0.9994109 0 -0.03432145
Cardiomyocytes Neural.crest 0 0 0 0.01370848 0.007702465 -0.03431653 0.01693172 0.9992676 -0.9994109 0 -0.03432145
Erythroid2 NMP 0 0 0 0.009698454 0.01811927 0.0169663 0.1090042 0.9938965 -0.9998543 0 0.017068
Erythroid2 Erythroid3 0.0009549735 0.180495 0.08728979 0.005290858 0.01094027 -0.004433856 0.6220576 -0.7829589 0.999984 0 -0.005662858
Erythroid2 Neural.crest 0 0 0 0.009411155 0.007702465 -0.03431653 0.01693172 0.9992676 -0.9994109 0 -0.03432145
NMP Erythroid3 0 0 0 0.01802275 0.01238407 -0.06643912 0.06958211 0.9953613 -0.9977797 0 -0.06660055
NMP Neural.crest 0 0 0 0.01842295 0.007702465 -0.03431653 0.01693172 0.9992676 -0.9994109 0 -0.03432145
Erythroid3 Neural.crest 0 0 0 0.01183641 0.007702465 -0.03431653 0.01693172 0.9992676 -0.9994109 0 -0.03432145
