2 12 0.00724443 0.2631646 0.1863118 0.02752814 0.03888337 0.572682 0.769754 -0.2819824 0.4417429 0 0.8971417
2 3 0 0 0 0.02574769 0.03604162 -0.03431653 0.01693172 0.9992676 -0.9994109 0 -0.03432145
2 1 0.008825947 0.349082 0.4139328 0.0252833 0.02132217 -0.1689431 0.6741703 -0.7189941 0.9734872 0 -0.2287417
2 11 0 0 0 0.02574769 0.01206462 -0.03431653 0.01693172 0.9992676 -0.9994109 0 -0.03432145
2 4 0 0 0 0.02574769 0.04450275 -0.03431653 0.01693172 0.9992676 -0.9994109 0 -0.03432145
2 5 0 0 0 0.02605055 0.03275851 0.1493689 0.02250491 0.9885254 -0.9887758 0 0.1494068
2 14 0 0 0 0.02625416 0.04554365 -0.01288601 0.06498964 0.9978027 -0.9999166 0 -0.01291331
2 10 0.001699982 0.06329592 0.03308225 0.02685769 0.05138654 -0.4898732 0.3348274 0.8049316 -0.8542387 0 -0.519881
2 13 0 0 0 0.02558588 0.05597005 0.3547372 0.01683701 0.9348145 -0.934947 0 0.3547874
2 6 0 0 0 0.02574769 0.03127073 -0.03431653 0.01693172 0.9992676 -0.9994109 0 -0.03432145
2 16 0 0 0 0.02878108 0.05762099 0.5449978 0.3782036 0.748291 -0.8083319 0 0.588727
2 15 0 0 0 0.02832803 0.03903996 0.09383775 0.2090669 0.9733887 -0.9953853 0 0.09595829
2 17 0 0 0 0.02574769 0.03054857 -0.03431653 0.01693172 0.9992676 -0.9994109 0 -0.03432145
2 19 0 0 0 0.02576859 0.0537414 0.2073021 0.003277564 0.9782715 -0.9782767 0 0.2073032
2 9 0 0 0 0.0273868 0.05736597 0.1825098 0.1201907 0.9758301 -0.9829557 0 0.1838425
2 8 0 0 0 0.02574769 0.002145557 -0.03431653 0.01693172 0.9992676 -0.9994109 0 -0.03432145
2 7 0 0 0 0.02574769 0.01370848 -0.03431653 0.01693172 0.9992676 -0.9994109 0 -0.03432145
2 18 0 0 0 0.02574769 0.01183641 -0.03431653 0.01693172 0.9992676 -0.9994109 0 -0.03432145
12 3 0 0 0 0.03646691 0.03604162 -0.03431653 0.01693172 0.9992676 -0.9994109 0 -0.03432145
12 1 0.008118994 0.2034385 0.380777 0.03990883 0.02132217 -0.1689431 0.6741703 -0.7189941 0.9734872 0 -0.2287417
12 11 0 0 0 0.03646691 0.01206462 -0.03431653 0.01693172 0.9992676 -0.9994109 0 -0.03432145
12 4 0 0 0 0.03646691 0.04450275 -0.03431653 0.01693172 0.9992676 -0.9994109 0 -0.03432145
12 5 0.002441015 0.05990294 0.07483572 0.04074951 0.03261832 0.5642032 0.2114663 0.7980957 -0.816562 0 0.5772578
12 14 0 0 0 0.03674681 0.04554365 -0.01288601 0.06498964 0.9978027 -0.9999166 0 -0.01291331
12 10 0.002822895 0.09089745 0.05142383 0.03105582 0.05489469 0.5216219 0.03878053 -0.852295 0.8529366 0 0.5220146
12 13 0 0 0 0.03311454 0.07907823 -0.5698377 0.06613297 0.8190918 -0.8208889 0 -0.571088
12 6 0 0 0 0.03646691 0.03127073 -0.03431653 0.01693172 0.9992676 -0.9994109 0 -0.03432145
12 16 0.004566235 0.1168513 0.08777975 0.03907731 0.05201923 -0.5844625 0.5343936 0.6105957 -0.7223969 0 -0.6914786
12 15 0.0009726336 0.02716613 0.0335781 0.03580317 0.02896631 -0.2953206 0.4942388 0.817627 -0.9405295 0 -0.339712
12 17 0 0 0 0.03979356 0.03123692 0.2073021 0.003277564 0.9782715 -0.9782767 0 0.2073032
12 19 0 0 0 0.04048928 0.05356677 0.3585721 0.09682696 0.9284668 -0.93285 0 0.3602649
12 9 0.004873826 0.1383067 0.08284014 0.03523926 0.05883411 0.03156806 0.6609611 0.7497559 -0.9991148 0 0.04206718
12 8 0 0 0 0.03646691 0.002145557 -0.03431653 0.01693172 0.9992676 -0.9994109 0 -0.03432145
12 7 0 0 0 0.03646691 0.01370848 -0.03431653 0.01693172 0.9992676 -0.9994109 0 -0.03432145
12 18 0 0 0 0.03646691 0.01183641 -0.03431653 0.01693172 0.9992676 -0.9994109 0 -0.03432145
3 1 0 0 0 0.03604162 0.03866268 -0.03431653 0.01693172 0.9992676 -0.9994109 0 -0.03432145
3 11 0 0 0 0.03604162 0.01206462 -0.03431653 0.01693172 0.9992676 -0.9994109 0 -0.03432145
3 4 0 0 0 0.03604162 0.04450275 -0.03431653 0.01693172 0.9992676 -0.9994109 0 -0.03432145
3 5 0 0 0 0.03604162 0.03347531 -0.03431653 0.01693172 0.9992676 -0.9994109 0 -0.03432145
3 14 0 0 0 0.03604162 0.04486795 -0.03431653 0.01693172 0.9992676 -0.9994109 0 -0.03432145
3 10 0 0 0 0.03604162 0.05552958 -0.03431653 0.01693172 0.9992676 -0.9994109 0 -0.03432145
3 13 0 0 0 0.03604162 0.04630573 -0.03431653 0.01693172 0.9992676 -0.9994109 0 -0.03432145
3 6 0 0 0 0.03604162 0.03127073 -0.03431653 0.01693172 0.9992676 -0.9994109 0 -0.03432145
3 16 0 0 0 0.03604162 0.07452431 -0.03431653 0.01693172 0.9992676 -0.9994109 0 -0.03432145
3 15 0 0 0 0.03604162 0.03821399 -0.03431653 0.01693172 0.9992676 -0.9994109 0 -0.03432145
3 17 0 0 0 0.03604162 0.03054857 -0.03431653 0.01693172 0.9992676 -0.9994109 0 -0.03432145
3 19 0 0 0 0.03604162 0.05312618 -0.03431653 0.01693172 0.9992676 -0.9994109 0 -0.03432145
3 9 0 0 0 0.03604162 0.05920003 -0.03431653 0.01693172 0.9992676 -0.9994109 0 -0.03432145
3 8 0 0 0 0.03604162 0.002145557 -0.03431653 0.01693172 0.9992676 -0.9994109 0 -0.03432145
3 7 0 0 0 0.03604162 0.01370848 -0.03431653 0.01693172 0.9992676 -0.9994109 0 -0.03432145
3 18 0 0 0 0.03604162 0.01183641 -0.03431653 0.01693172 0.9992676 -0.9994109 0 -0.03432145
1 11 0 0 0 0.03866268 0.01206462 -0.03431653 0.01693172 0.9992676 -0.9994109 0 -0.03432145
1 4 0 0 0 0.03866268 0.04450275 -0.03431653 0.01693172 0.9992676 -0.9994109 0 -0.03432145
1 5 0 0 0 0.03843445 0.03334761 0.04742682 0.01380628 0.9987793 -0.9988745 0 0.04743133
1 14 0 0 0 0.04040959 0.04649673 0.05119072 0.1727043 0.9836426 -0.9986485 0 0.05197166
1 10 0.009157763 0.2761709 0.2177051 0.03315977 0.042065 -0.497538 0.3764611 -0.7814941 0.8435522 0 -0.5370472
1 13 0 0 0 0.04048505 0.0576425 0.3927413 0.05137501 0.9182129 -0.919427 0 0.3932606
1 6 0 0 0 0.03866268 0.03127073 -0.03431653 0.01693172 0.9992676 -0.9994109 0 -0.03432145
1 16 0.00232736 0.06469935 0.05508496 0.03597192 0.04225038 -0.6926932 0.7165242 -0.08227543 0.1179471 0 -0.9930199
1 15 0.0004185575 0.01181083 0.00939435 0.03543845 0.04455417 -0.2390962 0.9396117 0.2448731 -0.7154962 0 -0.6986167
1 17 0 0 0 0.03838212 0.03041862 0.1493689 0.02250491 0.9885254 -0.9887758 0 0.1494068
1 19 0 0 0 0.03913462 0.05397148 0.05644158 0.06422738 0.9963379 -0.9983993 0 0.05655836
1 9 0 0 0 0.03866268 0.05920003 -0.03431653 0.01693172 0.9992676 -0.9994109 0 -0.03432145
1 8 0 0 0 0.03866268 0.002145557 -0.03431653 0.01693172 0.9992676 -0.9994109 0 -0.03432145
1 7 0 0 0 0.03866268 0.01370848 -0.03431653 0.01693172 0.9992676 -0.9994109 0 -0.03432145
1 18 0 0 0 0.03866268 0.01183641 -0.03431653 0.01693172 0.9992676 -0.9994109 0 -0.03432145
11 4 9.482834E-07 9.998787E-05 1.879276E-05 0.009483985 0.05046004 0.7725706 0.6090441 0.1794434 -0.2262453 0 0.9740704
11 5 0 0 0 0.01206462 0.03347531 -0.03431653 0.01693172 0.9992676 -0.9994109 0 -0.03432145
11 14 0 0 0 0.01206462 0.04486795 -0.03431653 0.01693172 0.9992676 -0.9994109 0 -0.03432145
11 10 0 0 0 0.01206462 0.05552958 -0.03431653 0.01693172 0.9992676 -0.9994109 0 -0.03432145
11 13 0 0 0 0.01206462 0.04630573 -0.03431653 0.01693172 0.9992676 -0.9994109 0 -0.03432145
11 6 0 0 0 0.01206462 0.03127073 -0.03431653 0.01693172 0.9992676 -0.9994109 0 -0.03432145
11 16 0 0 0 0.01206462 0.07452431 -0.03431653 0.01693172 0.9992676 -0.9994109 0 -0.03432145
11 15 0 0 0 0.01206462 0.03821399 -0.03431653 0.01693172 0.9992676 -0.9994109 0 -0.03432145
11 17 0 0 0 0.01206462 0.03054857 -0.03431653 0.01693172 0.9992676 -0.9994109 0 -0.03432145
11 19 0 0 0 0.01206462 0.05312618 -0.03431653 0.01693172 0.9992676 -0.9994109 0 -0.03432145
11 9 6.227373E-05 0.005425963 0.000988965 0.01147699 0.06296858 -0.8127963 0.4443563 0.376709 -0.4205045 0 -0.9072904
11 8 0 0 0 0.01206462 0.002145557 -0.03431653 0.01693172 0.9992676 -0.9994109 0 -0.03432145
11 7 0 0 0 0.01206462 0.01370848 -0.03431653 0.01693172 0.9992676 -0.9994109 0 -0.03432145
11 18 0 0 0 0.01206462 0.01183641 -0.03431653 0.01693172 0.9992676 -0.9994109 0 -0.03432145
4 5 0 0 0 0.04450275 0.03347531 -0.03431653 0.01693172 0.9992676 -0.9994109 0 -0.03432145
4 14 0 0 0 0.04450275 0.04486795 -0.03431653 0.01693172 0.9992676 -0.9994109 0 -0.03432145
4 10 0 0 0 0.0461175 0.05882324 0.09383775 0.2090669 0.9733887 -0.9953853 0 0.09595829
4 13 0 0 0 0.04450275 0.04630573 -0.03431653 0.01693172 0.9992676 -0.9994109 0 -0.03432145
4 6 0 0 0 0.04450275 0.03127073 -0.03431653 0.01693172 0.9992676 -0.9994109 0 -0.03432145
4 16 0 0 0 0.04450275 0.07452431 -0.03431653 0.01693172 0.9992676 -0.9994109 0 -0.03432145
4 15 0 0 0 0.04450275 0.03821399 -0.03431653 0.01693172 0.9992676 -0.9994109 0 -0.03432145
4 17 0 0 0 0.04450275 0.03054857 -0.03431653 0.01693172 0.9992676 -0.9994109 0 -0.03432145
4 19 0 0 0 0.04450275 0.05312618 -0.03431653 0.01693172 0.9992676 -0.9994109 0 -0.03432145
4 9 0 0 0 0.04450275 0.05920003 -0.03431653 0.01693172 0.9992676 -0.9994109 0 -0.03432145
4 8 0 0 0 0.04450275 0.002145557 -0.03431653 0.01693172 0.9992676 -0.9994109 0 -0.03432145
4 7 0 0 0 0.04450275 0.01370848 -0.03431653 0.01693172 0.9992676 -0.9994109 0 -0.03432145
4 18 0 0 0 0.04450275 0.01183641 -0.03431653 0.01693172 0.9992676 -0.9994109 0 -0.03432145
5 14 0 0 0 0.03347531 0.04486795 -0.03431653 0.01693172 0.9992676 -0.9994109 0 -0.03432145
5 10 0 0 0 0.03347531 0.05552958 -0.03431653 0.01693172 0.9992676 -0.9994109 0 -0.03432145
5 13 0.0091397 0.3465584 0.1555835 0.02637276 0.05874465 -0.06556023 0.368054 0.9274902 -0.9975111 0 -0.07050969
5 6 0.002276641 0.0548232 0.06737935 0.04152696 0.03378841 0.05827645 0.3529173 -0.9338379 0.9980584 0 0.06228416
5 16 0.002604775 0.08204763 0.04684003 0.03174711 0.05561002 0.3880356 0.5891652 0.7087402 -0.87714 0 0.4802346
5 15 3.655566E-05 0.001202034 0.0008159491 0.03041149 0.0448014 0.2810331 0.09154117 0.9553223 -0.9593503 0 0.282218
5 17 0.0002285713 0.004652596 0.004852219 0.04912768 0.04710654 -0.5239562 0.8483542 -0.07592771 0.1434143 0 -0.9896628
5 19 0.001542685 0.03192306 0.03079395 0.04832511 0.05009703 0.8907036 0.3637018 0.2727051 -0.2927543 0 0.9561877
5 9 0.0003029022 0.005840696 0.010817 0.05186064 0.02800244 0.1544363 0.8387128 -0.5222167 0.9589454 0 0.283591
5 8 0 0 0 0.03347531 0.002145557 -0.03431653 0.01693172 0.9992676 -0.9994109 0 -0.03432145
5 7 0 0 0 0.03347531 0.01370848 -0.03431653 0.01693172 0.9992676 -0.9994109 0 -0.03432145
5 18 0 0 0 0.03347531 0.01183641 -0.03431653 0.01693172 0.9992676 -0.9994109 0 -0.03432145
14 10 0 0 0 0.04332591 0.05897152 0.2448073 0.2269885 0.942627 -0.9678914 0 0.2513687
14 13 0 0 0 0.04486795 0.04630573 -0.03431653 0.01693172 0.9992676 -0.9994109 0 -0.03432145
14 6 0 0 0 0.04486795 0.03127073 -0.03431653 0.01693172 0.9992676 -0.9994109 0 -0.03432145
14 16 0 0 0 0.04305318 0.06495515 0.2224071 0.1744011 0.9592285 -0.9741578 0 0.2258686
14 15 0 0 0 0.05121731 0.03530833 0.01436153 0.3574081 0.9338379 -0.9998817 0 0.01537722
14 17 0 0 0 0.04486795 0.03054857 -0.03431653 0.01693172 0.9992676 -0.9994109 0 -0.03432145
14 19 0.0003063449 0.006677914 0.009686223 0.04587433 0.03162686 -0.8130654 0.5432752 0.2092285 -0.2492137 0 -0.9684485
14 9 0 0 0 0.0482713 0.06307481 -0.3573058 0.0458512 0.9328613 -0.9338435 0 -0.357682
14 8 0 0 0 0.04486795 0.002145557 -0.03431653 0.01693172 0.9992676 -0.9994109 0 -0.03432145
14 7 0 0 0 0.04486795 0.01370848 -0.03431653 0.01693172 0.9992676 -0.9994109 0 -0.03432145
14 18 0.0009666731 0.02877061 0.08475373 0.03359933 0.01140567 -0.01989722 0.701241 -0.7126465 0.9996105 0 -0.0279093
10 13 0 0 0 0.05607251 0.04805897 0.1493689 0.02250491 0.9885254 -0.9887758 0 0.1494068
10 6 0 0 0 0.05552958 0.03127073 -0.03431653 0.01693172 0.9992676 -0.9994109 0 -0.03432145
10 16 0.01174295 0.3002373 0.2861606 0.03911221 0.0410362 -0.7650083 0.628095 -0.142334 0.1829164 0 -0.9831285
10 15 0.01058554 0.2745942 0.1948903 0.03854977 0.05431538 -0.6117783 0.3967682 -0.6843262 0.7455192 0 -0.6664841
10 17 0 0 0 0.05552958 0.03054857 -0.03431653 0.01693172 0.9992676 -0.9994109 0 -0.03432145
10 19 0 0 0 0.05661369 0.0541367 0.2289817 0.05414301 0.9719238 -0.9733515 0 0.229318
10 9 0.0002250117 0.003968448 0.004068163 0.05670017 0.05531039 0.003039747 0.8055432 0.5925293 -0.9999868 0 0.005130053
10 8 0 0 0 0.05552958 0.002145557 -0.03431653 0.01693172 0.9992676 -0.9994109 0 -0.03432145
10 7 0 0 0 0.05552958 0.01370848 -0.03431653 0.01693172 0.9992676 -0.9994109 0 -0.03432145
10 18 0 0 0 0.05577582 0.01237557 -0.1153257 0.02846082 0.9929199 -0.9933223 0 -0.1153724
13 6 0.004121678 0.08535959 0.1254048 0.04828606 0.03286698 0.02564975 0.3098499 -0.9504395 0.999636 0 0.02697743
13 16 0.01100827 0.1351029 0.1458856 0.08148062 0.07545818 0.6639543 0.7470679 0.03247067 -0.04884661 0 0.9988063
13 15 0.0006955156 0.01165582 0.02158507 0.05967109 0.03222207 0.3126585 0.1656906 -0.9353028 0.9484119 0 0.3170407
13 17 0.004719259 0.08020496 0.1322122 0.05883999 0.03569457 -0.4627494 0.2223384 -0.8581542 0.8801857 0 -0.4746296
13 19 0.005121973 0.06708404 0.1643103 0.07635159 0.03117256 -0.5360071 0.7696365 -0.3469238 0.5433569 0 -0.8395018
13 9 0 0 0 0.04630573 0.05920003 -0.03431653 0.01693172 0.9992676 -0.9994109 0 -0.03432145
13 8 0 0 0 0.04630573 0.002145557 -0.03431653 0.01693172 0.9992676 -0.9994109 0 -0.03432145
13 7 0 0 0 0.0447874 0.01371497 0.04742682 0.01380628 0.9987793 -0.9988745 0 0.04743133
13 18 0 0 0 0.04630573 0.01183641 -0.03431653 0.01693172 0.9992676 -0.9994109 0 -0.03432145
6 16 0 0 0 0.03127073 0.07452431 -0.03431653 0.01693172 0.9992676 -0.9994109 0 -0.03432145
6 15 0 0 0 0.03127073 0.03821399 -0.03431653 0.01693172 0.9992676 -0.9994109 0 -0.03432145
6 17 0.001577586 0.03795912 0.05389442 0.04156012 0.02927178 0.4339459 0.6765358 0.5949707 -0.8079344 0 0.5892724
6 19 0 0 0 0.03127073 0.05312618 -0.03431653 0.01693172 0.9992676 -0.9994109 0 -0.03432145
6 9 0 0 0 0.03127073 0.05920003 -0.03431653 0.01693172 0.9992676 -0.9994109 0 -0.03432145
6 8 0 0 0 0.03127073 0.002145557 -0.03431653 0.01693172 0.9992676 -0.9994109 0 -0.03432145
6 7 0.0009512792 0.02304145 0.06512219 0.04128557 0.0146076 -0.1739433 0.9271791 0.331787 -0.8856668 0 -0.4643213
6 18 0 0 0 0.03127073 0.01183641 -0.03431653 0.01693172 0.9992676 -0.9994109 0 -0.03432145
16 15 0.0111852 0.2084533 0.3752928 0.05365807 0.02980394 -0.1284424 0.5262455 0.8405762 -0.9885262 0 -0.1510496
16 17 0 0 0 0.06974947 0.03123692 0.2073021 0.003277564 0.9782715 -0.9782767 0 0.2073032
16 19 0 0 0 0.06512886 0.05293136 0.3547372 0.01683701 0.9348145 -0.934947 0 0.3547874
16 9 0.0006481388 0.008627708 0.0231458 0.07512294 0.02800244 0.1544363 0.8387128 -0.5222167 0.9589454 0 0.283591
16 8 0 0 0 0.07452431 0.002145557 -0.03431653 0.01693172 0.9992676 -0.9994109 0 -0.03432145
16 7 0 0 0 0.07452431 0.01370848 -0.03431653 0.01693172 0.9992676 -0.9994109 0 -0.03432145
16 18 0 0 0 0.07581157 0.01245568 -0.163272 0.004171492 0.9865723 -0.9865808 0 -0.1632735
15 17 0 0 0 0.03821399 0.03054857 -0.03431653 0.01693172 0.9992676 -0.9994109 0 -0.03432145
15 19 0 0 0 0.03183356 0.0435406 -0.6510513 0.0009098255 0.7590332 -0.7590335 0 -0.6510516
15 9 0.003629648 0.1180917 0.06194233 0.03073583 0.05859721 0.4058402 0.1997621 -0.8918458 0.9101912 0 0.4141884
15 8 0 0 0 0.03821399 0.002145557 -0.03431653 0.01693172 0.9992676 -0.9994109 0 -0.03432145
15 7 0 0 0 0.03821399 0.01370848 -0.03431653 0.01693172 0.9992676 -0.9994109 0 -0.03432145
15 18 0 0 0 0.03821399 0.01183641 -0.03431653 0.01693172 0.9992676 -0.9994109 0 -0.03432145
17 19 0.002378962 0.0639092 0.05568129 0.03722409 0.04272462 0.1406873 0.4111741 -0.9006348 0.9880182 0 0.1543374
17 9 0 0 0 0.03054857 0.05920003 -0.03431653 0.01693172 0.9992676 -0.9994109 0 -0.03432145
17 8 0 0 0 0.03054857 0.002145557 -0.03431653 0.01693172 0.9992676 -0.9994109 0 -0.03432145
17 7 0.0003064803 0.01024977 0.02295377 0.02990119 0.01335207 0.4350219 0.4403432 0.7854004 -0.8747767 0 0.4845262
17 18 0 0 0 0.03054857 0.01183641 -0.03431653 0.01693172 0.9992676 -0.9994109 0 -0.03432145
19 9 0 0 0 0.05135804 0.06352472 -0.3232228 0.1158166 0.939209 -0.9455721 0 -0.3254126
19 8 0 0 0 0.05312618 0.002145557 -0.03431653 0.01693172 0.9992676 -0.9994109 0 -0.03432145
19 7 0 0 0 0.05312618 0.01370848 -0.03431653 0.01693172 0.9992676 -0.9994109 0 -0.03432145
19 18 0 0 0 0.05312618 0.01183641 -0.03431653 0.01693172 0.9992676 -0.9994109 0 -0.03432145
9 8 0 0 0 0.05920003 0.002145557 -0.03431653 0.01693172 0.9992676 -0.9994109 0 -0.03432145
9 7 0 0 0 0.05920003 0.01370848 -0.03431653 0.01693172 0.9992676 -0.9994109 0 -0.03432145
9 18 0 0 0 0.05920003 0.01183641 -0.03431653 0.01693172 0.9992676 -0.9994109 0 -0.03432145
8 7 0 0 0 0.002145557 0.01370848 -0.03431653 0.01693172 0.9992676 -0.9994109 0 -0.03432145
8 18 0 0 0 0.002145557 0.01183641 -0.03431653 0.01693172 0.9992676 -0.9994109 0 -0.03432145
7 18 0 0 0 0.01370848 0.01183641 -0.03431653 0.01693172 0.9992676 -0.9994109 0 -0.03432145
