Epiblast Primitive.Streak 0.01446226 0.388703 0.1896611 0.03720646 0.07625316 0.2190861 0.8732197 -0.4353027 0.8932465 0 0.4495673
Epiblast ExE.ectoderm 0 0 0 0.046159 0.04413049 -0.03431653 0.01693172 0.9992676 -0.9994109 0 -0.03432145
Epiblast Visceral.endoderm 0 0 0 0.046159 0.01602542 -0.03431653 0.01693172 0.9992676 -0.9994109 0 -0.03432145
Epiblast ExE.endoderm 0 0 0 0.046159 0.04537329 -0.03431653 0.01693172 0.9992676 -0.9994109 0 -0.03432145
Epiblast Nascent.mesoderm 0 0 0 0.04493028 0.03156237 0.2728818 0.02695352 0.9616699 -0.9620194 0 0.272981
Epiblast Rostral.neurectoderm 0.01460218 0.3582562 0.2227567 0.04075905 0.06555215 0.2530107 0.9278019 0.27417 -0.734896 0 0.6781798
Epiblast Blood.progenitors.2 0 0 0 0.046159 0.01395702 -0.03431653 0.01693172 0.9992676 -0.9994109 0 -0.03432145
Epiblast Mixed.mesoderm 0 0 0 0.04644745 0.05340384 0.306084 0.3569113 0.8825684 -0.9447941 0 0.3276646
Epiblast ExE.mesoderm 0 0 0 0.04515492 0.02086575 0.2073021 0.003277564 0.9782715 -0.9782767 0 0.2073032
Epiblast Intermediate.mesoderm 0 0 0 0.04227529 0.05782793 0.6066954 0.1926376 0.7712402 -0.7859613 0 0.6182757
Epiblast Pharyngeal.mesoderm 0 0 0 0.046159 0.0228156 -0.03431653 0.01693172 0.9992676 -0.9994109 0 -0.03432145
Epiblast Caudal.epiblast 0 0 0 0.04240223 0.03491158 0.4697597 0.5398543 0.6984863 -0.8297942 0 0.5580695
Epiblast PGC 0 0 0 0.04639407 0.01292041 0.3112836 0.3075646 0.8991699 -0.9449755 0 0.327141
Epiblast Mesenchyme 0 0 0 0.04573533 0.05072549 0.1493689 0.02250491 0.9885254 -0.9887758 0 0.1494068
Epiblast Haematoendothelial.progenitors 0 0 0 0.04506015 0.1236189 0.4055712 0.3853666 0.8288574 -0.8982338 0 0.4395179
Epiblast Blood.progenitors.1 0 0 0 0.046159 0.01318094 -0.03431653 0.01693172 0.9992676 -0.9994109 0 -0.03432145
Epiblast Surface.ectoderm 0 0 0 0.04325706 0.0740384 0.5188012 0.2782378 0.8083496 -0.8415818 0 0.5401297
Epiblast Gut 0 0 0 0.04573533 0.04098845 0.1493689 0.02250491 0.9885254 -0.9887758 0 0.1494068
Epiblast Paraxial.mesoderm 0 0 0 0.046159 0.02774503 -0.03431653 0.01693172 0.9992676 -0.9994109 0 -0.03432145
Epiblast Caudal.neurectoderm 0 0 0 0.04258187 0.02606617 0.2011689 0.8247125 0.5285645 -0.9345988 0 0.3557035
Epiblast Notochord 0 0 0 0.046159 0.005750253 -0.03431653 0.01693172 0.9992676 -0.9994109 0 -0.03432145
Epiblast Somitic.mesoderm 0 0 0 0.04389111 0.02681945 0.3927413 0.05137501 0.9182129 -0.919427 0 0.3932606
Epiblast Caudal.Mesoderm 0 0 0 0.04234795 0.01716566 0.5454728 0.1067786 0.8312988 -0.8360788 0 0.5486093
Epiblast Erythroid1 0 0 0 0.046159 0.01955233 -0.03431653 0.01693172 0.9992676 -0.9994109 0 -0.03432145
Epiblast Def..endoderm 0 0 0 0.04142865 0.04537477 0.8235253 0.02670997 0.5666504 -0.5668526 0 0.8238192
Epiblast Parietal.endoderm 0 0 0 0.046159 0.004241588 -0.03431653 0.01693172 0.9992676 -0.9994109 0 -0.03432145
Epiblast Allantois 0 0 0 0.04493028 0.01042155 0.2728818 0.02695352 0.9616699 -0.9620194 0 0.272981
Epiblast Anterior.Primitive.Streak 0 0 0 0.046159 0.01871879 -0.03431653 0.01693172 0.9992676 -0.9994109 0 -0.03432145
Epiblast Endothelium 0 0 0 0.04718947 0.01038065 0.0169663 0.1090042 0.9938965 -0.9998543 0 0.017068
Epiblast Forebrain/Midbrain/Hindbrain 0 0 0 0.04827577 0.02710536 -0.03449543 0.2367942 0.9709473 -0.9993695 0 -0.03550521
Epiblast Spinal.cord 0 0 0 0.046159 0.01599916 -0.03431653 0.01693172 0.9992676 -0.9994109 0 -0.03432145
Epiblast Cardiomyocytes 0 0 0 0.04594558 0.06175276 -0.2136004 0.03431214 0.9763184 -0.9768936 0 -0.2137263
Epiblast Erythroid2 0 0 0 0.046159 0.009491417 -0.03431653 0.01693172 0.9992676 -0.9994109 0 -0.03432145
Epiblast NMP 0 0 0 0.04551626 0.01746824 -0.3726342 0.09969591 0.9226074 -0.9272269 0 -0.3745
Epiblast Erythroid3 0 0 0 0.046159 0.01216605 -0.03431653 0.01693172 0.9992676 -0.9994109 0 -0.03432145
Epiblast Neural.crest 0 0 0 0.046159 0.008837027 -0.03431653 0.01693172 0.9992676 -0.9994109 0 -0.03432145
Primitive.Streak ExE.ectoderm 0 0 0 0.06978112 0.04413049 -0.03431653 0.01693172 0.9992676 -0.9994109 0 -0.03432145
Primitive.Streak Visceral.endoderm 0 0 0 0.06978112 0.01602542 -0.03431653 0.01693172 0.9992676 -0.9994109 0 -0.03432145
Primitive.Streak ExE.endoderm 0 0 0 0.06978112 0.04537329 -0.03431653 0.01693172 0.9992676 -0.9994109 0 -0.03432145
Primitive.Streak Nascent.mesoderm 0.003434559 0.07236324 0.09661642 0.04746276 0.0355484 -0.7095339 0.1035506 -0.6970214 0.7007887 0 -0.7133688
Primitive.Streak Rostral.neurectoderm 0.02466676 0.3721936 0.6065745 0.06627401 0.04066568 0.2564654 0.217991 -0.9416504 0.9648544 0 0.2627852
Primitive.Streak Blood.progenitors.2 0 0 0 0.06832171 0.01347493 0.04742682 0.01380628 0.9987793 -0.9988745 0 0.04743133
Primitive.Streak Mixed.mesoderm 0 0 0 0.06510493 0.0573814 0.9625259 0.0359316 0.2687988 -0.2689725 0 0.9631479
Primitive.Streak ExE.mesoderm 0 0 0 0.07400751 0.02009259 -0.4550163 0.0438203 0.8894043 -0.8902594 0 -0.4554538
Primitive.Streak Intermediate.mesoderm 4.708278E-05 0.0009079493 0.00100204 0.05185618 0.04698693 -0.8310364 0.4989354 -0.2458496 0.2836816 0 -0.9589185
Primitive.Streak Pharyngeal.mesoderm 0 0 0 0.06978112 0.0228156 -0.03431653 0.01693172 0.9992676 -0.9994109 0 -0.03432145
Primitive.Streak Caudal.epiblast 0.01351292 0.264511 0.4538253 0.0510864 0.02977559 -0.8350546 0.4679587 -0.2893066 0.3273624 0 -0.9448989
Primitive.Streak PGC 0.00169533 0.02160777 0.1405479 0.07845929 0.01206229 -0.3415917 0.8309095 0.439209 -0.7893655 0 -0.6139235
Primitive.Streak Mesenchyme 0 0 0 0.05964377 0.0527764 0.3547372 0.01683701 0.9348145 -0.934947 0 0.3547874
Primitive.Streak Haematoendothelial.progenitors 0.007096805 0.1368555 0.0759265 0.05185618 0.09346941 -0.8310364 0.4989354 -0.2458496 0.2836816 0 -0.9589185
Primitive.Streak Blood.progenitors.1 0 0 0 0.06835516 0.01465236 0.1077844 0.05883846 0.9924316 -0.994154 0 0.1079714
Primitive.Streak Surface.ectoderm 0.007574069 0.1050831 0.1848378 0.07207693 0.04097685 0.1747827 0.5745902 0.7995605 -0.9769309 0 0.2135556
Primitive.Streak Gut 0 0 0 0.06395432 0.04633972 0.4162662 0.2338276 0.8786621 -0.9037148 0 0.4281349
Primitive.Streak Paraxial.mesoderm 0 0 0 0.06978112 0.02774503 -0.03431653 0.01693172 0.9992676 -0.9994109 0 -0.03432145
Primitive.Streak Caudal.neurectoderm 0.01161752 0.2336347 0.4673297 0.04972513 0.02485936 -0.7345009 0.5382068 -0.4133301 0.4904175 0 -0.8714876
Primitive.Streak Notochord 0 0 0 0.06978112 0.005750253 -0.03431653 0.01693172 0.9992676 -0.9994109 0 -0.03432145
Primitive.Streak Somitic.mesoderm 0 0 0 0.07318526 0.02802789 -0.4880287 0.006581897 0.8728027 -0.8728217 0 -0.4880393
Primitive.Streak Caudal.Mesoderm 0.002103022 0.04177777 0.1193466 0.0503383 0.01762112 -0.8028182 0.5054943 -0.3161621 0.3664246 0 -0.9304478
Primitive.Streak Erythroid1 0 0 0 0.0713998 0.01928073 0.0169663 0.1090042 0.9938965 -0.9998543 0 0.017068
Primitive.Streak Def..endoderm 0.008860458 0.124397 0.2511143 0.07122725 0.03528456 0.2579181 0.6141552 0.7458496 -0.9450881 0 0.3268157
Primitive.Streak Parietal.endoderm 0 0 0 0.06978112 0.004241588 -0.03431653 0.01693172 0.9992676 -0.9994109 0 -0.03432145
Primitive.Streak Allantois 0 0 0 0.07328195 0.01944825 -0.4001794 0.01801315 0.9162598 -0.9164084 0 -0.4002444
Primitive.Streak Anterior.Primitive.Streak 0.001815919 0.02284405 0.1517377 0.079492 0.01196749 -0.1499461 0.4216239 0.8942871 -0.9862328 0 -0.1653627
Primitive.Streak Endothelium 0 0 0 0.0720638 0.01021528 0.09383775 0.2090669 0.9733887 -0.9953853 0 0.09595829
Primitive.Streak Forebrain/Midbrain/Hindbrain 0.00432752 0.0844897 0.1392944 0.0512195 0.03106743 -0.1624894 0.4200781 -0.8928223 0.9838393 0 -0.179054
Primitive.Streak Spinal.cord 0.002276687 0.04836362 0.1612466 0.04707438 0.01411929 -0.6411489 0.1591507 -0.7507324 0.7604246 0 -0.6494262
Primitive.Streak Cardiomyocytes 0.0003531717 0.0042387 0.02150439 0.08332077 0.01642323 -0.5909894 0.6221924 0.5134277 -0.6558323 0 -0.7549066
Primitive.Streak Erythroid2 0 0 0 0.07224286 0.01002401 0.05119072 0.1727043 0.9836426 -0.9986485 0 0.05197166
Primitive.Streak NMP 0.003442625 0.06638795 0.2079049 0.05185618 0.01655866 -0.8310364 0.4989354 -0.2458496 0.2836816 0 -0.9589185
Primitive.Streak Erythroid3 0 0 0 0.07272968 0.01348875 -0.2801453 0.02150143 0.9597168 -0.9599388 0 -0.28021
Primitive.Streak Neural.crest 0 0 0 0.06978112 0.008837027 -0.03431653 0.01693172 0.9992676 -0.9994109 0 -0.03432145
ExE.ectoderm Visceral.endoderm 0 0 0 0.04413049 0.01602542 -0.03431653 0.01693172 0.9992676 -0.9994109 0 -0.03432145
ExE.ectoderm ExE.endoderm 0 0 0 0.04413049 0.04537329 -0.03431653 0.01693172 0.9992676 -0.9994109 0 -0.03432145
ExE.ectoderm Nascent.mesoderm 0 0 0 0.04413049 0.03049211 -0.03431653 0.01693172 0.9992676 -0.9994109 0 -0.03432145
ExE.ectoderm Rostral.neurectoderm 0 0 0 0.04413049 0.05223896 -0.03431653 0.01693172 0.9992676 -0.9994109 0 -0.03432145
ExE.ectoderm Blood.progenitors.2 0 0 0 0.04413049 0.01395702 -0.03431653 0.01693172 0.9992676 -0.9994109 0 -0.03432145
ExE.ectoderm Mixed.mesoderm 0 0 0 0.04413049 0.05166342 -0.03431653 0.01693172 0.9992676 -0.9994109 0 -0.03432145
ExE.ectoderm ExE.mesoderm 0 0 0 0.04413049 0.01992233 -0.03431653 0.01693172 0.9992676 -0.9994109 0 -0.03432145
ExE.ectoderm Intermediate.mesoderm 0 0 0 0.04413049 0.04504068 -0.03431653 0.01693172 0.9992676 -0.9994109 0 -0.03432145
ExE.ectoderm Pharyngeal.mesoderm 0 0 0 0.04413049 0.0228156 -0.03431653 0.01693172 0.9992676 -0.9994109 0 -0.03432145
ExE.ectoderm Caudal.epiblast 0 0 0 0.04413049 0.04918775 -0.03431653 0.01693172 0.9992676 -0.9994109 0 -0.03432145
ExE.ectoderm PGC 0 0 0 0.04413049 0.01093983 -0.03431653 0.01693172 0.9992676 -0.9994109 0 -0.03432145
ExE.ectoderm Mesenchyme 0 0 0 0.04413049 0.05809387 -0.03431653 0.01693172 0.9992676 -0.9994109 0 -0.03432145
ExE.ectoderm Haematoendothelial.progenitors 0 0 0 0.04413049 0.09606348 -0.03431653 0.01693172 0.9992676 -0.9994109 0 -0.03432145
ExE.ectoderm Blood.progenitors.1 0 0 0 0.04413049 0.01318094 -0.03431653 0.01693172 0.9992676 -0.9994109 0 -0.03432145
ExE.ectoderm Surface.ectoderm 0 0 0 0.04413049 0.05589662 -0.03431653 0.01693172 0.9992676 -0.9994109 0 -0.03432145
ExE.ectoderm Gut 0 0 0 0.04413049 0.03588764 -0.03431653 0.01693172 0.9992676 -0.9994109 0 -0.03432145
ExE.ectoderm Paraxial.mesoderm 0 0 0 0.04413049 0.02774503 -0.03431653 0.01693172 0.9992676 -0.9994109 0 -0.03432145
ExE.ectoderm Caudal.neurectoderm 0 0 0 0.04413049 0.03145109 -0.03431653 0.01693172 0.9992676 -0.9994109 0 -0.03432145
ExE.ectoderm Notochord 0 0 0 0.04413049 0.005750253 -0.03431653 0.01693172 0.9992676 -0.9994109 0 -0.03432145
ExE.ectoderm Somitic.mesoderm 0 0 0 0.04413049 0.02960769 -0.03431653 0.01693172 0.9992676 -0.9994109 0 -0.03432145
ExE.ectoderm Caudal.Mesoderm 0 0 0 0.04413049 0.02091286 -0.03431653 0.01693172 0.9992676 -0.9994109 0 -0.03432145
ExE.ectoderm Erythroid1 0 0 0 0.04413049 0.01955233 -0.03431653 0.01693172 0.9992676 -0.9994109 0 -0.03432145
ExE.ectoderm Def..endoderm 0 0 0 0.04413049 0.04469075 -0.03431653 0.01693172 0.9992676 -0.9994109 0 -0.03432145
ExE.ectoderm Parietal.endoderm 0 0 0 0.04413049 0.004241588 -0.03431653 0.01693172 0.9992676 -0.9994109 0 -0.03432145
ExE.ectoderm Allantois 0 0 0 0.04413049 0.01444052 -0.03431653 0.01693172 0.9992676 -0.9994109 0 -0.03432145
ExE.ectoderm Anterior.Primitive.Streak 0 0 0 0.04413049 0.01871879 -0.03431653 0.01693172 0.9992676 -0.9994109 0 -0.03432145
ExE.ectoderm Endothelium 0 0 0 0.04413049 0.01038168 -0.03431653 0.01693172 0.9992676 -0.9994109 0 -0.03432145
ExE.ectoderm Forebrain/Midbrain/Hindbrain 0 0 0 0.04413049 0.02988459 -0.03431653 0.01693172 0.9992676 -0.9994109 0 -0.03432145
ExE.ectoderm Spinal.cord 0 0 0 0.04413049 0.01599916 -0.03431653 0.01693172 0.9992676 -0.9994109 0 -0.03432145
ExE.ectoderm Cardiomyocytes 0 0 0 0.04413049 0.06554858 -0.03431653 0.01693172 0.9992676 -0.9994109 0 -0.03432145
ExE.ectoderm Erythroid2 0 0 0 0.04413049 0.009491417 -0.03431653 0.01693172 0.9992676 -0.9994109 0 -0.03432145
ExE.ectoderm NMP 0 0 0 0.04413049 0.02102408 -0.03431653 0.01693172 0.9992676 -0.9994109 0 -0.03432145
ExE.ectoderm Erythroid3 0 0 0 0.04413049 0.01216605 -0.03431653 0.01693172 0.9992676 -0.9994109 0 -0.03432145
ExE.ectoderm Neural.crest 0 0 0 0.04413049 0.008837027 -0.03431653 0.01693172 0.9992676 -0.9994109 0 -0.03432145
Visceral.endoderm ExE.endoderm 0.0004017301 0.03255751 0.008079151 0.01233909 0.0497243 0.837732 0.5314099 0.1257324 -0.1484243 0 0.9889238
Visceral.endoderm Nascent.mesoderm 0 0 0 0.01602542 0.03049211 -0.03431653 0.01693172 0.9992676 -0.9994109 0 -0.03432145
Visceral.endoderm Rostral.neurectoderm 0 0 0 0.01602542 0.05223896 -0.03431653 0.01693172 0.9992676 -0.9994109 0 -0.03432145
Visceral.endoderm Blood.progenitors.2 0 0 0 0.01602542 0.01395702 -0.03431653 0.01693172 0.9992676 -0.9994109 0 -0.03432145
Visceral.endoderm Mixed.mesoderm 0 0 0 0.01602542 0.05166342 -0.03431653 0.01693172 0.9992676 -0.9994109 0 -0.03432145
Visceral.endoderm ExE.mesoderm 0 0 0 0.01602542 0.01992233 -0.03431653 0.01693172 0.9992676 -0.9994109 0 -0.03432145
Visceral.endoderm Intermediate.mesoderm 0 0 0 0.01602542 0.04504068 -0.03431653 0.01693172 0.9992676 -0.9994109 0 -0.03432145
Visceral.endoderm Pharyngeal.mesoderm 0 0 0 0.01602542 0.0228156 -0.03431653 0.01693172 0.9992676 -0.9994109 0 -0.03432145
Visceral.endoderm Caudal.epiblast 0 0 0 0.01602542 0.04918775 -0.03431653 0.01693172 0.9992676 -0.9994109 0 -0.03432145
Visceral.endoderm PGC 0 0 0 0.01602542 0.01093983 -0.03431653 0.01693172 0.9992676 -0.9994109 0 -0.03432145
Visceral.endoderm Mesenchyme 0 0 0 0.01602542 0.05809387 -0.03431653 0.01693172 0.9992676 -0.9994109 0 -0.03432145
Visceral.endoderm Haematoendothelial.progenitors 0 0 0 0.01602542 0.09606348 -0.03431653 0.01693172 0.9992676 -0.9994109 0 -0.03432145
Visceral.endoderm Blood.progenitors.1 0 0 0 0.01602542 0.01318094 -0.03431653 0.01693172 0.9992676 -0.9994109 0 -0.03432145
Visceral.endoderm Surface.ectoderm 0 0 0 0.01602542 0.05589662 -0.03431653 0.01693172 0.9992676 -0.9994109 0 -0.03432145
Visceral.endoderm Gut 0.002301362 0.200447 0.03507271 0.01148115 0.06561689 0.9611065 0.2739625 0.03491212 -0.03630098 0 0.9993409
Visceral.endoderm Paraxial.mesoderm 0 0 0 0.01602542 0.02774503 -0.03431653 0.01693172 0.9992676 -0.9994109 0 -0.03432145
Visceral.endoderm Caudal.neurectoderm 0 0 0 0.01602542 0.03145109 -0.03431653 0.01693172 0.9992676 -0.9994109 0 -0.03432145
Visceral.endoderm Notochord 0 0 0 0.01602542 0.005750253 -0.03431653 0.01693172 0.9992676 -0.9994109 0 -0.03432145
Visceral.endoderm Somitic.mesoderm 0 0 0 0.01602542 0.02960769 -0.03431653 0.01693172 0.9992676 -0.9994109 0 -0.03432145
Visceral.endoderm Caudal.Mesoderm 0 0 0 0.01602542 0.02091286 -0.03431653 0.01693172 0.9992676 -0.9994109 0 -0.03432145
Visceral.endoderm Erythroid1 0 0 0 0.01602542 0.01955233 -0.03431653 0.01693172 0.9992676 -0.9994109 0 -0.03432145
Visceral.endoderm Def..endoderm 0 0 0 0.01602542 0.04469075 -0.03431653 0.01693172 0.9992676 -0.9994109 0 -0.03432145
Visceral.endoderm Parietal.endoderm 0 0 0 0.01602542 0.004241588 -0.03431653 0.01693172 0.9992676 -0.9994109 0 -0.03432145
Visceral.endoderm Allantois 0 0 0 0.01602542 0.01444052 -0.03431653 0.01693172 0.9992676 -0.9994109 0 -0.03432145
Visceral.endoderm Anterior.Primitive.Streak 0 0 0 0.01602542 0.01871879 -0.03431653 0.01693172 0.9992676 -0.9994109 0 -0.03432145
Visceral.endoderm Endothelium 0 0 0 0.01602542 0.01038168 -0.03431653 0.01693172 0.9992676 -0.9994109 0 -0.03432145
Visceral.endoderm Forebrain/Midbrain/Hindbrain 0 0 0 0.01602542 0.02988459 -0.03431653 0.01693172 0.9992676 -0.9994109 0 -0.03432145
Visceral.endoderm Spinal.cord 0 0 0 0.01602542 0.01599916 -0.03431653 0.01693172 0.9992676 -0.9994109 0 -0.03432145
Visceral.endoderm Cardiomyocytes 0 0 0 0.01602542 0.06554858 -0.03431653 0.01693172 0.9992676 -0.9994109 0 -0.03432145
Visceral.endoderm Erythroid2 0 0 0 0.01602542 0.009491417 -0.03431653 0.01693172 0.9992676 -0.9994109 0 -0.03432145
Visceral.endoderm NMP 0 0 0 0.01602542 0.02102408 -0.03431653 0.01693172 0.9992676 -0.9994109 0 -0.03432145
Visceral.endoderm Erythroid3 0 0 0 0.01602542 0.01216605 -0.03431653 0.01693172 0.9992676 -0.9994109 0 -0.03432145
Visceral.endoderm Neural.crest 0 0 0 0.01602542 0.008837027 -0.03431653 0.01693172 0.9992676 -0.9994109 0 -0.03432145
ExE.endoderm Nascent.mesoderm 0 0 0 0.04537329 0.03049211 -0.03431653 0.01693172 0.9992676 -0.9994109 0 -0.03432145
ExE.endoderm Rostral.neurectoderm 0 0 0 0.04537329 0.05223896 -0.03431653 0.01693172 0.9992676 -0.9994109 0 -0.03432145
ExE.endoderm Blood.progenitors.2 0 0 0 0.04537329 0.01395702 -0.03431653 0.01693172 0.9992676 -0.9994109 0 -0.03432145
ExE.endoderm Mixed.mesoderm 0 0 0 0.04537329 0.05166342 -0.03431653 0.01693172 0.9992676 -0.9994109 0 -0.03432145
ExE.endoderm ExE.mesoderm 0 0 0 0.04537329 0.01992233 -0.03431653 0.01693172 0.9992676 -0.9994109 0 -0.03432145
ExE.endoderm Intermediate.mesoderm 0 0 0 0.04537329 0.04504068 -0.03431653 0.01693172 0.9992676 -0.9994109 0 -0.03432145
ExE.endoderm Pharyngeal.mesoderm 0 0 0 0.04537329 0.0228156 -0.03431653 0.01693172 0.9992676 -0.9994109 0 -0.03432145
ExE.endoderm Caudal.epiblast 0 0 0 0.04537329 0.04918775 -0.03431653 0.01693172 0.9992676 -0.9994109 0 -0.03432145
ExE.endoderm PGC 0 0 0 0.04537329 0.01093983 -0.03431653 0.01693172 0.9992676 -0.9994109 0 -0.03432145
ExE.endoderm Mesenchyme 0 0 0 0.04537329 0.05809387 -0.03431653 0.01693172 0.9992676 -0.9994109 0 -0.03432145
ExE.endoderm Haematoendothelial.progenitors 0 0 0 0.04537329 0.09606348 -0.03431653 0.01693172 0.9992676 -0.9994109 0 -0.03432145
ExE.endoderm Blood.progenitors.1 0 0 0 0.04537329 0.01318094 -0.03431653 0.01693172 0.9992676 -0.9994109 0 -0.03432145
ExE.endoderm Surface.ectoderm 0 0 0 0.04537329 0.05589662 -0.03431653 0.01693172 0.9992676 -0.9994109 0 -0.03432145
ExE.endoderm Gut 0 0 0 0.04537329 0.03588764 -0.03431653 0.01693172 0.9992676 -0.9994109 0 -0.03432145
ExE.endoderm Paraxial.mesoderm 0 0 0 0.04537329 0.02774503 -0.03431653 0.01693172 0.9992676 -0.9994109 0 -0.03432145
ExE.endoderm Caudal.neurectoderm 0 0 0 0.04537329 0.03145109 -0.03431653 0.01693172 0.9992676 -0.9994109 0 -0.03432145
ExE.endoderm Notochord 0 0 0 0.04537329 0.005750253 -0.03431653 0.01693172 0.9992676 -0.9994109 0 -0.03432145
ExE.endoderm Somitic.mesoderm 0 0 0 0.04537329 0.02960769 -0.03431653 0.01693172 0.9992676 -0.9994109 0 -0.03432145
ExE.endoderm Caudal.Mesoderm 0 0 0 0.04537329 0.02091286 -0.03431653 0.01693172 0.9992676 -0.9994109 0 -0.03432145
ExE.endoderm Erythroid1 0 0 0 0.04537329 0.01955233 -0.03431653 0.01693172 0.9992676 -0.9994109 0 -0.03432145
ExE.endoderm Def..endoderm 0 0 0 0.04537329 0.04469075 -0.03431653 0.01693172 0.9992676 -0.9994109 0 -0.03432145
ExE.endoderm Parietal.endoderm 0 0 0 0.04537329 0.004241588 -0.03431653 0.01693172 0.9992676 -0.9994109 0 -0.03432145
ExE.endoderm Allantois 0 0 0 0.04537329 0.01444052 -0.03431653 0.01693172 0.9992676 -0.9994109 0 -0.03432145
ExE.endoderm Anterior.Primitive.Streak 0 0 0 0.04537329 0.01871879 -0.03431653 0.01693172 0.9992676 -0.9994109 0 -0.03432145
ExE.endoderm Endothelium 0 0 0 0.04537329 0.01038168 -0.03431653 0.01693172 0.9992676 -0.9994109 0 -0.03432145
ExE.endoderm Forebrain/Midbrain/Hindbrain 0 0 0 0.04512344 0.02971412 0.04742682 0.01380628 0.9987793 -0.9988745 0 0.04743133
ExE.endoderm Spinal.cord 0 0 0 0.04537329 0.01599916 -0.03431653 0.01693172 0.9992676 -0.9994109 0 -0.03432145
ExE.endoderm Cardiomyocytes 0 0 0 0.04537329 0.06554858 -0.03431653 0.01693172 0.9992676 -0.9994109 0 -0.03432145
ExE.endoderm Erythroid2 0 0 0 0.04537329 0.009491417 -0.03431653 0.01693172 0.9992676 -0.9994109 0 -0.03432145
ExE.endoderm NMP 0 0 0 0.04537329 0.02102408 -0.03431653 0.01693172 0.9992676 -0.9994109 0 -0.03432145
ExE.endoderm Erythroid3 0 0 0 0.04537329 0.01216605 -0.03431653 0.01693172 0.9992676 -0.9994109 0 -0.03432145
ExE.endoderm Neural.crest 0 0 0 0.04656601 0.008926485 0.09383775 0.2090669 0.9733887 -0.9953853 0 0.09595829
Nascent.mesoderm Rostral.neurectoderm 0.0005998212 0.0262306 0.012309 0.02286723 0.04873031 -0.06731362 0.2910209 0.9543457 -0.9975217 0 -0.07035898
Nascent.mesoderm Blood.progenitors.2 0 0 0 0.03049211 0.01395702 -0.03431653 0.01693172 0.9992676 -0.9994109 0 -0.03432145
Nascent.mesoderm Mixed.mesoderm 0.01563262 0.5424194 0.3213073 0.02882017 0.04865316 -0.4045722 0.265083 0.8752441 -0.9077172 0 -0.4195826
Nascent.mesoderm ExE.mesoderm 0.0003272784 0.009339553 0.01489586 0.03504219 0.0219711 -0.6987849 0.1690549 0.6950684 -0.7052189 0 -0.7089897
Nascent.mesoderm Intermediate.mesoderm 0.00515608 0.2419394 0.1269745 0.02131145 0.04060721 -0.1499461 0.4216239 0.8942871 -0.9862328 0 -0.1653627
Nascent.mesoderm Pharyngeal.mesoderm 0 0 0 0.03648746 0.02655528 -0.5963449 0.01955031 0.8024902 -0.8026436 0 -0.5964589
Nascent.mesoderm Caudal.epiblast 0.003580661 0.1604564 0.0921625 0.02231548 0.03885161 0.2930611 0.4052366 0.8659668 -0.9472277 0 0.3205615
Nascent.mesoderm PGC 0.0005585946 0.02192827 0.06238509 0.02547372 0.008953976 -0.2569189 0.2797809 0.9250488 -0.9635284 0 -0.267606
Nascent.mesoderm Mesenchyme 0.0022018 0.05878872 0.02221052 0.03745276 0.09913323 -0.9692079 0.1036025 0.2233887 -0.2245973 0 -0.9744517
Nascent.mesoderm Haematoendothelial.progenitors 0.006296645 0.1841814 0.09073728 0.0341872 0.06939425 -0.6284021 0.1389349 0.7653809 -0.7728766 0 -0.6345564
Nascent.mesoderm Blood.progenitors.1 0 0 0 0.0298522 0.01465236 0.1077844 0.05883846 0.9924316 -0.994154 0 0.1079714
Nascent.mesoderm Surface.ectoderm 0 0 0 0.02286723 0.03760693 -0.06731362 0.2910209 0.9543457 -0.9975217 0 -0.07035898
Nascent.mesoderm Gut 0.001739383 0.0594631 0.08298461 0.02925147 0.02096031 0.203372 0.6988065 0.685791 -0.9587316 0 0.2843127
Nascent.mesoderm Paraxial.mesoderm 0 0 0 0.03049211 0.02774503 -0.03431653 0.01693172 0.9992676 -0.9994109 0 -0.03432145
Nascent.mesoderm Caudal.neurectoderm 0 0 0 0.03049211 0.03145109 -0.03431653 0.01693172 0.9992676 -0.9994109 0 -0.03432145
Nascent.mesoderm Notochord 0 0 0 0.03049211 0.005750253 -0.03431653 0.01693172 0.9992676 -0.9994109 0 -0.03432145
Nascent.mesoderm Somitic.mesoderm 0.0008397815 0.03689502 0.03232734 0.02276138 0.02597744 -0.108773 0.5709878 0.8137207 -0.9911836 0 -0.1324951
Nascent.mesoderm Caudal.Mesoderm 0.0003289155 0.01496305 0.01512956 0.02198186 0.02173993 -0.1059383 0.3307763 0.9377441 -0.9936792 0 -0.1122573
Nascent.mesoderm Erythroid1 0 0 0 0.03049211 0.01955233 -0.03431653 0.01693172 0.9992676 -0.9994109 0 -0.03432145
Nascent.mesoderm Def..endoderm 0.002151422 0.08670165 0.05552023 0.02481408 0.03875023 0.4999513 0.3862597 0.7751465 -0.8403674 0 0.5420173
Nascent.mesoderm Parietal.endoderm 0 0 0 0.03049211 0.004241588 -0.03431653 0.01693172 0.9992676 -0.9994109 0 -0.03432145
Nascent.mesoderm Allantois 0 0 0 0.03049211 0.01444052 -0.03431653 0.01693172 0.9992676 -0.9994109 0 -0.03432145
Nascent.mesoderm Anterior.Primitive.Streak 0.003276665 0.1114928 0.3265739 0.02938903 0.01003346 -0.2666316 0.6959559 0.666748 -0.9285092 0 -0.3713095
Nascent.mesoderm Endothelium 0 0 0 0.03049211 0.01038168 -0.03431653 0.01693172 0.9992676 -0.9994109 0 -0.03432145
Nascent.mesoderm Forebrain/Midbrain/Hindbrain 0 0 0 0.03049211 0.02988459 -0.03431653 0.01693172 0.9992676 -0.9994109 0 -0.03432145
Nascent.mesoderm Spinal.cord 0 0 0 0.03049211 0.01599916 -0.03431653 0.01693172 0.9992676 -0.9994109 0 -0.03432145
Nascent.mesoderm Cardiomyocytes 0 0 0 0.03049211 0.06554858 -0.03431653 0.01693172 0.9992676 -0.9994109 0 -0.03432145
Nascent.mesoderm Erythroid2 0 0 0 0.03049211 0.009491417 -0.03431653 0.01693172 0.9992676 -0.9994109 0 -0.03432145
Nascent.mesoderm NMP 0 0 0 0.03049211 0.02102408 -0.03431653 0.01693172 0.9992676 -0.9994109 0 -0.03432145
Nascent.mesoderm Erythroid3 0 0 0 0.03049211 0.01216605 -0.03431653 0.01693172 0.9992676 -0.9994109 0 -0.03432145
Nascent.mesoderm Neural.crest 0 0 0 0.03049211 0.008837027 -0.03431653 0.01693172 0.9992676 -0.9994109 0 -0.03432145
Rostral.neurectoderm Blood.progenitors.2 0 0 0 0.05603784 0.01347493 0.04742682 0.01380628 0.9987793 -0.9988745 0 0.04743133
Rostral.neurectoderm Mixed.mesoderm 0.002868299 0.03824434 0.09410788 0.07499931 0.03047884 -0.8359823 0.523119 0.1657714 -0.1945082 0 -0.9809009
Rostral.neurectoderm ExE.mesoderm 0 0 0 0.06829538 0.0218716 0.3547372 0.01683701 0.9348145 -0.934947 0 0.3547874
Rostral.neurectoderm Intermediate.mesoderm 5.943479E-05 0.001451678 0.001227329 0.04094213 0.04842614 0.3126585 0.1656906 -0.9353028 0.9484119 0 0.3170407
Rostral.neurectoderm Pharyngeal.mesoderm 0 0 0 0.05223896 0.0228156 -0.03431653 0.01693172 0.9992676 -0.9994109 0 -0.03432145
Rostral.neurectoderm Caudal.epiblast 0.02296791 0.2663223 0.816362 0.08624103 0.02813447 -0.8593448 0.3274403 -0.3928223 0.4157414 0 -0.9094829
Rostral.neurectoderm PGC 0.002158538 0.03419865 0.1780294 0.06311763 0.01212462 0.1575373 0.8832479 0.4416504 -0.9418736 0 0.3359675
Rostral.neurectoderm Mesenchyme 0.0009461241 0.01450287 0.02030349 0.06523704 0.04659908 0.2784847 0.9063991 0.317627 -0.751918 0 0.6592566
Rostral.neurectoderm Haematoendothelial.progenitors 0.006022659 0.116198 0.0966147 0.05183102 0.06233687 -0.6016312 0.4004183 0.6911621 -0.75427 0 -0.6565644
Rostral.neurectoderm Blood.progenitors.1 0 0 0 0.05632511 0.01428233 0.05644158 0.06422738 0.9963379 -0.9983993 0 0.05655836
Rostral.neurectoderm Surface.ectoderm 0.01701499 0.3409111 0.4561817 0.04991036 0.03729872 0.003944125 0.4551992 0.8903809 -0.9999902 0 0.004429662
Rostral.neurectoderm Gut 0.00172833 0.03357842 0.06084048 0.05147146 0.02840757 0.03002312 0.5034109 0.8635254 -0.9993961 0 0.03474709
Rostral.neurectoderm Paraxial.mesoderm 0 0 0 0.05223896 0.02774503 -0.03431653 0.01693172 0.9992676 -0.9994109 0 -0.03432145
Rostral.neurectoderm Caudal.neurectoderm 0.005680216 0.08272997 0.281959 0.06865972 0.02014554 -0.5417745 0.8405051 -0.005615248 0.01036399 0 -0.9999463
Rostral.neurectoderm Notochord 0 0 0 0.05223896 0.005750253 -0.03431653 0.01693172 0.9992676 -0.9994109 0 -0.03432145
Rostral.neurectoderm Somitic.mesoderm 0 0 0 0.0451284 0.02836231 -0.4001794 0.01801315 0.9162598 -0.9164084 0 -0.4002444
Rostral.neurectoderm Caudal.Mesoderm 0.003783201 0.0599585 0.2228467 0.063097 0.0169767 -0.3499697 0.8192015 -0.4543458 0.7922253 0 -0.6102288
Rostral.neurectoderm Erythroid1 0 0 0 0.05846595 0.0187264 0.1193396 0.1608564 0.9797363 -0.992663 0 0.1209141
Rostral.neurectoderm Def..endoderm 0.006882148 0.103321 0.2458494 0.06660938 0.02799335 0.275734 0.9393683 0.2038574 -0.594493 0 0.8041008
Rostral.neurectoderm Parietal.endoderm 0 0 0 0.05223896 0.004241588 -0.03431653 0.01693172 0.9992676 -0.9994109 0 -0.03432145
Rostral.neurectoderm Allantois 0 0 0 0.04482112 0.01794359 -0.2801453 0.02150143 0.9597168 -0.9599388 0 -0.28021
Rostral.neurectoderm Anterior.Primitive.Streak 0 0 0 0.05223896 0.01871879 -0.03431653 0.01693172 0.9992676 -0.9994109 0 -0.03432145
Rostral.neurectoderm Endothelium 0 0 0 0.06072794 0.009962549 0.1929392 0.234078 0.9528809 -0.9801105 0 0.1984527
Rostral.neurectoderm Forebrain/Midbrain/Hindbrain 0.008330142 0.1536694 0.3567231 0.05420819 0.02335184 0.04811664 0.6070405 0.7932129 -0.9981652 0 0.06054914
Rostral.neurectoderm Spinal.cord 0.002041637 0.03935771 0.1352595 0.05187389 0.01509422 -0.5536234 0.4388299 0.7077637 -0.7876554 0 -0.616116
Rostral.neurectoderm Cardiomyocytes 0 0 0 0.05223896 0.06554858 -0.03431653 0.01693172 0.9992676 -0.9994109 0 -0.03432145
Rostral.neurectoderm Erythroid2 0 0 0 0.04557944 0.009668143 -0.163272 0.004171492 0.9865723 -0.9865808 0 -0.1632735
Rostral.neurectoderm NMP 0 0 0 0.0451284 0.01754526 -0.4001794 0.01801315 0.9162598 -0.9164084 0 -0.4002444
Rostral.neurectoderm Erythroid3 0 0 0 0.05223896 0.01216605 -0.03431653 0.01693172 0.9992676 -0.9994109 0 -0.03432145
Rostral.neurectoderm Neural.crest 0 0 0 0.05223896 0.008837027 -0.03431653 0.01693172 0.9992676 -0.9994109 0 -0.03432145
Blood.progenitors.2 Mixed.mesoderm 0 0 0 0.01395702 0.05166342 -0.03431653 0.01693172 0.9992676 -0.9994109 0 -0.03432145
Blood.progenitors.2 ExE.mesoderm 0 0 0 0.01395702 0.01992233 -0.03431653 0.01693172 0.9992676 -0.9994109 0 -0.03432145
Blood.progenitors.2 Intermediate.mesoderm 0 0 0 0.01395702 0.04504068 -0.03431653 0.01693172 0.9992676 -0.9994109 0 -0.03432145
Blood.progenitors.2 Pharyngeal.mesoderm 0 0 0 0.01395702 0.0228156 -0.03431653 0.01693172 0.9992676 -0.9994109 0 -0.03432145
Blood.progenitors.2 Caudal.epiblast 0 0 0 0.01382213 0.04729182 0.1077844 0.05883846 0.9924316 -0.994154 0 0.1079714
Blood.progenitors.2 PGC 0 0 0 0.01395702 0.01093983 -0.03431653 0.01693172 0.9992676 -0.9994109 0 -0.03432145
Blood.progenitors.2 Mesenchyme 0 0 0 0.01459159 0.05213202 0.0169663 0.1090042 0.9938965 -0.9998543 0 0.017068
Blood.progenitors.2 Haematoendothelial.progenitors 0 0 0 0.01395702 0.09606348 -0.03431653 0.01693172 0.9992676 -0.9994109 0 -0.03432145
Blood.progenitors.2 Blood.progenitors.1 0.0009634649 0.06637243 0.1638577 0.01451604 0.00587989 -0.8359823 0.523119 0.1657714 -0.1945082 0 -0.9809009
Blood.progenitors.2 Surface.ectoderm 0 0 0 0.01316973 0.07267889 0.3547372 0.01683701 0.9348145 -0.934947 0 0.3547874
Blood.progenitors.2 Gut 0 0 0 0.0129878 0.04374709 0.2073021 0.003277564 0.9782715 -0.9782767 0 0.2073032
Blood.progenitors.2 Paraxial.mesoderm 0 0 0 0.01395702 0.02774503 -0.03431653 0.01693172 0.9992676 -0.9994109 0 -0.03432145
Blood.progenitors.2 Caudal.neurectoderm 0 0 0 0.01395702 0.03145109 -0.03431653 0.01693172 0.9992676 -0.9994109 0 -0.03432145
Blood.progenitors.2 Notochord 0 0 0 0.01455472 0.005922929 -0.1153257 0.02846082 0.9929199 -0.9933223 0 -0.1153724
Blood.progenitors.2 Somitic.mesoderm 0 0 0 0.01395702 0.02960769 -0.03431653 0.01693172 0.9992676 -0.9994109 0 -0.03432145
Blood.progenitors.2 Caudal.Mesoderm 0 0 0 0.01395702 0.02091286 -0.03431653 0.01693172 0.9992676 -0.9994109 0 -0.03432145
Blood.progenitors.2 Erythroid1 0.001728672 0.08519903 0.1332536 0.0202898 0.01297279 0.3505518 0.8748741 0.3342285 -0.6900552 0 0.7237567
Blood.progenitors.2 Def..endoderm 0 0 0 0.01448062 0.04175746 0.23438 0.1128214 0.9655762 -0.9717807 0 0.2358861
Blood.progenitors.2 Parietal.endoderm 0 0 0 0.01395702 0.004241588 -0.03431653 0.01693172 0.9992676 -0.9994109 0 -0.03432145
Blood.progenitors.2 Allantois 0 0 0 0.01395702 0.01444052 -0.03431653 0.01693172 0.9992676 -0.9994109 0 -0.03432145
Blood.progenitors.2 Anterior.Primitive.Streak 0 0 0 0.0146485 0.01819549 0.06822697 0.1235493 0.9899902 -0.9976337 0 0.06875373
Blood.progenitors.2 Endothelium 0 0 0 0.01395702 0.01038168 -0.03431653 0.01693172 0.9992676 -0.9994109 0 -0.03432145
Blood.progenitors.2 Forebrain/Midbrain/Hindbrain 0 0 0 0.01395702 0.02988459 -0.03431653 0.01693172 0.9992676 -0.9994109 0 -0.03432145
Blood.progenitors.2 Spinal.cord 0 0 0 0.01395702 0.01599916 -0.03431653 0.01693172 0.9992676 -0.9994109 0 -0.03432145
Blood.progenitors.2 Cardiomyocytes 0 0 0 0.01395702 0.06554858 -0.03431653 0.01693172 0.9992676 -0.9994109 0 -0.03432145
Blood.progenitors.2 Erythroid2 0 0 0 0.01395702 0.009491417 -0.03431653 0.01693172 0.9992676 -0.9994109 0 -0.03432145
Blood.progenitors.2 NMP 0 0 0 0.01395702 0.02102408 -0.03431653 0.01693172 0.9992676 -0.9994109 0 -0.03432145
Blood.progenitors.2 Erythroid3 0 0 0 0.01395702 0.01216605 -0.03431653 0.01693172 0.9992676 -0.9994109 0 -0.03432145
Blood.progenitors.2 Neural.crest 0 0 0 0.01395702 0.008837027 -0.03431653 0.01693172 0.9992676 -0.9994109 0 -0.03432145
Mixed.mesoderm ExE.mesoderm 0.00842315 0.1785604 0.3805154 0.04717255 0.02213616 -0.2993055 0.2451785 -0.9221191 0.9511502 0 -0.3087285
Mixed.mesoderm Intermediate.mesoderm 0.01266583 0.4577959 0.3305386 0.02766697 0.03831876 -0.6352243 0.7631969 0.1184082 -0.1832473 0 -0.9830669
Mixed.mesoderm Pharyngeal.mesoderm 0.002524171 0.06049588 0.1168357 0.04172467 0.02160444 -0.5025507 0.4764175 -0.7214355 0.8205411 0 -0.5715876
Mixed.mesoderm Caudal.epiblast 0.0007462235 0.02413069 0.02405447 0.03092425 0.03102224 -0.7682556 0.5404834 -0.3430176 0.4076968 0 -0.9131174
Mixed.mesoderm PGC 0.003788431 0.07869861 0.400399 0.04813847 0.009461639 -0.1625286 0.1886289 0.9685059 -0.9862099 0 -0.1654996
Mixed.mesoderm Mesenchyme 0.009119011 0.1498744 0.3036078 0.06084436 0.0300355 0.3363048 0.7215278 0.6052246 -0.874115 0 0.4857189
Mixed.mesoderm Haematoendothelial.progenitors 0.01403971 0.4438676 0.1689182 0.0316304 0.08311546 -0.6500318 0.7264806 -0.2229004 0.3243665 0 -0.9459316
Mixed.mesoderm Blood.progenitors.1 0 0 0 0.05166342 0.01318094 -0.03431653 0.01693172 0.9992676 -0.9994109 0 -0.03432145
Mixed.mesoderm Surface.ectoderm 0.006839118 0.14928 0.1891795 0.04581403 0.03615148 -0.3793226 0.3284909 0.8649902 -0.9158112 0 -0.401609
Mixed.mesoderm Gut 0.005151043 0.1079488 0.1494952 0.04771745 0.03445623 0.0169663 0.1090042 0.9938965 -0.9998543 0 0.017068
Mixed.mesoderm Paraxial.mesoderm 0.001870966 0.03472155 0.1202065 0.05388487 0.0155646 -0.7931299 0.1817598 0.5812988 -0.5911456 0 -0.8065649
Mixed.mesoderm Caudal.neurectoderm 0 0 0 0.05273145 0.02115062 0.4198326 0.2838877 0.8620605 -0.8990496 0 0.4378467
Mixed.mesoderm Notochord 0 0 0 0.05166342 0.005750253 -0.03431653 0.01693172 0.9992676 -0.9994109 0 -0.03432145
Mixed.mesoderm Somitic.mesoderm 5.722068E-05 0.001902508 0.004742928 0.03007645 0.01206442 -0.7431031 0.6344914 -0.2126465 0.2751174 0 -0.9614106
Mixed.mesoderm Caudal.Mesoderm 0.00597947 0.190101 0.3456406 0.03145418 0.01729967 -0.7708513 0.5063848 -0.3864746 0.4481865 0 -0.89394
Mixed.mesoderm Erythroid1 0 0 0 0.05166342 0.01955233 -0.03431653 0.01693172 0.9992676 -0.9994109 0 -0.03432145
Mixed.mesoderm Def..endoderm 0 0 0 0.05705978 0.0423613 0.9392399 0.05321702 0.3391114 -0.3395925 0 0.9405726
Mixed.mesoderm Parietal.endoderm 0 0 0 0.05166342 0.004241588 -0.03431653 0.01693172 0.9992676 -0.9994109 0 -0.03432145
Mixed.mesoderm Allantois 0 0 0 0.06215219 0.02276365 -0.7248717 0.01499496 0.6887207 -0.6887981 0 -0.7249532
Mixed.mesoderm Anterior.Primitive.Streak 0 0 0 0.05166342 0.01871879 -0.03431653 0.01693172 0.9992676 -0.9994109 0 -0.03432145
Mixed.mesoderm Endothelium 0 0 0 0.05166342 0.01038168 -0.03431653 0.01693172 0.9992676 -0.9994109 0 -0.03432145
Mixed.mesoderm Forebrain/Midbrain/Hindbrain 0 0 0 0.05963184 0.03065552 -0.4001794 0.01801315 0.9162598 -0.9164084 0 -0.4002444
Mixed.mesoderm Spinal.cord 0 0 0 0.05963184 0.01551219 -0.4001794 0.01801315 0.9162598 -0.9164084 0 -0.4002444
Mixed.mesoderm Cardiomyocytes 0 0 0 0.04835637 0.0616006 0.06822697 0.1235493 0.9899902 -0.9976337 0 0.06875373
Mixed.mesoderm Erythroid2 0 0 0 0.04771745 0.00983558 0.0169663 0.1090042 0.9938965 -0.9998543 0 0.017068
Mixed.mesoderm NMP 0.004342788 0.1059652 0.3784692 0.04098317 0.01147461 -0.3367673 0.8663158 0.3688965 -0.7385366 0 -0.6742134
Mixed.mesoderm Erythroid3 0 0 0 0.0574301 0.01348875 -0.2801453 0.02150143 0.9597168 -0.9599388 0 -0.28021
Mixed.mesoderm Neural.crest 0 0 0 0.05166342 0.008837027 -0.03431653 0.01693172 0.9992676 -0.9994109 0 -0.03432145
ExE.mesoderm Intermediate.mesoderm 0.008568475 0.3514962 0.1491279 0.02437715 0.05745722 0.6857941 0.7238243 0.07592774 -0.1100427 0 0.9939268
ExE.mesoderm Pharyngeal.mesoderm 0.0007899021 0.03617651 0.02868718 0.02183467 0.02753503 0.7407055 0.4800864 -0.4699706 0.5357493 0 0.8443772
ExE.mesoderm Caudal.epiblast 0 0 0 0.02106295 0.04746576 -0.6510513 0.0009098255 0.7590332 -0.7590335 0 -0.6510516
ExE.mesoderm PGC 5.577615E-07 2.826342E-05 4.670418E-05 0.0197344 0.01194243 0.3608508 0.6044796 -0.710205 0.8915222 0 0.452977
ExE.mesoderm Mesenchyme 0.007496623 0.3170519 0.1186517 0.02364478 0.06318177 -0.5173445 0.05113757 -0.854248 0.8553671 0 -0.5180222
ExE.mesoderm Haematoendothelial.progenitors 0.008962954 0.3223526 0.08110369 0.02780482 0.1105123 0.02749461 0.7712104 0.6359863 -0.9990668 0 0.04319112
ExE.mesoderm Blood.progenitors.1 0 0 0 0.01992233 0.01318094 -0.03431653 0.01693172 0.9992676 -0.9994109 0 -0.03432145
ExE.mesoderm Surface.ectoderm 0.002038345 0.09475497 0.05036101 0.02151175 0.04047467 -0.03449543 0.2367942 0.9709473 -0.9993695 0 -0.03550521
ExE.mesoderm Gut 0.001811462 0.06549367 0.0965483 0.02765859 0.01876224 0.05783264 0.9225199 0.3815918 -0.9887094 0 0.1498451
ExE.mesoderm Paraxial.mesoderm 0 0 0 0.01992233 0.02774503 -0.03431653 0.01693172 0.9992676 -0.9994109 0 -0.03432145
ExE.mesoderm Caudal.neurectoderm 0.002388369 0.08770573 0.1740486 0.02723162 0.01372243 -0.3760676 0.8378267 0.395752 -0.7249051 0 -0.6888489
ExE.mesoderm Notochord 0 0 0 0.01992233 0.005750253 -0.03431653 0.01693172 0.9992676 -0.9994109 0 -0.03432145
ExE.mesoderm Somitic.mesoderm 0.0003110032 0.01328533 0.0134256 0.02340952 0.02316495 0.6144435 0.7870801 -0.05444341 0.08826026 0 0.9960974
ExE.mesoderm Caudal.Mesoderm 0 0 0 0.02295743 0.01768249 0.4518901 0.03573929 0.8913574 -0.8919272 0 0.452179
ExE.mesoderm Erythroid1 0 0 0 0.01992233 0.01955233 -0.03431653 0.01693172 0.9992676 -0.9994109 0 -0.03432145
ExE.mesoderm Def..endoderm 0 0 0 0.01979312 0.05058597 -0.4001794 0.01801315 0.9162598 -0.9164084 0 -0.4002444
ExE.mesoderm Parietal.endoderm 0 0 0 0.01992233 0.004241588 -0.03431653 0.01693172 0.9992676 -0.9994109 0 -0.03432145
ExE.mesoderm Allantois 0.003810698 0.1771646 0.1686719 0.02150936 0.02259237 -0.6155481 0.2255744 0.755127 -0.7751045 0 -0.631833
ExE.mesoderm Anterior.Primitive.Streak 0 0 0 0.01992233 0.01871879 -0.03431653 0.01693172 0.9992676 -0.9994109 0 -0.03432145
ExE.mesoderm Endothelium 0 0 0 0.01992233 0.01038168 -0.03431653 0.01693172 0.9992676 -0.9994109 0 -0.03432145
ExE.mesoderm Forebrain/Midbrain/Hindbrain 0 0 0 0.01992233 0.02988459 -0.03431653 0.01693172 0.9992676 -0.9994109 0 -0.03432145
ExE.mesoderm Spinal.cord 0 0 0 0.01992233 0.01599916 -0.03431653 0.01693172 0.9992676 -0.9994109 0 -0.03432145
ExE.mesoderm Cardiomyocytes 0.001753878 0.06668636 0.1249193 0.0263004 0.01404008 -0.441782 0.731206 0.5197754 -0.761959 0 -0.6476254
ExE.mesoderm Erythroid2 0 0 0 0.01992233 0.009491417 -0.03431653 0.01693172 0.9992676 -0.9994109 0 -0.03432145
ExE.mesoderm NMP 0 0 0 0.01992233 0.02102408 -0.03431653 0.01693172 0.9992676 -0.9994109 0 -0.03432145
ExE.mesoderm Erythroid3 0 0 0 0.01992233 0.01216605 -0.03431653 0.01693172 0.9992676 -0.9994109 0 -0.03432145
ExE.mesoderm Neural.crest 0 0 0 0.01992233 0.008837027 -0.03431653 0.01693172 0.9992676 -0.9994109 0 -0.03432145
Intermediate.mesoderm Pharyngeal.mesoderm 0.002946554 0.06477899 0.1339255 0.04548626 0.02200145 -0.273258 0.4394151 -0.8557129 0.9526082 0 -0.3041999
Intermediate.mesoderm Caudal.epiblast 0.002634029 0.05996864 0.08413639 0.04392345 0.03130666 -0.7901006 0.5684948 -0.229248 0.2786577 0 -0.9603905
Intermediate.mesoderm PGC 0.0007246068 0.0162921 0.066439 0.04447597 0.01090635 0.07571365 0.1062274 -0.9914551 0.9970968 0 0.07614449
Intermediate.mesoderm Mesenchyme 0.001591019 0.03077958 0.0529713 0.05169074 0.0300355 0.3363048 0.7215278 0.6052246 -0.874115 0 0.4857189
Intermediate.mesoderm Haematoendothelial.progenitors 0.0118499 0.3558202 0.1834611 0.03330307 0.06459083 -0.4112755 0.7667348 0.49292 -0.7678313 0 -0.6406521
Intermediate.mesoderm Blood.progenitors.1 0 0 0 0.04504068 0.01318094 -0.03431653 0.01693172 0.9992676 -0.9994109 0 -0.03432145
Intermediate.mesoderm Surface.ectoderm 0.0008489098 0.02326292 0.01897653 0.03649198 0.04473472 -0.4505797 0.4979419 0.7409668 -0.8544257 0 -0.5195737
Intermediate.mesoderm Gut 0.002097859 0.04954975 0.09706808 0.04233843 0.02161224 0.0491307 0.7320812 0.6794434 -0.9973958 0 0.07212191
Intermediate.mesoderm Paraxial.mesoderm 0.002331222 0.03833334 0.1082427 0.06081448 0.02153699 0.7932578 0.3743346 -0.4802245 0.5178775 0 0.8554547
Intermediate.mesoderm Caudal.neurectoderm 0.008165554 0.232223 0.6867644 0.03516256 0.01188989 -0.2393094 0.7863266 0.5695801 -0.9219325 0 -0.3873504
Intermediate.mesoderm Notochord 0 0 0 0.04504068 0.005750253 -0.03431653 0.01693172 0.9992676 -0.9994109 0 -0.03432145
Intermediate.mesoderm Somitic.mesoderm 0.01109762 0.2715301 0.6131011 0.04087067 0.0181008 -0.7341484 0.6233062 0.2692871 -0.3443666 0 -0.9388353
Intermediate.mesoderm Caudal.Mesoderm 0.009941954 0.2220826 0.5764445 0.04476692 0.01724703 -0.7326671 0.5713081 -0.369873 0.4506603 0 -0.8926955
Intermediate.mesoderm Erythroid1 0 0 0 0.04504068 0.01955233 -0.03431653 0.01693172 0.9992676 -0.9994109 0 -0.03432145
Intermediate.mesoderm Def..endoderm 0.0005863436 0.01482003 0.0141699 0.03956427 0.04137952 -0.361742 0.9042685 -0.2268066 0.5312074 0 -0.8472418
Intermediate.mesoderm Parietal.endoderm 0 0 0 0.04504068 0.004241588 -0.03431653 0.01693172 0.9992676 -0.9994109 0 -0.03432145
Intermediate.mesoderm Allantois 0 0 0 0.04726825 0.02281094 -0.6800094 0.128114 0.7219238 -0.7279223 0 -0.6856596
Intermediate.mesoderm Anterior.Primitive.Streak 0 0 0 0.04504068 0.01871879 -0.03431653 0.01693172 0.9992676 -0.9994109 0 -0.03432145
Intermediate.mesoderm Endothelium 0 0 0 0.04504068 0.01038168 -0.03431653 0.01693172 0.9992676 -0.9994109 0 -0.03432145
Intermediate.mesoderm Forebrain/Midbrain/Hindbrain 0 0 0 0.04504068 0.02988459 -0.03431653 0.01693172 0.9992676 -0.9994109 0 -0.03432145
Intermediate.mesoderm Spinal.cord 0 0 0 0.04504068 0.01599916 -0.03431653 0.01693172 0.9992676 -0.9994109 0 -0.03432145
Intermediate.mesoderm Cardiomyocytes 0.0004714499 0.01401058 0.03357886 0.03364957 0.01404008 -0.441782 0.731206 0.5197754 -0.761959 0 -0.6476254
Intermediate.mesoderm Erythroid2 0 0 0 0.04550823 0.009323065 0.04742682 0.01380628 0.9987793 -0.9988745 0 0.04743133
Intermediate.mesoderm NMP 0.006037915 0.1183207 0.4022579 0.05103009 0.01501006 -0.8640565 0.1866084 0.4675292 -0.4758886 0 -0.8795056
Intermediate.mesoderm Erythroid3 0 0 0 0.04518305 0.01238347 -0.01288601 0.06498964 0.9978027 -0.9999166 0 -0.01291331
Intermediate.mesoderm Neural.crest 0 0 0 0.04504068 0.008837027 -0.03431653 0.01693172 0.9992676 -0.9994109 0 -0.03432145
Pharyngeal.mesoderm Caudal.epiblast 0 0 0 0.0228156 0.04918775 -0.03431653 0.01693172 0.9992676 -0.9994109 0 -0.03432145
Pharyngeal.mesoderm PGC 0 0 0 0.0228156 0.01093983 -0.03431653 0.01693172 0.9992676 -0.9994109 0 -0.03432145
Pharyngeal.mesoderm Mesenchyme 0.00353442 0.1501657 0.1192004 0.0235368 0.02965106 0.3885726 0.6799585 0.6218262 -0.8480405 0 0.5299315
Pharyngeal.mesoderm Haematoendothelial.progenitors 0.005653759 0.251313 0.05758388 0.02249688 0.09818302 -0.4250662 0.7447864 -0.5144044 0.7708709 0 -0.6369914
Pharyngeal.mesoderm Blood.progenitors.1 0 0 0 0.0228156 0.01318094 -0.03431653 0.01693172 0.9992676 -0.9994109 0 -0.03432145
Pharyngeal.mesoderm Surface.ectoderm 0 0 0 0.0228156 0.05589662 -0.03431653 0.01693172 0.9992676 -0.9994109 0 -0.03432145
Pharyngeal.mesoderm Gut 0.001237808 0.05213755 0.03211356 0.02374121 0.03854473 0.05917337 0.2712319 -0.9606934 0.9981084 0 0.06147793
Pharyngeal.mesoderm Paraxial.mesoderm 0.004724325 0.1878027 0.2941878 0.02515578 0.01605887 -0.6640544 0.5336565 0.5236816 -0.6192277 0 -0.7852115
Pharyngeal.mesoderm Caudal.neurectoderm 0 0 0 0.0228156 0.03145109 -0.03431653 0.01693172 0.9992676 -0.9994109 0 -0.03432145
Pharyngeal.mesoderm Notochord 0 0 0 0.0228156 0.005750253 -0.03431653 0.01693172 0.9992676 -0.9994109 0 -0.03432145
Pharyngeal.mesoderm Somitic.mesoderm 0 0 0 0.02290352 0.02324323 0.6796491 0.2641491 0.6843262 -0.7095273 0 0.704678
Pharyngeal.mesoderm Caudal.Mesoderm 0 0 0 0.0228156 0.02091286 -0.03431653 0.01693172 0.9992676 -0.9994109 0 -0.03432145
Pharyngeal.mesoderm Erythroid1 0 0 0 0.0228156 0.01955233 -0.03431653 0.01693172 0.9992676 -0.9994109 0 -0.03432145
Pharyngeal.mesoderm Def..endoderm 0 0 0 0.0228156 0.04469075 -0.03431653 0.01693172 0.9992676 -0.9994109 0 -0.03432145
Pharyngeal.mesoderm Parietal.endoderm 0 0 0 0.0228156 0.004241588 -0.03431653 0.01693172 0.9992676 -0.9994109 0 -0.03432145
Pharyngeal.mesoderm Allantois 0 0 0 0.0228156 0.01444052 -0.03431653 0.01693172 0.9992676 -0.9994109 0 -0.03432145
Pharyngeal.mesoderm Anterior.Primitive.Streak 0 0 0 0.0228156 0.01871879 -0.03431653 0.01693172 0.9992676 -0.9994109 0 -0.03432145
Pharyngeal.mesoderm Endothelium 0 0 0 0.0228156 0.01038168 -0.03431653 0.01693172 0.9992676 -0.9994109 0 -0.03432145
Pharyngeal.mesoderm Forebrain/Midbrain/Hindbrain 0 0 0 0.0228156 0.02988459 -0.03431653 0.01693172 0.9992676 -0.9994109 0 -0.03432145
Pharyngeal.mesoderm Spinal.cord 0 0 0 0.0228156 0.01599916 -0.03431653 0.01693172 0.9992676 -0.9994109 0 -0.03432145
Pharyngeal.mesoderm Cardiomyocytes 0.001078047 0.04878136 0.07009581 0.02209956 0.01537962 -0.236237 0.833621 0.4992675 -0.9039186 0 -0.4277045
Pharyngeal.mesoderm Erythroid2 0 0 0 0.0228156 0.009491417 -0.03431653 0.01693172 0.9992676 -0.9994109 0 -0.03432145
Pharyngeal.mesoderm NMP 0 0 0 0.0228156 0.02102408 -0.03431653 0.01693172 0.9992676 -0.9994109 0 -0.03432145
Pharyngeal.mesoderm Erythroid3 0 0 0 0.0228156 0.01216605 -0.03431653 0.01693172 0.9992676 -0.9994109 0 -0.03432145
Pharyngeal.mesoderm Neural.crest 0 0 0 0.0228156 0.008837027 -0.03431653 0.01693172 0.9992676 -0.9994109 0 -0.03432145
Caudal.epiblast PGC 0.004363314 0.1253259 0.2613438 0.03481575 0.01669568 -0.3574097 0.9270819 -0.1130372 0.301546 0 -0.9534517
Caudal.epiblast Mesenchyme 0 0 0 0.04394766 0.0527764 0.3547372 0.01683701 0.9348145 -0.934947 0 0.3547874
Caudal.epiblast Haematoendothelial.progenitors 0.01043703 0.2664883 0.1615869 0.03916506 0.06459083 -0.4112755 0.7667348 0.49292 -0.7678313 0 -0.6406521
Caudal.epiblast Blood.progenitors.1 0 0 0 0.04721414 0.01466137 0.1493689 0.02250491 0.9885254 -0.9887758 0 0.1494068
Caudal.epiblast Surface.ectoderm 0.01756016 0.6241512 0.1683499 0.02813447 0.1043075 -0.8593448 0.3274403 -0.3928223 0.4157414 0 -0.9094829
Caudal.epiblast Gut 0.002619661 0.07191975 0.1384303 0.03642478 0.01892404 0.0683542 0.7901185 0.6091309 -0.9937626 0 0.111516
Caudal.epiblast Paraxial.mesoderm 0 0 0 0.04918775 0.02774503 -0.03431653 0.01693172 0.9992676 -0.9994109 0 -0.03432145
Caudal.epiblast Caudal.neurectoderm 0.009873242 0.2603948 0.8023553 0.03791643 0.01230532 -0.04823336 0.7224896 0.6896973 -0.9975635 0 -0.06976371
Caudal.epiblast Notochord 0 0 0 0.04918775 0.005750253 -0.03431653 0.01693172 0.9992676 -0.9994109 0 -0.03432145
Caudal.epiblast Somitic.mesoderm 3.728199E-05 0.001125494 0.002335938 0.033125 0.01596018 -0.9288439 0.3580917 -0.09497069 0.1017158 0 -0.9948135
Caudal.epiblast Caudal.Mesoderm 0.006329956 0.1947679 0.3671127 0.03249999 0.01724254 -0.6652761 0.6974679 -0.2663575 0.3716878 0 -0.9283578
Caudal.epiblast Erythroid1 0 0 0 0.04752667 0.01928073 0.0169663 0.1090042 0.9938965 -0.9998543 0 0.017068
Caudal.epiblast Def..endoderm 0.01121138 0.3024733 0.4152771 0.03706569 0.02699735 0.2703355 0.958542 0.09008785 -0.316152 0 0.9487085
Caudal.epiblast Parietal.endoderm 0 0 0 0.04918775 0.004241588 -0.03431653 0.01693172 0.9992676 -0.9994109 0 -0.03432145
Caudal.epiblast Allantois 0 0 0 0.048388 0.02043041 -0.4880287 0.006581897 0.8728027 -0.8728217 0 -0.4880393
Caudal.epiblast Anterior.Primitive.Streak 0 0 0 0.04993233 0.01763813 -0.163272 0.004171492 0.9865723 -0.9865808 0 -0.1632735
Caudal.epiblast Endothelium 0 0 0 0.04432885 0.01002769 -0.1489563 0.3595947 0.9211426 -0.9871762 0 -0.1596345
Caudal.epiblast Forebrain/Midbrain/Hindbrain 0.003071634 0.0754708 0.1206267 0.04069963 0.02546396 0.2542328 0.3291109 0.9094238 -0.9630755 0 0.2692313
Caudal.epiblast Spinal.cord 0.0009271486 0.02506433 0.06179124 0.03699077 0.01500453 0.6739088 0.08305895 0.7341309 -0.7366763 0 0.6762455
Caudal.epiblast Cardiomyocytes 0 0 0 0.04993233 0.06407196 -0.163272 0.004171492 0.9865723 -0.9865808 0 -0.1632735
Caudal.epiblast Erythroid2 0 0 0 0.04843703 0.009690227 -0.01288601 0.06498964 0.9978027 -0.9999166 0 -0.01291331
Caudal.epiblast NMP 0.003290861 0.08405996 0.2972291 0.03914897 0.0110718 -0.6126254 0.6969278 0.3728028 -0.5198455 0 -0.8542602
Caudal.epiblast Erythroid3 0 0 0 0.04918775 0.01216605 -0.03431653 0.01693172 0.9992676 -0.9994109 0 -0.03432145
Caudal.epiblast Neural.crest 0 0 0 0.04918775 0.008837027 -0.03431653 0.01693172 0.9992676 -0.9994109 0 -0.03432145
PGC Mesenchyme 0.0002196279 0.01757857 0.004810656 0.01249407 0.04565446 0.4365456 0.8086815 0.3942871 -0.6702749 0 0.7421129
PGC Haematoendothelial.progenitors 0.005425139 0.3250127 0.04927747 0.01669208 0.1100937 0.9764408 0.03371843 -0.2131347 0.213256 0 0.9769964
PGC Blood.progenitors.1 0 0 0 0.01164824 0.01382936 0.04742682 0.01380628 0.9987793 -0.9988745 0 0.04743133
PGC Surface.ectoderm 0.002270909 0.182888 0.04536599 0.01241694 0.05005752 0.3894798 0.8191119 0.4211426 -0.7341664 0 0.6789696
PGC Gut 0.002785584 0.2521031 0.1471982 0.01104938 0.01892404 0.0683542 0.7901185 0.6091309 -0.9937626 0 0.111516
PGC Paraxial.mesoderm 0 0 0 0.01093983 0.02774503 -0.03431653 0.01693172 0.9992676 -0.9994109 0 -0.03432145
PGC Caudal.neurectoderm 0 0 0 0.01323779 0.02420611 0.23438 0.1128214 0.9655762 -0.9717807 0 0.2358861
PGC Notochord 0 0 0 0.01093983 0.005750253 -0.03431653 0.01693172 0.9992676 -0.9994109 0 -0.03432145
PGC Somitic.mesoderm 0 0 0 0.01093983 0.02960769 -0.03431653 0.01693172 0.9992676 -0.9994109 0 -0.03432145
PGC Caudal.Mesoderm 0.003508221 0.3776869 0.1613473 0.009288702 0.02174329 -0.1915078 0.4892984 0.8508301 -0.9755923 0 -0.2195897
PGC Erythroid1 0 0 0 0.01093983 0.01955233 -0.03431653 0.01693172 0.9992676 -0.9994109 0 -0.03432145
PGC Def..endoderm 0.001049237 0.07855631 0.04150426 0.01335649 0.02528021 0.3946794 0.915344 0.07983401 -0.1982603 0 0.9801494
PGC Parietal.endoderm 0 0 0 0.01093983 0.004241588 -0.03431653 0.01693172 0.9992676 -0.9994109 0 -0.03432145
PGC Allantois 0 0 0 0.01013892 0.01635173 -0.163272 0.004171492 0.9865723 -0.9865808 0 -0.1632735
PGC Anterior.Primitive.Streak 0 0 0 0.01093983 0.01871879 -0.03431653 0.01693172 0.9992676 -0.9994109 0 -0.03432145
PGC Endothelium 0 0 0 0.01088808 0.01038539 -0.009749388 0.1570104 0.9875488 -0.9999513 0 -0.009871829
PGC Forebrain/Midbrain/Hindbrain 0 0 0 0.01093983 0.02988459 -0.03431653 0.01693172 0.9992676 -0.9994109 0 -0.03432145
PGC Spinal.cord 0 0 0 0.01093983 0.01599916 -0.03431653 0.01693172 0.9992676 -0.9994109 0 -0.03432145
PGC Cardiomyocytes 0 0 0 0.01093983 0.06554858 -0.03431653 0.01693172 0.9992676 -0.9994109 0 -0.03432145
PGC Erythroid2 0 0 0 0.01093983 0.009491417 -0.03431653 0.01693172 0.9992676 -0.9994109 0 -0.03432145
PGC NMP 0 0 0 0.01021532 0.0204565 -0.1153257 0.02846082 0.9929199 -0.9933223 0 -0.1153724
PGC Erythroid3 0 0 0 0.01093983 0.01216605 -0.03431653 0.01693172 0.9992676 -0.9994109 0 -0.03432145
PGC Neural.crest 0 0 0 0.01093983 0.008837027 -0.03431653 0.01693172 0.9992676 -0.9994109 0 -0.03432145
Mesenchyme Haematoendothelial.progenitors 0.02127899 0.6869537 0.1996255 0.03097587 0.1065946 0.1344257 0.4746057 0.869873 -0.9882692 0 0.1527221
Mesenchyme Blood.progenitors.1 0 0 0 0.04435692 0.01731179 0.358859 0.2264027 0.9055176 -0.9296573 0 0.3684256
Mesenchyme Surface.ectoderm 0.008156097 0.2315135 0.16922 0.03522946 0.04819818 0.3723862 0.7584178 0.5349121 -0.8207085 0 0.5713472
Mesenchyme Gut 0.002344077 0.05537678 0.1341057 0.0423296 0.01747933 0.2536518 0.8860947 0.3879395 -0.8369705 0 0.547248
Mesenchyme Paraxial.mesoderm 0 0 0 0.05707498 0.02589912 -0.1366432 0.2874514 0.947998 -0.9897711 0 -0.1426644
Mesenchyme Caudal.neurectoderm 0 0 0 0.04755915 0.02420611 0.23438 0.1128214 0.9655762 -0.9717807 0 0.2358861
Mesenchyme Notochord 0 0 0 0.05809387 0.005750253 -0.03431653 0.01693172 0.9992676 -0.9994109 0 -0.03432145
Mesenchyme Somitic.mesoderm 0 0 0 0.05259134 0.02681945 0.3927413 0.05137501 0.9182129 -0.919427 0 0.3932606
Mesenchyme Caudal.Mesoderm 0 0 0 0.05167772 0.01925733 0.2073021 0.003277564 0.9782715 -0.9782767 0 0.2073032
Mesenchyme Erythroid1 0 0 0 0.05809387 0.01955233 -0.03431653 0.01693172 0.9992676 -0.9994109 0 -0.03432145
Mesenchyme Def..endoderm 1.068786E-05 0.0001727099 0.0003527877 0.06188329 0.03029544 0.1781963 0.98317 -0.04028319 0.2204969 0 0.9753876
Mesenchyme Parietal.endoderm 0 0 0 0.05809387 0.004241588 -0.03431653 0.01693172 0.9992676 -0.9994109 0 -0.03432145
Mesenchyme Allantois 0.00298993 0.1049235 0.2238469 0.02849629 0.01335703 0.3880356 0.5891652 0.7087402 -0.87714 0 0.4802346
Mesenchyme Anterior.Primitive.Streak 0 0 0 0.06991524 0.01513254 -0.267615 0.1216898 0.9558105 -0.9629672 0 -0.2696187
Mesenchyme Endothelium 0 0 0 0.05535311 0.01039911 -0.01288601 0.06498964 0.9978027 -0.9999166 0 -0.01291331
Mesenchyme Forebrain/Midbrain/Hindbrain 0 0 0 0.05809387 0.02988459 -0.03431653 0.01693172 0.9992676 -0.9994109 0 -0.03432145
Mesenchyme Spinal.cord 0 0 0 0.05809387 0.01599916 -0.03431653 0.01693172 0.9992676 -0.9994109 0 -0.03432145
Mesenchyme Cardiomyocytes 0.0004340306 0.01688015 0.01548737 0.02571249 0.02802481 0.1616692 0.6826405 0.7126465 -0.9752203 0 0.221236
Mesenchyme Erythroid2 0 0 0 0.05809387 0.009491417 -0.03431653 0.01693172 0.9992676 -0.9994109 0 -0.03432145
Mesenchyme NMP 0 0 0 0.05809387 0.02102408 -0.03431653 0.01693172 0.9992676 -0.9994109 0 -0.03432145
Mesenchyme Erythroid3 0 0 0 0.05809387 0.01216605 -0.03431653 0.01693172 0.9992676 -0.9994109 0 -0.03432145
Mesenchyme Neural.crest 0 0 0 0.05809387 0.008837027 -0.03431653 0.01693172 0.9992676 -0.9994109 0 -0.03432145
Haematoendothelial.progenitors Blood.progenitors.1 0.001362781 0.01899296 0.2702331 0.07175187 0.005042981 -0.6493334 0.7604896 0.004638731 -0.007143653 0 -0.9999745
Haematoendothelial.progenitors Surface.ectoderm 0.01534296 0.1555025 0.4104032 0.09866703 0.0373851 0.03002312 0.5034109 0.8635254 -0.9993961 0 0.03474709
Haematoendothelial.progenitors Gut 0.007048325 0.06114653 0.2542758 0.1152694 0.02771921 0.09598455 0.9937561 -0.05688472 0.5098355 0 0.8602719
Haematoendothelial.progenitors Paraxial.mesoderm 0.001635861 0.0255779 0.09553635 0.06395603 0.01712292 -0.5295296 0.5711585 0.6271973 -0.7640921 0 -0.6451072
Haematoendothelial.progenitors Caudal.neurectoderm 0.003055241 0.0449695 0.2197404 0.06794029 0.01390387 -0.3778043 0.8000299 0.4660645 -0.7768257 0 -0.6297156
Haematoendothelial.progenitors Notochord 0 0 0 0.09606348 0.005750253 -0.03431653 0.01693172 0.9992676 -0.9994109 0 -0.03432145
Haematoendothelial.progenitors Somitic.mesoderm 0.0005650988 0.00626396 0.04514841 0.0902143 0.01251647 -0.763552 0.5720594 -0.2995606 0.3652232 0 -0.9309199
Haematoendothelial.progenitors Caudal.Mesoderm 0.009211746 0.09001864 0.5218255 0.1023315 0.01765293 -0.5173445 0.05113757 -0.854248 0.8553671 0 -0.5180222
Haematoendothelial.progenitors Erythroid1 0 0 0 0.09779778 0.01902502 0.06822697 0.1235493 0.9899902 -0.9976337 0 0.06875373
Haematoendothelial.progenitors Def..endoderm 0.0002398522 0.00184399 0.008884287 0.1300724 0.02699735 0.2703355 0.958542 0.09008785 -0.316152 0 0.9487085
Haematoendothelial.progenitors Parietal.endoderm 6.088002E-05 0.0006238004 0.02215219 0.09759536 0.002748262 -0.6026266 0.2402934 -0.7609863 0.7839561 0 -0.6208163
Haematoendothelial.progenitors Allantois 0.001754134 0.01557992 0.08940557 0.1125894 0.01961996 0.08333393 0.8382901 -0.5388184 0.9882505 0 0.1528433
Haematoendothelial.progenitors Anterior.Primitive.Streak 0 0 0 0.09082563 0.01763813 -0.163272 0.004171492 0.9865723 -0.9865808 0 -0.1632735
Haematoendothelial.progenitors Endothelium 0.002874071 0.02428799 0.336387 0.118333 0.008543944 0.6739088 0.08305895 0.7341309 -0.7366763 0 0.6762455
Haematoendothelial.progenitors Forebrain/Midbrain/Hindbrain 0.001615926 0.01665773 0.05517504 0.09700756 0.02928727 -0.638986 0.277216 -0.7175292 0.746798 0 -0.6650509
Haematoendothelial.progenitors Spinal.cord 0.0004624574 0.004767231 0.03276085 0.09700756 0.01411616 -0.638986 0.277216 -0.7175292 0.746798 0 -0.6650509
Haematoendothelial.progenitors Cardiomyocytes 0 0 0 0.0984685 0.06024796 0.1193396 0.1608564 0.9797363 -0.992663 0 0.1209141
Haematoendothelial.progenitors Erythroid2 0 0 0 0.09478651 0.0105246 -0.003033328 0.2775952 0.9606934 -0.9999951 0 -0.00315742
Haematoendothelial.progenitors NMP 0.003197556 0.03407159 0.1603459 0.09384816 0.01994161 0.2677942 0.3318008 -0.9045411 0.9588611 0 0.2838759
Haematoendothelial.progenitors Erythroid3 0 0 0 0.0848042 0.01348875 -0.2801453 0.02150143 0.9597168 -0.9599388 0 -0.28021
Haematoendothelial.progenitors Neural.crest 0 0 0 0.09606348 0.008837027 -0.03431653 0.01693172 0.9992676 -0.9994109 0 -0.03432145
Blood.progenitors.1 Surface.ectoderm 0 0 0 0.01781184 0.07852098 0.5642032 0.2114663 0.7980957 -0.816562 0 0.5772578
Blood.progenitors.1 Gut 0 0 0 0.01588508 0.04938438 0.3547372 0.01683701 0.9348145 -0.934947 0 0.3547874
Blood.progenitors.1 Paraxial.mesoderm 0 0 0 0.01318094 0.02774503 -0.03431653 0.01693172 0.9992676 -0.9994109 0 -0.03432145
Blood.progenitors.1 Caudal.neurectoderm 0 0 0 0.01318094 0.03145109 -0.03431653 0.01693172 0.9992676 -0.9994109 0 -0.03432145
Blood.progenitors.1 Notochord 0 0 0 0.01253046 0.005922929 -0.1153257 0.02846082 0.9929199 -0.9933223 0 -0.1153724
Blood.progenitors.1 Somitic.mesoderm 0 0 0 0.01318094 0.02960769 -0.03431653 0.01693172 0.9992676 -0.9994109 0 -0.03432145
Blood.progenitors.1 Caudal.Mesoderm 0 0 0 0.01318094 0.02091286 -0.03431653 0.01693172 0.9992676 -0.9994109 0 -0.03432145
Blood.progenitors.1 Erythroid1 0 0 0 0.01318094 0.01955233 -0.03431653 0.01693172 0.9992676 -0.9994109 0 -0.03432145
Blood.progenitors.1 Def..endoderm 0 0 0 0.01632528 0.04284028 0.3927413 0.05137501 0.9182129 -0.919427 0 0.3932606
Blood.progenitors.1 Parietal.endoderm 0 0 0 0.01318094 0.004241588 -0.03431653 0.01693172 0.9992676 -0.9994109 0 -0.03432145
Blood.progenitors.1 Allantois 0 0 0 0.01318094 0.01444052 -0.03431653 0.01693172 0.9992676 -0.9994109 0 -0.03432145
Blood.progenitors.1 Anterior.Primitive.Streak 0 0 0 0.01168706 0.01678453 -0.2136004 0.03431214 0.9763184 -0.9768936 0 -0.2137263
Blood.progenitors.1 Endothelium 5.168037E-05 0.006599196 0.00902151 0.007831313 0.005728571 -0.2194161 0.9755849 -0.009521503 0.04335393 0 -0.9990597
Blood.progenitors.1 Forebrain/Midbrain/Hindbrain 0 0 0 0.01318094 0.02988459 -0.03431653 0.01693172 0.9992676 -0.9994109 0 -0.03432145
Blood.progenitors.1 Spinal.cord 0 0 0 0.01318094 0.01599916 -0.03431653 0.01693172 0.9992676 -0.9994109 0 -0.03432145
Blood.progenitors.1 Cardiomyocytes 0 0 0 0.01318094 0.06554858 -0.03431653 0.01693172 0.9992676 -0.9994109 0 -0.03432145
Blood.progenitors.1 Erythroid2 0 0 0 0.01318094 0.009491417 -0.03431653 0.01693172 0.9992676 -0.9994109 0 -0.03432145
Blood.progenitors.1 NMP 0 0 0 0.01318094 0.02102408 -0.03431653 0.01693172 0.9992676 -0.9994109 0 -0.03432145
Blood.progenitors.1 Erythroid3 0 0 0 0.01318094 0.01216605 -0.03431653 0.01693172 0.9992676 -0.9994109 0 -0.03432145
Blood.progenitors.1 Neural.crest 0 0 0 0.01318094 0.008837027 -0.03431653 0.01693172 0.9992676 -0.9994109 0 -0.03432145
Surface.ectoderm Gut 0.01153252 0.1907257 0.6580954 0.06046655 0.01752409 0.08450477 0.9012172 0.4250488 -0.9808041 0 0.1949955
Surface.ectoderm Paraxial.mesoderm 0 0 0 0.05589662 0.02774503 -0.03431653 0.01693172 0.9992676 -0.9994109 0 -0.03432145
Surface.ectoderm Caudal.neurectoderm 0.0001984702 0.005265125 0.01592905 0.03769525 0.01245964 -0.08198612 0.6926979 0.7165527 -0.9935179 0 -0.1136758
Surface.ectoderm Notochord 0 0 0 0.05589662 0.005750253 -0.03431653 0.01693172 0.9992676 -0.9994109 0 -0.03432145
Surface.ectoderm Somitic.mesoderm 0 0 0 0.06005583 0.02944985 0.04742682 0.01380628 0.9987793 -0.9988745 0 0.04743133
Surface.ectoderm Caudal.Mesoderm 0.004579782 0.05154194 0.257993 0.08885546 0.01775158 -0.5039552 0.1646023 -0.8479005 0.8596258 0 -0.5109242
Surface.ectoderm Erythroid1 0 0 0 0.04199096 0.01975961 -0.105826 0.196116 0.9748535 -0.9941594 0 -0.1079217
Surface.ectoderm Def..endoderm 0.006634633 0.09764795 0.2566155 0.06794441 0.02585437 0.3464884 0.9319673 0.1066895 -0.2942815 0 0.9557188
Surface.ectoderm Parietal.endoderm 0 0 0 0.05589662 0.004241588 -0.03431653 0.01693172 0.9992676 -0.9994109 0 -0.03432145
Surface.ectoderm Allantois 0.0002952617 0.008542755 0.01491818 0.03456283 0.01979207 -0.3493106 0.4388569 0.8278809 -0.9213449 0 -0.3887462
Surface.ectoderm Anterior.Primitive.Streak 0 0 0 0.05097376 0.01785329 -0.1153257 0.02846082 0.9929199 -0.9933223 0 -0.1153724
Surface.ectoderm Endothelium 0 0 0 0.03615148 0.009599376 -0.3793226 0.3284909 0.8649902 -0.9158112 0 -0.401609
Surface.ectoderm Forebrain/Midbrain/Hindbrain 0.000631705 0.01571156 0.02617261 0.04020637 0.02413611 0.1344257 0.4746057 0.869873 -0.9882692 0 0.1527221
Surface.ectoderm Spinal.cord 0 0 0 0.05589662 0.01599916 -0.03431653 0.01693172 0.9992676 -0.9994109 0 -0.03432145
Surface.ectoderm Cardiomyocytes 0 0 0 0.05589662 0.06554858 -0.03431653 0.01693172 0.9992676 -0.9994109 0 -0.03432145
Surface.ectoderm Erythroid2 0 0 0 0.05589662 0.009491417 -0.03431653 0.01693172 0.9992676 -0.9994109 0 -0.03432145
Surface.ectoderm NMP 0.001116698 0.03383517 0.07542032 0.03300406 0.01480633 -0.2977564 0.445186 0.8444824 -0.9430941 0 -0.332526
Surface.ectoderm Erythroid3 0 0 0 0.05589662 0.01216605 -0.03431653 0.01693172 0.9992676 -0.9994109 0 -0.03432145
Surface.ectoderm Neural.crest 0 0 0 0.05589662 0.008837027 -0.03431653 0.01693172 0.9992676 -0.9994109 0 -0.03432145
Gut Paraxial.mesoderm 0 0 0 0.04819129 0.02398599 -0.2756583 0.1730177 0.9455566 -0.9600352 0 -0.2798792
Gut Caudal.neurectoderm 0 0 0 0.03588764 0.03145109 -0.03431653 0.01693172 0.9992676 -0.9994109 0 -0.03432145
Gut Notochord 0 0 0 0.03588764 0.005750253 -0.03431653 0.01693172 0.9992676 -0.9994109 0 -0.03432145
Gut Somitic.mesoderm 0 0 0 0.04709382 0.02755235 0.3215272 0.05887337 0.9450684 -0.9467105 0 0.3220858
Gut Caudal.Mesoderm 0 0 0 0.03588764 0.02091286 -0.03431653 0.01693172 0.9992676 -0.9994109 0 -0.03432145
Gut Erythroid1 0 0 0 0.04259546 0.01987433 -0.163272 0.004171492 0.9865723 -0.9865808 0 -0.1632735
Gut Def..endoderm 0.007780076 0.3283997 0.2707794 0.02369088 0.02873215 0.2203551 0.9683841 0.1169433 -0.4687791 0 0.8833154
Gut Parietal.endoderm 0 0 0 0.03588764 0.004241588 -0.03431653 0.01693172 0.9992676 -0.9994109 0 -0.03432145
Gut Allantois 0 0 0 0.03588764 0.01444052 -0.03431653 0.01693172 0.9992676 -0.9994109 0 -0.03432145
Gut Anterior.Primitive.Streak 0 0 0 0.04043685 0.01713843 -0.1226607 0.08250041 0.9890137 -0.9923967 0 -0.1230802
Gut Endothelium 0 0 0 0.04259546 0.01033674 -0.163272 0.004171492 0.9865723 -0.9865808 0 -0.1632735
Gut Forebrain/Midbrain/Hindbrain 0 0 0 0.03588764 0.02988459 -0.03431653 0.01693172 0.9992676 -0.9994109 0 -0.03432145
Gut Spinal.cord 0 0 0 0.03588764 0.01599916 -0.03431653 0.01693172 0.9992676 -0.9994109 0 -0.03432145
Gut Cardiomyocytes 4.800905E-06 0.0002132603 0.0001347816 0.02251195 0.03561988 0.119367 0.978074 0.1706544 -0.8194373 0 0.5731688
Gut Erythroid2 0 0 0 0.03588764 0.009491417 -0.03431653 0.01693172 0.9992676 -0.9994109 0 -0.03432145
Gut NMP 0 0 0 0.03588764 0.02102408 -0.03431653 0.01693172 0.9992676 -0.9994109 0 -0.03432145
Gut Erythroid3 0 0 0 0.03588764 0.01216605 -0.03431653 0.01693172 0.9992676 -0.9994109 0 -0.03432145
Gut Neural.crest 0 0 0 0.03588764 0.008837027 -0.03431653 0.01693172 0.9992676 -0.9994109 0 -0.03432145
Paraxial.mesoderm Caudal.neurectoderm 0 0 0 0.02734683 0.03069878 -0.06643912 0.06958211 0.9953613 -0.9977797 0 -0.06660055
Paraxial.mesoderm Notochord 0 0 0 0.02774503 0.005750253 -0.03431653 0.01693172 0.9992676 -0.9994109 0 -0.03432145
Paraxial.mesoderm Somitic.mesoderm 0.001141274 0.04917398 0.08270255 0.0232089 0.01379974 -0.8877465 0.4183166 -0.1921387 0.2115363 0 -0.9773701
Paraxial.mesoderm Caudal.Mesoderm 0 0 0 0.02774503 0.02091286 -0.03431653 0.01693172 0.9992676 -0.9994109 0 -0.03432145
Paraxial.mesoderm Erythroid1 0 0 0 0.02774503 0.01955233 -0.03431653 0.01693172 0.9992676 -0.9994109 0 -0.03432145
Paraxial.mesoderm Def..endoderm 0 0 0 0.02774503 0.04469075 -0.03431653 0.01693172 0.9992676 -0.9994109 0 -0.03432145
Paraxial.mesoderm Parietal.endoderm 0 0 0 0.02774503 0.004241588 -0.03431653 0.01693172 0.9992676 -0.9994109 0 -0.03432145
Paraxial.mesoderm Allantois 0 0 0 0.02774503 0.01444052 -0.03431653 0.01693172 0.9992676 -0.9994109 0 -0.03432145
Paraxial.mesoderm Anterior.Primitive.Streak 0 0 0 0.02774503 0.01871879 -0.03431653 0.01693172 0.9992676 -0.9994109 0 -0.03432145
Paraxial.mesoderm Endothelium 0 0 0 0.02774503 0.01038168 -0.03431653 0.01693172 0.9992676 -0.9994109 0 -0.03432145
Paraxial.mesoderm Forebrain/Midbrain/Hindbrain 0 0 0 0.02774503 0.02988459 -0.03431653 0.01693172 0.9992676 -0.9994109 0 -0.03432145
Paraxial.mesoderm Spinal.cord 0 0 0 0.02774503 0.01599916 -0.03431653 0.01693172 0.9992676 -0.9994109 0 -0.03432145
Paraxial.mesoderm Cardiomyocytes 0 0 0 0.02466956 0.05917522 -0.2472899 0.07461375 0.9660645 -0.9687648 0 -0.2479811
Paraxial.mesoderm Erythroid2 0 0 0 0.02774503 0.009491417 -0.03431653 0.01693172 0.9992676 -0.9994109 0 -0.03432145
Paraxial.mesoderm NMP 0 0 0 0.02774503 0.02102408 -0.03431653 0.01693172 0.9992676 -0.9994109 0 -0.03432145
Paraxial.mesoderm Erythroid3 0 0 0 0.02774503 0.01216605 -0.03431653 0.01693172 0.9992676 -0.9994109 0 -0.03432145
Paraxial.mesoderm Neural.crest 0 0 0 0.02774503 0.008837027 -0.03431653 0.01693172 0.9992676 -0.9994109 0 -0.03432145
Caudal.neurectoderm Notochord 0 0 0 0.03145109 0.005750253 -0.03431653 0.01693172 0.9992676 -0.9994109 0 -0.03432145
Caudal.neurectoderm Somitic.mesoderm 0.004121809 0.1294056 0.3004094 0.03185186 0.01372064 -0.8645056 0.3613501 -0.3493653 0.3746825 0 -0.9271532
Caudal.neurectoderm Caudal.Mesoderm 0.00590983 0.241216 0.3426579 0.02450016 0.01724703 -0.7326671 0.5713081 -0.369873 0.4506603 0 -0.8926955
Caudal.neurectoderm Erythroid1 0 0 0 0.0285166 0.01911846 0.05644158 0.06422738 0.9963379 -0.9983993 0 0.05655836
Caudal.neurectoderm Def..endoderm 5.115591E-05 0.004116428 0.001231521 0.01242726 0.0415388 -0.02399215 0.679639 0.7331543 -0.999465 0 -0.03270705
Caudal.neurectoderm Parietal.endoderm 0 0 0 0.03145109 0.004241588 -0.03431653 0.01693172 0.9992676 -0.9994109 0 -0.03432145
Caudal.neurectoderm Allantois 0 0 0 0.02255253 0.01024779 0.2718759 0.1597833 0.9489746 -0.9613256 0 0.2754143
Caudal.neurectoderm Anterior.Primitive.Streak 0 0 0 0.03145109 0.01871879 -0.03431653 0.01693172 0.9992676 -0.9994109 0 -0.03432145
Caudal.neurectoderm Endothelium 0 0 0 0.02994782 0.0103104 0.04742682 0.01380628 0.9987793 -0.9988745 0 0.04743133
Caudal.neurectoderm Forebrain/Midbrain/Hindbrain 0.005219189 0.2766117 0.2030093 0.01886829 0.02570911 0.306084 0.3569113 0.8825684 -0.9447941 0 0.3276646
Caudal.neurectoderm Spinal.cord 0.004062767 0.2122714 0.2642896 0.01913949 0.01537241 0.3112836 0.3075646 0.8991699 -0.9449755 0 0.327141
Caudal.neurectoderm Cardiomyocytes 9.593039E-05 0.008051998 0.006605315 0.01191386 0.01452321 -0.2733916 0.8052649 0.526123 -0.8873496 0 -0.4610973
Caudal.neurectoderm Erythroid2 0 0 0 0.02935668 0.01015699 -0.1010978 0.1390777 0.9851074 -0.9947752 0 -0.10209
Caudal.neurectoderm NMP 0.002362068 0.1982621 0.1994193 0.01191386 0.01184473 -0.2733916 0.8052649 0.526123 -0.8873496 0 -0.4610973
Caudal.neurectoderm Erythroid3 0 0 0 0.03069878 0.01273155 -0.06643912 0.06958211 0.9953613 -0.9977797 0 -0.06660055
Caudal.neurectoderm Neural.crest 0 0 0 0.03145109 0.008837027 -0.03431653 0.01693172 0.9992676 -0.9994109 0 -0.03432145
Notochord Somitic.mesoderm 0 0 0 0.005750253 0.02960769 -0.03431653 0.01693172 0.9992676 -0.9994109 0 -0.03432145
Notochord Caudal.Mesoderm 0 0 0 0.005750253 0.02091286 -0.03431653 0.01693172 0.9992676 -0.9994109 0 -0.03432145
Notochord Erythroid1 0 0 0 0.005750253 0.01955233 -0.03431653 0.01693172 0.9992676 -0.9994109 0 -0.03432145
Notochord Def..endoderm 0.0008891374 0.7214324 0.03052739 0.001232461 0.02912589 0.5287848 0.7774283 0.3405761 -0.5414809 0 0.8407131
Notochord Parietal.endoderm 0 0 0 0.005750253 0.004241588 -0.03431653 0.01693172 0.9992676 -0.9994109 0 -0.03432145
Notochord Allantois 0 0 0 0.005750253 0.01444052 -0.03431653 0.01693172 0.9992676 -0.9994109 0 -0.03432145
Notochord Anterior.Primitive.Streak 0 0 0 0.004061706 0.01921516 0.358859 0.2264027 0.9055176 -0.9296573 0 0.3684256
Notochord Endothelium 0 0 0 0.005750253 0.01038168 -0.03431653 0.01693172 0.9992676 -0.9994109 0 -0.03432145
Notochord Forebrain/Midbrain/Hindbrain 0 0 0 0.005750253 0.02988459 -0.03431653 0.01693172 0.9992676 -0.9994109 0 -0.03432145
Notochord Spinal.cord 0 0 0 0.005750253 0.01599916 -0.03431653 0.01693172 0.9992676 -0.9994109 0 -0.03432145
Notochord Cardiomyocytes 0 0 0 0.005750253 0.06554858 -0.03431653 0.01693172 0.9992676 -0.9994109 0 -0.03432145
Notochord Erythroid2 0 0 0 0.005750253 0.009491417 -0.03431653 0.01693172 0.9992676 -0.9994109 0 -0.03432145
Notochord NMP 0 0 0 0.005750253 0.02102408 -0.03431653 0.01693172 0.9992676 -0.9994109 0 -0.03432145
Notochord Erythroid3 0 0 0 0.005750253 0.01216605 -0.03431653 0.01693172 0.9992676 -0.9994109 0 -0.03432145
Notochord Neural.crest 0 0 0 0.005750253 0.008837027 -0.03431653 0.01693172 0.9992676 -0.9994109 0 -0.03432145
Somitic.mesoderm Caudal.Mesoderm 0.001737505 0.1027859 0.1006506 0.01690412 0.01726274 -0.870749 0.0742869 -0.486084 0.4874308 0 -0.8731616
Somitic.mesoderm Erythroid1 0 0 0 0.02960769 0.01955233 -0.03431653 0.01693172 0.9992676 -0.9994109 0 -0.03432145
Somitic.mesoderm Def..endoderm 0 0 0 0.0273297 0.05482662 -0.6289607 0.05290691 0.7756348 -0.7767226 0 -0.6298428
Somitic.mesoderm Parietal.endoderm 0 0 0 0.02960769 0.004241588 -0.03431653 0.01693172 0.9992676 -0.9994109 0 -0.03432145
Somitic.mesoderm Allantois 0 0 0 0.02865487 0.01202807 0.1419002 0.2285514 0.9631348 -0.9893203 0 0.1457581
Somitic.mesoderm Anterior.Primitive.Streak 0 0 0 0.02960769 0.01871879 -0.03431653 0.01693172 0.9992676 -0.9994109 0 -0.03432145
Somitic.mesoderm Endothelium 0 0 0 0.02960769 0.01038168 -0.03431653 0.01693172 0.9992676 -0.9994109 0 -0.03432145
Somitic.mesoderm Forebrain/Midbrain/Hindbrain 0 0 0 0.02960769 0.02988459 -0.03431653 0.01693172 0.9992676 -0.9994109 0 -0.03432145
Somitic.mesoderm Spinal.cord 0 0 0 0.02960769 0.01599916 -0.03431653 0.01693172 0.9992676 -0.9994109 0 -0.03432145
Somitic.mesoderm Cardiomyocytes 0 0 0 0.02802789 0.05410065 -0.4880287 0.006581897 0.8728027 -0.8728217 0 -0.4880393
Somitic.mesoderm Erythroid2 0 0 0 0.02960769 0.009491417 -0.03431653 0.01693172 0.9992676 -0.9994109 0 -0.03432145
Somitic.mesoderm NMP 0.0002026073 0.009974717 0.01002086 0.02031208 0.02021855 0.9971997 0.06237281 0.04125981 -0.0413403 0 0.9991451
Somitic.mesoderm Erythroid3 0 0 0 0.02960769 0.01216605 -0.03431653 0.01693172 0.9992676 -0.9994109 0 -0.03432145
Somitic.mesoderm Neural.crest 0 0 0 0.02960769 0.008837027 -0.03431653 0.01693172 0.9992676 -0.9994109 0 -0.03432145
Caudal.Mesoderm Erythroid1 0 0 0 0.02091286 0.01955233 -0.03431653 0.01693172 0.9992676 -0.9994109 0 -0.03432145
Caudal.Mesoderm Def..endoderm 0.001163873 0.0777396 0.04603888 0.01497143 0.02528021 0.3946794 0.915344 0.07983401 -0.1982603 0 0.9801494
Caudal.Mesoderm Parietal.endoderm 0 0 0 0.02091286 0.004241588 -0.03431653 0.01693172 0.9992676 -0.9994109 0 -0.03432145
Caudal.Mesoderm Allantois 0 0 0 0.01819776 0.01033486 0.3547372 0.01683701 0.9348145 -0.934947 0 0.3547874
Caudal.Mesoderm Anterior.Primitive.Streak 0 0 0 0.02091286 0.01871879 -0.03431653 0.01693172 0.9992676 -0.9994109 0 -0.03432145
Caudal.Mesoderm Endothelium 0 0 0 0.02037458 0.0103104 0.04742682 0.01380628 0.9987793 -0.9988745 0 0.04743133
Caudal.Mesoderm Forebrain/Midbrain/Hindbrain 0 0 0 0.01925733 0.02913225 0.2073021 0.003277564 0.9782715 -0.9782767 0 0.2073032
Caudal.Mesoderm Spinal.cord 0 0 0 0.02091286 0.01599916 -0.03431653 0.01693172 0.9992676 -0.9994109 0 -0.03432145
Caudal.Mesoderm Cardiomyocytes 0 0 0 0.02221735 0.04787855 -0.5698377 0.06613297 0.8190918 -0.8208889 0 -0.571088
Caudal.Mesoderm Erythroid2 0 0 0 0.02091286 0.009491417 -0.03431653 0.01693172 0.9992676 -0.9994109 0 -0.03432145
Caudal.Mesoderm NMP 0.003186277 0.2105835 0.1914911 0.0151307 0.0166393 0.2898928 0.9568548 0.01977537 -0.06805798 0 0.9976814
Caudal.Mesoderm Erythroid3 0 0 0 0.02091286 0.01216605 -0.03431653 0.01693172 0.9992676 -0.9994109 0 -0.03432145
Caudal.Mesoderm Neural.crest 0 0 0 0.02091286 0.008837027 -0.03431653 0.01693172 0.9992676 -0.9994109 0 -0.03432145
Erythroid1 Def..endoderm 0 0 0 0.01978067 0.04535132 -0.1153257 0.02846082 0.9929199 -0.9933223 0 -0.1153724
Erythroid1 Parietal.endoderm 0 0 0 0.01955233 0.004241588 -0.03431653 0.01693172 0.9992676 -0.9994109 0 -0.03432145
Erythroid1 Allantois 0 0 0 0.01955233 0.01444052 -0.03431653 0.01693172 0.9992676 -0.9994109 0 -0.03432145
Erythroid1 Anterior.Primitive.Streak 0 0 0 0.01955233 0.01871879 -0.03431653 0.01693172 0.9992676 -0.9994109 0 -0.03432145
Erythroid1 Endothelium 0 0 0 0.01955885 0.0102266 -0.06731362 0.2910209 0.9543457 -0.9975217 0 -0.07035898
Erythroid1 Forebrain/Midbrain/Hindbrain 0 0 0 0.01885552 0.02902734 0.1077844 0.05883846 0.9924316 -0.994154 0 0.1079714
Erythroid1 Spinal.cord 0 0 0 0.01923024 0.01599706 0.04742682 0.01380628 0.9987793 -0.9988745 0 0.04743133
Erythroid1 Cardiomyocytes 0 0 0 0.01955233 0.06554858 -0.03431653 0.01693172 0.9992676 -0.9994109 0 -0.03432145
Erythroid1 Erythroid2 0.0005484928 0.03953331 0.095583 0.01387419 0.005738393 0.09978654 0.9653899 -0.2409668 0.9239137 0 0.3826011
Erythroid1 NMP 0 0 0 0.01955233 0.02102408 -0.03431653 0.01693172 0.9992676 -0.9994109 0 -0.03432145
Erythroid1 Erythroid3 0 0 0 0.01955233 0.01216605 -0.03431653 0.01693172 0.9992676 -0.9994109 0 -0.03432145
Erythroid1 Neural.crest 0 0 0 0.01955233 0.008837027 -0.03431653 0.01693172 0.9992676 -0.9994109 0 -0.03432145
Def..endoderm Parietal.endoderm 0 0 0 0.04469075 0.004241588 -0.03431653 0.01693172 0.9992676 -0.9994109 0 -0.03432145
Def..endoderm Allantois 0 0 0 0.04578979 0.01635173 -0.163272 0.004171492 0.9865723 -0.9865808 0 -0.1632735
Def..endoderm Anterior.Primitive.Streak 0.003485326 0.1157012 0.2611795 0.03012351 0.01334456 0.5967677 0.7845844 -0.1682128 0.2713014 0 0.9624944
Def..endoderm Endothelium 0 0 0 0.04715033 0.01030027 -0.2136004 0.03431214 0.9763184 -0.9768936 0 -0.2137263
Def..endoderm Forebrain/Midbrain/Hindbrain 0 0 0 0.04469075 0.02988459 -0.03431653 0.01693172 0.9992676 -0.9994109 0 -0.03432145
Def..endoderm Spinal.cord 0 0 0 0.04469075 0.01599916 -0.03431653 0.01693172 0.9992676 -0.9994109 0 -0.03432145
Def..endoderm Cardiomyocytes 0 0 0 0.04469075 0.06554858 -0.03431653 0.01693172 0.9992676 -0.9994109 0 -0.03432145
Def..endoderm Erythroid2 0 0 0 0.04469075 0.009491417 -0.03431653 0.01693172 0.9992676 -0.9994109 0 -0.03432145
Def..endoderm NMP 0 0 0 0.04469075 0.02102408 -0.03431653 0.01693172 0.9992676 -0.9994109 0 -0.03432145
Def..endoderm Erythroid3 0 0 0 0.04469075 0.01216605 -0.03431653 0.01693172 0.9992676 -0.9994109 0 -0.03432145
Def..endoderm Neural.crest 0 0 0 0.04469075 0.008837027 -0.03431653 0.01693172 0.9992676 -0.9994109 0 -0.03432145
Parietal.endoderm Allantois 0 0 0 0.004241588 0.01444052 -0.03431653 0.01693172 0.9992676 -0.9994109 0 -0.03432145
Parietal.endoderm Anterior.Primitive.Streak 0 0 0 0.004241588 0.01871879 -0.03431653 0.01693172 0.9992676 -0.9994109 0 -0.03432145
Parietal.endoderm Endothelium 0 0 0 0.004241588 0.01038168 -0.03431653 0.01693172 0.9992676 -0.9994109 0 -0.03432145
Parietal.endoderm Forebrain/Midbrain/Hindbrain 0 0 0 0.004241588 0.02988459 -0.03431653 0.01693172 0.9992676 -0.9994109 0 -0.03432145
Parietal.endoderm Spinal.cord 0 0 0 0.004241588 0.01599916 -0.03431653 0.01693172 0.9992676 -0.9994109 0 -0.03432145
Parietal.endoderm Cardiomyocytes 0 0 0 0.004241588 0.06554858 -0.03431653 0.01693172 0.9992676 -0.9994109 0 -0.03432145
Parietal.endoderm Erythroid2 0 0 0 0.004241588 0.009491417 -0.03431653 0.01693172 0.9992676 -0.9994109 0 -0.03432145
Parietal.endoderm NMP 0 0 0 0.004241588 0.02102408 -0.03431653 0.01693172 0.9992676 -0.9994109 0 -0.03432145
Parietal.endoderm Erythroid3 0 0 0 0.004241588 0.01216605 -0.03431653 0.01693172 0.9992676 -0.9994109 0 -0.03432145
Parietal.endoderm Neural.crest 0 0 0 0.004241588 0.008837027 -0.03431653 0.01693172 0.9992676 -0.9994109 0 -0.03432145
Allantois Anterior.Primitive.Streak 0 0 0 0.01444052 0.01871879 -0.03431653 0.01693172 0.9992676 -0.9994109 0 -0.03432145
Allantois Endothelium 0 0 0 0.01444052 0.01038168 -0.03431653 0.01693172 0.9992676 -0.9994109 0 -0.03432145
Allantois Forebrain/Midbrain/Hindbrain 0 0 0 0.01444052 0.02988459 -0.03431653 0.01693172 0.9992676 -0.9994109 0 -0.03432145
Allantois Spinal.cord 0 0 0 0.01444052 0.01599916 -0.03431653 0.01693172 0.9992676 -0.9994109 0 -0.03432145
Allantois Cardiomyocytes 0 0 0 0.01097735 0.06238542 0.1825098 0.1201907 0.9758301 -0.9829557 0 0.1838425
Allantois Erythroid2 0 0 0 0.01444052 0.009491417 -0.03431653 0.01693172 0.9992676 -0.9994109 0 -0.03432145
Allantois NMP 0 0 0 0.0108609 0.02204468 0.2073021 0.003277564 0.9782715 -0.9782767 0 0.2073032
Allantois Erythroid3 0 0 0 0.01444052 0.01216605 -0.03431653 0.01693172 0.9992676 -0.9994109 0 -0.03432145
Allantois Neural.crest 0 0 0 0.01444052 0.008837027 -0.03431653 0.01693172 0.9992676 -0.9994109 0 -0.03432145
Anterior.Primitive.Streak Endothelium 0 0 0 0.01871879 0.01038168 -0.03431653 0.01693172 0.9992676 -0.9994109 0 -0.03432145
Anterior.Primitive.Streak Forebrain/Midbrain/Hindbrain 0 0 0 0.01871879 0.02988459 -0.03431653 0.01693172 0.9992676 -0.9994109 0 -0.03432145
Anterior.Primitive.Streak Spinal.cord 0 0 0 0.01871879 0.01599916 -0.03431653 0.01693172 0.9992676 -0.9994109 0 -0.03432145
Anterior.Primitive.Streak Cardiomyocytes 0 0 0 0.01871879 0.06554858 -0.03431653 0.01693172 0.9992676 -0.9994109 0 -0.03432145
Anterior.Primitive.Streak Erythroid2 0 0 0 0.01871879 0.009491417 -0.03431653 0.01693172 0.9992676 -0.9994109 0 -0.03432145
Anterior.Primitive.Streak NMP 0 0 0 0.01871879 0.02102408 -0.03431653 0.01693172 0.9992676 -0.9994109 0 -0.03432145
Anterior.Primitive.Streak Erythroid3 0 0 0 0.01871879 0.01216605 -0.03431653 0.01693172 0.9992676 -0.9994109 0 -0.03432145
Anterior.Primitive.Streak Neural.crest 0 0 0 0.01871879 0.008837027 -0.03431653 0.01693172 0.9992676 -0.9994109 0 -0.03432145
Endothelium Forebrain/Midbrain/Hindbrain 0 0 0 0.0103104 0.02971412 0.04742682 0.01380628 0.9987793 -0.9988745 0 0.04743133
Endothelium Spinal.cord 0 0 0 0.01038168 0.01599916 -0.03431653 0.01693172 0.9992676 -0.9994109 0 -0.03432145
Endothelium Cardiomyocytes 0 0 0 0.01038168 0.06554858 -0.03431653 0.01693172 0.9992676 -0.9994109 0 -0.03432145
Endothelium Erythroid2 0 0 0 0.01038168 0.009491417 -0.03431653 0.01693172 0.9992676 -0.9994109 0 -0.03432145
Endothelium NMP 0 0 0 0.01038168 0.02102408 -0.03431653 0.01693172 0.9992676 -0.9994109 0 -0.03432145
Endothelium Erythroid3 0 0 0 0.01038168 0.01216605 -0.03431653 0.01693172 0.9992676 -0.9994109 0 -0.03432145
Endothelium Neural.crest 0 0 0 0.01038168 0.008837027 -0.03431653 0.01693172 0.9992676 -0.9994109 0 -0.03432145
Forebrain/Midbrain/Hindbrain Spinal.cord 0.007810992 0.2731324 0.5746037 0.02859782 0.0135937 -0.5360071 0.7696365 -0.3469238 0.5433569 0 -0.8395018
Forebrain/Midbrain/Hindbrain Cardiomyocytes 0 0 0 0.02988459 0.06554858 -0.03431653 0.01693172 0.9992676 -0.9994109 0 -0.03432145
Forebrain/Midbrain/Hindbrain Erythroid2 0 0 0 0.02913225 0.00884614 0.2073021 0.003277564 0.9782715 -0.9782767 0 0.2073032
Forebrain/Midbrain/Hindbrain NMP 0 0 0 0.03065552 0.01754526 -0.4001794 0.01801315 0.9162598 -0.9164084 0 -0.4002444
Forebrain/Midbrain/Hindbrain Erythroid3 0 0 0 0.02982964 0.01269946 -0.1153257 0.02846082 0.9929199 -0.9933223 0 -0.1153724
Forebrain/Midbrain/Hindbrain Neural.crest 0.001300147 0.05348084 0.1997855 0.02431052 0.006507716 -0.4298457 0.585587 0.6872559 -0.8478259 0 -0.5302746
Spinal.cord Cardiomyocytes 0.0001309626 0.008491997 0.005847398 0.01542189 0.02239673 -0.8320742 0.3498446 0.4304199 -0.4594539 0 -0.8882017
Spinal.cord Erythroid2 0 0 0 0.01572503 0.009268248 0.1755089 0.06725698 0.9821777 -0.9844068 0 0.1759073
Spinal.cord NMP 0.0009330845 0.06566162 0.05635025 0.0142105 0.01655866 -0.8310364 0.4989354 -0.2458496 0.2836816 0 -0.9589185
Spinal.cord Erythroid3 0 0 0 0.01598413 0.01276462 -0.163272 0.004171492 0.9865723 -0.9865808 0 -0.1632735
Spinal.cord Neural.crest 0 0 0 0.01638763 0.006229674 -0.7248717 0.01499496 0.6887207 -0.6887981 0 -0.7249532
Cardiomyocytes Erythroid2 0 0 0 0.06636433 0.009323065 0.04742682 0.01380628 0.9987793 -0.9988745 0 0.04743133
Cardiomyocytes NMP 0.001017553 0.06696457 0.09143116 0.0151954 0.01112917 -0.5059996 0.7005573 0.5031739 -0.7051241 0 -0.7090839
Cardiomyocytes Erythroid3 0 0 0 0.06407196 0.01276462 -0.163272 0.004171492 0.9865723 -0.9865808 0 -0.1632735
Cardiomyocytes Neural.crest 0 0 0 0.06554858 0.008837027 -0.03431653 0.01693172 0.9992676 -0.9994109 0 -0.03432145
Erythroid2 NMP 0 0 0 0.009792685 0.02091009 0.06822697 0.1235493 0.9899902 -0.9976337 0 0.06875373
Erythroid2 Erythroid3 0.0009549735 0.180495 0.0869962 0.005290858 0.01097719 -0.004433856 0.6220576 -0.7829589 0.999984 0 -0.005662858
Erythroid2 Neural.crest 0 0 0 0.009491417 0.008837027 -0.03431653 0.01693172 0.9992676 -0.9994109 0 -0.03432145
NMP Erythroid3 0 0 0 0.0204565 0.01269946 -0.1153257 0.02846082 0.9929199 -0.9933223 0 -0.1153724
NMP Neural.crest 0 0 0 0.02102408 0.008837027 -0.03431653 0.01693172 0.9992676 -0.9994109 0 -0.03432145
Erythroid3 Neural.crest 0 0 0 0.01216605 0.008837027 -0.03431653 0.01693172 0.9992676 -0.9994109 0 -0.03432145
