2 12 0.004541318 0.1546554 0.05751995 0.0293641 0.07895205 -0.5336693 0.183975 0.8254395 -0.8397737 0 -0.5429367
2 3 0 0 0 0.02975507 0.04413049 -0.03431653 0.01693172 0.9992676 -0.9994109 0 -0.03432145
2 1 0.01020078 0.3595069 0.4854172 0.02837436 0.02101446 -0.113804 0.7026332 -0.7023925 0.9871271 0 -0.1599376
2 11 0 0 0 0.02975507 0.01602542 -0.03431653 0.01693172 0.9992676 -0.9994109 0 -0.03432145
2 4 0 0 0 0.02975507 0.04537329 -0.03431653 0.01693172 0.9992676 -0.9994109 0 -0.03432145
2 5 0 0 0 0.03471591 0.05718108 0.3649228 0.325421 0.8723145 -0.9225284 0 0.3859292
2 14 0 0 0 0.03089716 0.05144315 -0.01288601 0.06498964 0.9978027 -0.9999166 0 -0.01291331
2 10 0.007247676 0.2688311 0.1016227 0.02695997 0.07131948 0.9948115 0.02183123 -0.09936518 0.09938887 0 0.9950486
2 13 0 0 0 0.03036581 0.08844572 0.6389964 0.1121761 0.7609863 -0.7658199 0 0.6430551
2 6 0 0 0 0.02975507 0.03397751 -0.03431653 0.01693172 0.9992676 -0.9994109 0 -0.03432145
2 16 0 0 0 0.03913628 0.05600307 -0.1037414 0.7911322 0.6027832 -0.9855112 0 -0.1696103
2 15 0 0 0 0.03859737 0.03738093 -0.05610535 0.6474854 0.7600098 -0.9972863 0 -0.07362155
2 17 0 0 0 0.03023961 0.05072549 0.1493689 0.02250491 0.9885254 -0.9887758 0 0.1494068
2 19 0 0 0 0.03511209 0.1608414 0.4055712 0.3853666 0.8288574 -0.8982338 0 0.4395179
2 9 0 0 0 0.02865352 0.1185537 0.8235253 0.02670997 0.5666504 -0.5668526 0 0.8238192
2 8 0 0 0 0.02975507 0.004241588 -0.03431653 0.01693172 0.9992676 -0.9994109 0 -0.03432145
2 7 0 0 0 0.03074254 0.06291264 -0.06643912 0.06958211 0.9953613 -0.9977797 0 -0.06660055
2 18 0 0 0 0.02975507 0.01216605 -0.03431653 0.01693172 0.9992676 -0.9994109 0 -0.03432145
12 3 0 0 0 0.06978112 0.04413049 -0.03431653 0.01693172 0.9992676 -0.9994109 0 -0.03432145
12 1 0.01093798 0.168865 0.5085847 0.06477352 0.0215067 -0.1192054 0.7995705 -0.588623 0.9801037 0 -0.1984863
12 11 0 0 0 0.06978112 0.01602542 -0.03431653 0.01693172 0.9992676 -0.9994109 0 -0.03432145
12 4 0 0 0 0.06978112 0.04537329 -0.03431653 0.01693172 0.9992676 -0.9994109 0 -0.03432145
12 5 0.004457842 0.09253297 0.08564983 0.04817571 0.05204729 -0.7781975 0.3314252 -0.5334472 0.5654029 0 -0.8248148
12 14 0 0 0 0.07224286 0.05277062 0.05119072 0.1727043 0.9836426 -0.9986485 0 0.05197166
12 10 0.01184401 0.2587289 0.2501287 0.04577769 0.04735165 -0.559665 0.2570611 -0.7878418 0.8152377 0 -0.5791265
12 13 0.003441375 0.06836493 0.0331526 0.0503383 0.1038041 -0.8028182 0.5054943 -0.3161621 0.3664246 0 -0.9304478
12 6 0 0 0 0.06978112 0.03397751 -0.03431653 0.01693172 0.9992676 -0.9994109 0 -0.03432145
12 16 0.01905387 0.3674369 0.2538446 0.05185618 0.07506117 -0.8310364 0.4989354 -0.2458496 0.2836816 0 -0.9589185
12 15 0.009640686 0.1293739 0.2292842 0.074518 0.04204689 0.09455039 0.5790171 0.8098145 -0.9932529 0 0.1159679
12 17 0 0 0 0.05964377 0.0527764 0.3547372 0.01683701 0.9348145 -0.934947 0 0.3547874
12 19 0.007096805 0.1368555 0.06559119 0.05185618 0.1081975 -0.8310364 0.4989354 -0.2458496 0.2836816 0 -0.9589185
12 9 0.0124932 0.1784566 0.1787074 0.07000691 0.06990869 0.2988574 0.5738924 0.7624512 -0.9310325 0 0.3649361
12 8 0 0 0 0.06978112 0.004241588 -0.03431653 0.01693172 0.9992676 -0.9994109 0 -0.03432145
12 7 0.0003531717 0.0042387 0.02150439 0.08332077 0.01642323 -0.5909894 0.6221924 0.5134277 -0.6558323 0 -0.7549066
12 18 0 0 0 0.07272968 0.01348875 -0.2801453 0.02150143 0.9597168 -0.9599388 0 -0.28021
3 1 0 0 0 0.04413049 0.04472084 -0.03431653 0.01693172 0.9992676 -0.9994109 0 -0.03432145
3 11 0 0 0 0.04413049 0.01602542 -0.03431653 0.01693172 0.9992676 -0.9994109 0 -0.03432145
3 4 0 0 0 0.04413049 0.04537329 -0.03431653 0.01693172 0.9992676 -0.9994109 0 -0.03432145
3 5 0 0 0 0.04413049 0.0811462 -0.03431653 0.01693172 0.9992676 -0.9994109 0 -0.03432145
3 14 0 0 0 0.04413049 0.05055581 -0.03431653 0.01693172 0.9992676 -0.9994109 0 -0.03432145
3 10 0 0 0 0.04413049 0.056653 -0.03431653 0.01693172 0.9992676 -0.9994109 0 -0.03432145
3 13 0 0 0 0.04413049 0.07767335 -0.03431653 0.01693172 0.9992676 -0.9994109 0 -0.03432145
3 6 0 0 0 0.04413049 0.03397751 -0.03431653 0.01693172 0.9992676 -0.9994109 0 -0.03432145
3 16 0 0 0 0.04413049 0.107055 -0.03431653 0.01693172 0.9992676 -0.9994109 0 -0.03432145
3 15 0 0 0 0.04413049 0.05759052 -0.03431653 0.01693172 0.9992676 -0.9994109 0 -0.03432145
3 17 0 0 0 0.04413049 0.05809387 -0.03431653 0.01693172 0.9992676 -0.9994109 0 -0.03432145
3 19 0 0 0 0.04413049 0.1143578 -0.03431653 0.01693172 0.9992676 -0.9994109 0 -0.03432145
3 9 0 0 0 0.04413049 0.1113737 -0.03431653 0.01693172 0.9992676 -0.9994109 0 -0.03432145
3 8 0 0 0 0.04413049 0.004241588 -0.03431653 0.01693172 0.9992676 -0.9994109 0 -0.03432145
3 7 0 0 0 0.04413049 0.06554858 -0.03431653 0.01693172 0.9992676 -0.9994109 0 -0.03432145
3 18 0 0 0 0.04413049 0.01216605 -0.03431653 0.01693172 0.9992676 -0.9994109 0 -0.03432145
1 11 0 0 0 0.04472084 0.01602542 -0.03431653 0.01693172 0.9992676 -0.9994109 0 -0.03432145
1 4 0 0 0 0.04472084 0.04537329 -0.03431653 0.01693172 0.9992676 -0.9994109 0 -0.03432145
1 5 0 0 0 0.04828702 0.05987163 0.5642032 0.2114663 0.7980957 -0.816562 0 0.5772578
1 14 0 0 0 0.0483671 0.05425785 0.01518935 0.2113384 0.9772949 -0.9998792 0 0.01554036
1 10 0.01163991 0.335185 0.2707351 0.03472681 0.04299371 -0.480525 0.4289931 -0.7648926 0.8467686 0 -0.5319615
1 13 0 0 0 0.0468986 0.09206465 0.732671 0.01490012 0.6804199 -0.6804954 0 0.7327523
1 6 0 0 0 0.04472084 0.03397751 -0.03431653 0.01693172 0.9992676 -0.9994109 0 -0.03432145
1 16 0.003609086 0.1211912 0.03974197 0.02978011 0.09081296 -0.2088478 0.9585929 -0.1936035 0.679835 0 -0.7333651
1 15 0.002027598 0.06380539 0.01852062 0.03177784 0.1094778 -0.4572848 0.8723121 -0.1730957 0.3540156 0 -0.9352396
1 17 0 0 0 0.04460919 0.05072549 0.1493689 0.02250491 0.9885254 -0.9887758 0 0.1494068
1 19 0 0 0 0.04431812 0.08551599 -0.818154 0.007431732 0.5749512 -0.574967 0 -0.8181766
1 9 0 0 0 0.04544762 0.1014662 0.1755089 0.06725698 0.9821777 -0.9844068 0 0.1759073
1 8 0 0 0 0.04472084 0.004241588 -0.03431653 0.01693172 0.9992676 -0.9994109 0 -0.03432145
1 7 0 0 0 0.04491319 0.06175276 -0.2136004 0.03431214 0.9763184 -0.9768936 0 -0.2137263
1 18 0 0 0 0.04472084 0.01216605 -0.03431653 0.01693172 0.9992676 -0.9994109 0 -0.03432145
11 4 0.0004017301 0.03255751 0.008079151 0.01233909 0.0497243 0.837732 0.5314099 0.1257324 -0.1484243 0 0.9889238
11 5 0 0 0 0.01602542 0.0811462 -0.03431653 0.01693172 0.9992676 -0.9994109 0 -0.03432145
11 14 0 0 0 0.01602542 0.05055581 -0.03431653 0.01693172 0.9992676 -0.9994109 0 -0.03432145
11 10 0 0 0 0.01602542 0.056653 -0.03431653 0.01693172 0.9992676 -0.9994109 0 -0.03432145
11 13 0 0 0 0.01602542 0.07767335 -0.03431653 0.01693172 0.9992676 -0.9994109 0 -0.03432145
11 6 0 0 0 0.01602542 0.03397751 -0.03431653 0.01693172 0.9992676 -0.9994109 0 -0.03432145
11 16 0 0 0 0.01602542 0.107055 -0.03431653 0.01693172 0.9992676 -0.9994109 0 -0.03432145
11 15 0 0 0 0.01602542 0.05759052 -0.03431653 0.01693172 0.9992676 -0.9994109 0 -0.03432145
11 17 0 0 0 0.01602542 0.05809387 -0.03431653 0.01693172 0.9992676 -0.9994109 0 -0.03432145
11 19 0 0 0 0.01602542 0.1143578 -0.03431653 0.01693172 0.9992676 -0.9994109 0 -0.03432145
11 9 0.002301362 0.200447 0.01875051 0.01148115 0.122736 0.9611065 0.2739625 0.03491212 -0.03630098 0 0.9993409
11 8 0 0 0 0.01602542 0.004241588 -0.03431653 0.01693172 0.9992676 -0.9994109 0 -0.03432145
11 7 0 0 0 0.01602542 0.06554858 -0.03431653 0.01693172 0.9992676 -0.9994109 0 -0.03432145
11 18 0 0 0 0.01602542 0.01216605 -0.03431653 0.01693172 0.9992676 -0.9994109 0 -0.03432145
4 5 0 0 0 0.04537329 0.0811462 -0.03431653 0.01693172 0.9992676 -0.9994109 0 -0.03432145
4 14 0 0 0 0.04537329 0.05055581 -0.03431653 0.01693172 0.9992676 -0.9994109 0 -0.03432145
4 10 0 0 0 0.04656601 0.06021125 0.09383775 0.2090669 0.9733887 -0.9953853 0 0.09595829
4 13 0 0 0 0.04537329 0.07767335 -0.03431653 0.01693172 0.9992676 -0.9994109 0 -0.03432145
4 6 0 0 0 0.04537329 0.03397751 -0.03431653 0.01693172 0.9992676 -0.9994109 0 -0.03432145
4 16 0 0 0 0.04537329 0.107055 -0.03431653 0.01693172 0.9992676 -0.9994109 0 -0.03432145
4 15 0 0 0 0.04537329 0.05759052 -0.03431653 0.01693172 0.9992676 -0.9994109 0 -0.03432145
4 17 0 0 0 0.04537329 0.05809387 -0.03431653 0.01693172 0.9992676 -0.9994109 0 -0.03432145
4 19 0 0 0 0.04537329 0.1143578 -0.03431653 0.01693172 0.9992676 -0.9994109 0 -0.03432145
4 9 0 0 0 0.04537329 0.1113737 -0.03431653 0.01693172 0.9992676 -0.9994109 0 -0.03432145
4 8 0 0 0 0.04537329 0.004241588 -0.03431653 0.01693172 0.9992676 -0.9994109 0 -0.03432145
4 7 0 0 0 0.04537329 0.06554858 -0.03431653 0.01693172 0.9992676 -0.9994109 0 -0.03432145
4 18 0 0 0 0.04537329 0.01216605 -0.03431653 0.01693172 0.9992676 -0.9994109 0 -0.03432145
5 14 0 0 0 0.06635161 0.05277062 0.05119072 0.1727043 0.9836426 -0.9986485 0 0.05197166
5 10 0 0 0 0.06853732 0.06486744 0.8055048 0.1354378 0.5769043 -0.5822694 0 0.8129959
5 13 0.02943212 0.5320962 0.2939801 0.05531353 0.100116 -0.8473439 0.1888309 -0.4963379 0.5054308 0 -0.8628672
5 6 0.004096453 0.05498275 0.1261053 0.07450432 0.03248438 -0.3601315 0.3134615 -0.8786622 0.9252962 0 -0.3792451
5 16 0.026332 0.337947 0.4291701 0.07791753 0.06135562 0.2011689 0.8247125 0.5285645 -0.9345988 0 0.3557035
5 15 0.01155484 0.1936231 0.314067 0.05967696 0.03679099 -0.1489563 0.3595947 0.9211426 -0.9871762 0 -0.1596345
5 17 0.00901626 0.1181467 0.3001868 0.07631409 0.0300355 0.3363048 0.7215278 0.6052246 -0.874115 0 0.4857189
5 19 0.02751955 0.4983181 0.3287305 0.05522487 0.08371464 -0.4930255 0.654247 0.5734863 -0.7582981 0 -0.651908
5 9 0.02828069 0.5138822 0.3063388 0.05503342 0.09231836 -0.1499461 0.4216239 0.8942871 -0.9862328 0 -0.1653627
5 8 0 0 0 0.0811462 0.004241588 -0.03431653 0.01693172 0.9992676 -0.9994109 0 -0.03432145
5 7 0 0 0 0.06864412 0.0616006 0.06822697 0.1235493 0.9899902 -0.9976337 0 0.06875373
5 18 0 0 0 0.09326053 0.01348875 -0.2801453 0.02150143 0.9597168 -0.9599388 0 -0.28021
14 10 0 0 0 0.04928727 0.06067116 0.2448073 0.2269885 0.942627 -0.9678914 0 0.2513687
14 13 0 0 0 0.05144315 0.07625046 -0.01288601 0.06498964 0.9978027 -0.9999166 0 -0.01291331
14 6 0 0 0 0.05055581 0.03397751 -0.03431653 0.01693172 0.9992676 -0.9994109 0 -0.03432145
14 16 0 0 0 0.05523204 0.08616283 0.08645777 0.329509 0.9401855 -0.9957985 0 0.09157184
14 15 0 0 0 0.05543128 0.04573078 0.123305 0.3881031 0.9133301 -0.9910094 0 0.1337921
14 17 0 0 0 0.05561606 0.05155793 -0.03449543 0.2367942 0.9709473 -0.9993695 0 -0.03550521
14 19 0.002323536 0.06210439 0.02278935 0.0374134 0.1019571 -0.9317321 0.3520433 0.0891113 -0.09520604 0 -0.9954576
14 9 0 0 0 0.05666013 0.123648 -0.5025711 0.1449677 0.8522949 -0.8613943 0 -0.5079368
14 8 0 0 0 0.05055581 0.004241588 -0.03431653 0.01693172 0.9992676 -0.9994109 0 -0.03432145
14 7 0 0 0 0.04896132 0.06636433 0.04742682 0.01380628 0.9987793 -0.9988745 0 0.04743133
14 18 0.0009666731 0.02877019 0.08450151 0.03359982 0.01143971 -0.01989722 0.701241 -0.7126465 0.9996105 0 -0.0279093
10 13 0 0 0 0.06512241 0.1027964 0.8906685 0.04010629 0.4528809 -0.4532456 0 0.8913857
10 6 0 0 0 0.056653 0.03397751 -0.03431653 0.01693172 0.9992676 -0.9994109 0 -0.03432145
10 16 0.01364814 0.3717294 0.1663577 0.03671526 0.08204093 -0.6875053 0.6344571 -0.3532715 0.4570383 0 -0.889447
10 15 0.01274028 0.3792813 0.1120612 0.03359058 0.1136903 -0.5245533 0.6860585 -0.5041505 0.6929461 0 -0.7209894
10 17 0 0 0 0.056653 0.05809387 -0.03431653 0.01693172 0.9992676 -0.9994109 0 -0.03432145
10 19 0.002317067 0.05720095 0.02184042 0.04050748 0.1060908 -0.7345009 0.5382068 -0.4133301 0.4904175 0 -0.8714876
10 9 0.001361459 0.02054483 0.02364387 0.06626774 0.05758192 0.2947769 0.829229 0.4748535 -0.8496079 0 0.5274148
10 8 0 0 0 0.056653 0.004241588 -0.03431653 0.01693172 0.9992676 -0.9994109 0 -0.03432145
10 7 0 0 0 0.056653 0.06554858 -0.03431653 0.01693172 0.9992676 -0.9994109 0 -0.03432145
10 18 0 0 0 0.0566444 0.01269946 -0.1153257 0.02846082 0.9929199 -0.9933223 0 -0.1153724
13 6 0.005950212 0.0765997 0.1782964 0.07767931 0.03337259 -0.08504917 0.3111937 -0.9465332 0.9959875 0 -0.08949281
13 16 0.03694316 0.3642999 0.6501294 0.1014087 0.05682433 -0.4809066 0.8099622 0.3356934 -0.5723848 0 -0.8199852
13 15 0.01436719 0.197843 0.3612891 0.07261913 0.03976646 -0.06731362 0.2910209 0.9543457 -0.9975217 0 -0.07035898
13 17 0.0122544 0.127428 0.4360467 0.09616725 0.0281034 0.390893 0.6360824 0.6652832 -0.8621889 0 0.5065868
13 19 0.03837756 0.521694 0.2811579 0.07356336 0.1364983 0.1398998 0.3400812 0.9299316 -0.9888723 0 0.1487669
13 9 0.01887529 0.2246695 0.1991715 0.08401358 0.09476902 -0.2427395 0.4951165 0.8342285 -0.9601784 0 -0.2793878
13 8 0 0 0 0.07767335 0.004241588 -0.03431653 0.01693172 0.9992676 -0.9994109 0 -0.03432145
13 7 0.003610593 0.0365248 0.2506598 0.09885318 0.01440435 -0.4691041 0.6936396 0.5466309 -0.75887 0 -0.6512421
13 18 0 0 0 0.07625046 0.01238347 -0.01288601 0.06498964 0.9978027 -0.9999166 0 -0.01291331
6 16 0.001043194 0.02327015 0.01564757 0.04482969 0.06666809 0.2900413 0.5161279 0.8059082 -0.9409193 0 0.3386309
6 15 0 0 0 0.03397751 0.05759052 -0.03431653 0.01693172 0.9992676 -0.9994109 0 -0.03432145
6 17 0.003534534 0.07718544 0.1192043 0.04579275 0.02965106 0.3885726 0.6799585 0.6218262 -0.8480405 0 0.5299315
6 19 0.006442892 0.1657338 0.08135945 0.03887495 0.07919046 -0.5582472 0.2249971 0.798584 -0.819599 0 -0.5729377
6 9 0.004088962 0.0956779 0.04835131 0.04273674 0.08456776 0.5576846 0.3223775 0.7648926 -0.8080325 0 0.589138
6 8 0 0 0 0.03397751 0.004241588 -0.03431653 0.01693172 0.9992676 -0.9994109 0 -0.03432145
6 7 0.001081469 0.02626799 0.07031833 0.0411706 0.01537962 -0.236237 0.833621 0.4992675 -0.9039186 0 -0.4277045
6 18 0 0 0 0.03397751 0.01216605 -0.03431653 0.01693172 0.9992676 -0.9994109 0 -0.03432145
16 15 0.0259367 0.4396877 0.607166 0.05898891 0.04271764 0.1314364 0.7688846 0.6257324 -0.9786432 0 0.205566
16 17 0 0 0 0.09479269 0.05202247 0.4227867 0.09136975 0.9016113 -0.9053986 0 0.4245626
16 19 0.01685788 0.3067436 0.1991708 0.05495758 0.08464035 -0.4112755 0.7667348 0.49292 -0.7678313 0 -0.6406521
16 9 0.01689776 0.275407 0.2744438 0.06135562 0.06157095 0.2011689 0.8247125 0.5285645 -0.9345988 0 0.3557035
16 8 0 0 0 0.107055 0.004241588 -0.03431653 0.01693172 0.9992676 -0.9994109 0 -0.03432145
16 7 0.001072576 0.01905801 0.07639383 0.05627951 0.01404008 -0.441782 0.731206 0.5197754 -0.761959 0 -0.6476254
16 18 0 0 0 0.1098529 0.01276462 -0.163272 0.004171492 0.9865723 -0.9865808 0 -0.1632735
15 17 0.008156097 0.1596551 0.2315135 0.05108573 0.03522946 0.3723862 0.7584178 0.5349121 -0.8207085 0 0.5713472
15 19 0.02064322 0.5218014 0.2282946 0.03956144 0.09042358 -0.442592 0.3594379 0.8215332 -0.8803691 0 -0.4742892
15 9 0.01836121 0.320614 0.3309781 0.0572689 0.05547561 0.2536518 0.8860947 0.3879395 -0.8369705 0 0.547248
15 8 0 0 0 0.05759052 0.004241588 -0.03431653 0.01693172 0.9992676 -0.9994109 0 -0.03432145
15 7 0 0 0 0.05759052 0.06554858 -0.03431653 0.01693172 0.9992676 -0.9994109 0 -0.03432145
15 18 0 0 0 0.05759052 0.01216605 -0.03431653 0.01693172 0.9992676 -0.9994109 0 -0.03432145
17 19 0.01721153 0.4281142 0.1051398 0.04020313 0.1637014 0.2757838 0.8589764 0.4313965 -0.8425462 0 0.5386242
17 9 0.005145394 0.1215554 0.09275056 0.0423296 0.05547561 0.2536518 0.8860947 0.3879395 -0.8369705 0 0.547248
17 8 0 0 0 0.05809387 0.004241588 -0.03431653 0.01693172 0.9992676 -0.9994109 0 -0.03432145
17 7 0.0004340306 0.01688015 0.01548737 0.02571249 0.02802481 0.1616692 0.6826405 0.7126465 -0.9752203 0 0.221236
17 18 0 0 0 0.05809387 0.01216605 -0.03431653 0.01693172 0.9992676 -0.9994109 0 -0.03432145
19 9 0.0143625 0.0990334 0.2312356 0.1450268 0.06211196 0.148221 0.9654982 0.2141114 -0.82221 0 0.5691842
19 8 6.088002E-05 0.000534559 0.02215219 0.1138883 0.002748262 -0.6026266 0.2402934 -0.7609863 0.7839561 0 -0.6208163
19 7 0 0 0 0.130163 0.06024796 0.1193396 0.1608564 0.9797363 -0.992663 0 0.1209141
19 18 0 0 0 0.09436436 0.01348875 -0.2801453 0.02150143 0.9597168 -0.9599388 0 -0.28021
9 8 0 0 0 0.1113737 0.004241588 -0.03431653 0.01693172 0.9992676 -0.9994109 0 -0.03432145
9 7 8.047416E-06 0.000120115 0.0002145387 0.06699758 0.03751033 0.2203551 0.9683841 0.1169433 -0.4687791 0 0.8833154
9 18 0 0 0 0.1113737 0.01216605 -0.03431653 0.01693172 0.9992676 -0.9994109 0 -0.03432145
8 7 0 0 0 0.004241588 0.06554858 -0.03431653 0.01693172 0.9992676 -0.9994109 0 -0.03432145
8 18 0 0 0 0.004241588 0.01216605 -0.03431653 0.01693172 0.9992676 -0.9994109 0 -0.03432145
7 18 0 0 0 0.06407196 0.01276462 -0.163272 0.004171492 0.9865723 -0.9865808 0 -0.1632735
